799040897895792640
799041428760461316
799043832780308480
799043995967963137
799045010645807108
799045523583877120
799045827662639104
799048011036950528
799049504192335874
799051053903659008
799051080948662280
799054450417614848
799057624901844992
799057785036140544
799060577045856256
799065795884105736
799069550369193987
799071515232915456
799084649200910338
799099748531785729
799107418428993536
799107453917024256
799107500117282816
799108224037298176
799112882759811072
799114848466534400
799118881109512192
799118919990657024
799120473304997888
799122707216474112
799122759355727872
799122949747970048
799123467115331584
799129948762112000
799131026027069442
799131125713108992
799131745425571840
799133269673394176
799137557732872192
799138676861259776
799139451884765184
799140455040557056
799141013419937792
799143609010388992
799143911910502401
799145050357821440
799145164736524288
799147064835719168
799147624993464320
799147711819878400
799148211961233408
799148806860341248
799148902561656832
799149186402938880
799149390137065472
799149743779774464
799149924524900352
799150094234828800
799150601997340672
799150606212562944
799151127761711104
799151278785970176
799152059161448448
799152252116148224
799152516265050112
799152571919298560
799153630075088896
799153744738979840
799154546018762753
799154773983461376
799155381817774080
799155496586543104
799156399762788352
799158084694396928
799158525427613696
799158549653884929
799158676611354624
799158752691757057
799159035953958913
799159257463738368
799160099776397312
799160150720385024
799160399283286016
799160911407812608
799161495728902144
799161598480879616
799161856220925952
799161927515504640
799162337575976960
799162489325940737
799163643007004672
799164469947416577
799166397364441088
799166520769138688
799166604126851072
799167540794535937
799167703336517632
799167754246815744
799168408063537152
799169397021614080
799170002548965376
799170504510885888
799170654302044160
799171493078896640
799171849305358336
799172285865357312
799172744525049856
799173658363228160
799174881648799744
799175250462314496
799175517496889344
799175587336220672
799176596812873728
799176802010800128
799177309056024576
799177550635401216
799177654041714688
799178947338481664
799179522218168320
799180057109331971
799180155663118336
799180161312636929
799180403462393857
799180818304421888
799182140365750272
799182371211870208
799183232193490944
799183569411309568
799183584636583936
799183948555370496
799184111508262912
799184412210561024
799184849122762752
799185328116563968
799185888836259840
799185987108646912
799186508049711105
799186591944241152
799186674915938304
799188337894498304
799188692522987520
799189094836436992
799190350329942016
799190453782388736
799190566076612608
799190606115471368
799191316446015488
799191445420867584
799191556817297409
799192384038793216
799193841882439681
799193968344965120
799194122716225536
799194411347406848
799194772447502336
799195397621161984
799196620562763776
799197486707404800
799198998045270016
799200254843387904
799200531122008064
799201925304565760
799202100299362304
799202146185080832
799202201864380416
799202301235888128
799202464599863300
799202536821506048
799203433886715906
799203498395111424
799204285074604032
799204782602784768
799205179132297216
799205352185204736
799205448905691136
799205465477566464
799205473819959296
799205481810132992
799205593554636800
799205874174722048
799206021814165504
799207154376851456
799207573484277761
799207877810339841
799207985142755328
799208286914428928
799208302122934272
799208615106187264
799209458429673473
799209510267219968
799210097368932352
799211384856788992
799211698028679168
799212555034132480
799213167784050688
799213365772029952
799213883714048000
799214149058301952
799214368122552320
799214383150706688
799214407574175745
799215156496568320
799215534155984896
799216556307689472
799216557872201730
799216745919746048
799216786121949184
799217424897753088
799217453301538816
799218051853881344
799220547728986112
799221709614252032
799221846071771136
799224343939219456
799224357457260544
799224404253274112
799224527242854400
799224815949201408
799225814525034496
799226301290684417
799226928523841536
799228596514680832
799228848004952064
799229266764398593
799230979042902016
799231279409471488
799231909637197824
799231962464612352
799231888485400577
799232039593488384
799232107222437888
799232211866161153
799232268627800064
799232298407239682
799232415902273536
799232811743854593
799232997505413120
799233223385415680
799233332231999488
799233707877896192
799233756712214528
799234534298501121
799235068157919232
799235126286843904
799235648704118784
799235874219114497
799235874101882880
799236533073035264
799236637603545088
799236794567032832
799236844143710208
799237376853835777
799237981349548032
799238429297020928
799238975567331328
799239231877029892
799239690780020736
799239785298661376
799239830051897344
799240072193142788
799240624134389760
799240838639472640
799241340521422848
799242308168327168
799243129933041665
799243737356374016
799243783376207872
799244910654128128
799244932611346432
799245132654592000
799245775448526849
799245776845160448
799245892222144512
799246430095470592
799246483098697728
799246573301428225
799248280836247552
799248680293400576
799250748433252352
799250831836999680
799250947998257152
799251013236625408
799251787144273921
799251873945489408
799251873039523841
799252143052124160
799252303991730177
799252531373338624
799253018638221313
799253509132656640
799253791602262016
799253967259594752
799254033835982848
799254050407587840
799254176115068929
799254466692345860
799254534430322688
799254880498151424
799254943332990977
799255104541126656
799255352382550021
799255486336040960
799257385441382400
799259078547668992
799259269531058176
799259281229021185
799260209960992772
799260990353207296
799261059831840769
799261199917400066
799261276245348352
799261339231264768
799261608304226304
799262147071119360
799263581535604736
799264111389380608
799264182730420224
799264548695879681
799265448491622400
799265846170447872
799266244553674752
799266337193394176
799267309864878085
799267388076204032
799267589755142144
799267651398684672
799268243399700480
799268341252755456
799268476447821824
799268765363937280
799269648910794753
799269807292088320
799269948472303616
799270258783621120
799271816887877632
799274568007483393
799274856391016448
799275720484802560
799276867605803009
799277021431996416
799277097034227712
799277308683124736
799277382347661312
799278001720623106
799278176736256000
799279183268548609
799279728406528000
799280946608381952
799281220051836928
799282011798114304
799282196997500929
799282430960168961
799282488979795968
799282868211941377
799283073347158016
799283435823046656
799283435936174080
799283673019412480
799283716132638720
799283858545881088
799285042006683648
799285584074149888
799285828853764096
799286174904827904
799287123148800000
799287268087214080
799287314555891712
799287510895575040
799288317749628929
799288407058956289
799289367151812608
799290689435668480
799290784981749760
799291499376742400
799291525704413184
799291998457004032
799292220725661696
799292327629963264
799292486988414976
799292900831989761
799292901310296064
799293009124855808
799293592762281984
799293757753532416
799293855384408064
799293951719018496
799294536849784832
799295220533727232
799295662915514368
799295876048916480
799296044756516864
799296245596467200
799297094330814464
799298984472780800
799299180510461952
799300541855727616
799300658985836544
799300795963473920
799301173438246913
799301257777254404
799302744477605888
799303934187859968
799304532333187072
799305093946478592
799305346317565952
799306173375778816
799307455872270336
799307503330656258
799307862786920448
799308288890286081
799308773470965765
799309121145151489
799309849993605121
799310370125074436
799311034657947648
799311146385870850
799311231693783040
799311394910838784
799312172958490625
799312404173754368
799312939723452416
799313717041238017
799313906003046404
799314707005902849
799314993183395840
799315126117482497
799315365222383616
799316583374094336
799316777461125121
799317214113341440
799317274381275138
799317945717497856
799319529260281858
799320974319611904
799321844323119104
799321913482805248
799322360167862272
799322643371413504
799323004895461376
799324348406321153
799324649964376064
799325220171608064
799326245750263808
799326448448204800
799326520770580480
799326791491932160
799327223304036352
799327560173686784
799327724716392448
799327884083019776
799327960411017216
799327997178351617
799328316104683520
799328800140050433
799328969006821377
799329825257377792
799330350371512321
799330844997545984
799331026220695553
799331410662277120
799332669263728640
799333495189475329
799333852254793729
799334452958593024
799334712632283136
799334937551847424
799335055529279488
799336002666037248
799336719921410048
799337473100824576
799337574062026752
799338201634770944
799338284501516288
799338403707949056
799338454932946944
799338632645484544
799339710200082432
799340139440812032
799341023897874433
799341342702772224
799342207362863104
799342739095748608
799344798666735617
799345322136862720
799345387043753984
799345661892247552
799345974913044480
799346042458308609
799346071399002112
799346292241481728
799346452866666496
799346555077545984
799346750444208128
799346783092547584
799347071065018369
799347592198950912
799347893530398721
799348257646227456
799348386356928512
799348411283767296
799348568188293120
799348634114490368
799349328544415745
799349647307198464
799349659026100225
799349887057936384
799350065840033793
799351062469689346
799351654512492544
799351929960861696
799352195204415488
799352372459929600
799353034035720192
799353282099552256
799353345177751552
799353860762533888
799354412489646080
799354544937320448
799355321307303937
799356152211509248
799356441643614208
799356635927842816
799356910969491456
799356989453123584
799364989349806080
799365309383573504
799365840273633280
799366147334402054
799366519524327428
799366856804970496
799367093422592000
799367780449456128
799368372983132160
799368771400069120
799371368546627585
799371539837632512
799371559253266436
799371655160033280
799372892056195073
799373331623354369
799373411956891648
799374410545332224
799375619217850368
799375620060782592
799375731612532737
799376033153589250
799377158531678210
799377449838673920
799378365790597120
799380071672872960
799380081177001984
799380341265940482
799383318731046912
799383879673069568
799384212918988800
799384244925566976
799384783365115904
799386643924914177
799386734450659330
799388323559120896
799391001982935041
799392095391739904
799392300057042944
799392723291738112
799392761786941441
799396462433947648
799396653933346816
799396791753981952
799397475844902912
799397833015107584
799401636061999104
