812447704311885829
812447799291904001
812447833420873728
812447881483481089
812447915436343296
812447934969245697
812448399282802688
812449035412008962
812449056211529730
812453171763277825
812454386731454465
812455096323817472
812458134811922432
812461804353941504
812462804787662848
812470127589552128
812471377181736961
812473730173546496
812477902856056836
812488885066469376
812490049153630209
812490539685838849
812493001062830080
812494399141773312
812495263734566912
812495505381003264
812495949675331584
812505932101881856
812506116579946496
812506359413387264
812506865502326784
812507249973178369
812507524880429056
812507687627784192
812508100850778112
812508666389630977
812508981973295104
812510179132440576
812510483538329600
812512760021925888
812518362785939456
812521884080369664
812521934244216833
812521982520684544
812522028343377920
812522071528013824
812522123877040128
812522180655321088
812523203344142336
812523219496353792
812526565795897345
812529891967115264
812537475688079360
812537551911321601
812537612409991169
812538049384955904
812538299084668929
812542956154580993
812550023426801665
812550277479993344
812550454907379712
812550565431574528
812553401422774272
812555762555879424
812556947715227648
812557071803678720
812559520442548224
812559960936742912
812564241681149952
812565185152032768
812567062254157825
812568460148535300
812568507430948864
812569227282350080
812569569499848704
812570332250996736
812571150492532736
812571574192766976
812571794343428096
812572845276614656
812573467333840896
812573982448881664
812574002245996544
812574243556716544
812575502128979968
812576070956412928
812576484468596738
812578106372288512
812578436468195328
812578836135153664
812578839201255424
812579753530159104
812581358187016192
812581372699283456
812581422523383808
812581895988920320
812582076859846656
812582308335198208
812583598004047872
812584419454320640
812584753836806144
812585355379699712
812586829799010304
812587220053950465
812587546513469440
812588442324439040
812589744177618944
812590255370944512
812590375927943168
812590377844740096
812590644585762816
812590763863375872
812590953617903616
812591283881517056
812591896518336512
812592032728436736
812593291631927296
812593893086822401
812594468616630273
812595735216713728
812596414022881283
812597158369169408
812597232688054272
812597372010328064
812597559386578944
812597712130600960
812597717226635264
812597824684781569
812597982088593408
812598697708179456
812599537802117120
812599743033602048
812601012590612480
812601457224597504
812601667619344388
812601871265210369
812602048009170944
812602193819947008
812602443888558080
812604809547284480
812607449609998336
812609534778863617
812610041509462016
812610160778690560
812610874582192128
812611756145176576
812611821693796352
812611852706414592
812611886487400448
812613571800682496
812613798871920643
812614273578962944
812615019154309125
812615626522902529
812615888604188674
812616033106280448
812616533377630208
812616543645343744
812616705671360512
812616722377220096
812617600563810304
812618190228426752
812619379422752770
812619908378935296
812620091066032128
812620868945743872
812621083190984704
812621130515316737
812621424124903424
812621430785511424
812621653075263489
812623824424435712
812623909363322880
812624142772174852
812624764871254016
812624814540259328
812625130706894848
812626304499613696
812627292728000512
812627356208730112
812627360847695872
812628202610950144
812628613271011328
812628900383752193
812629718767910912
812629910464397312
812630268477665280
812630636141785088
812630706039885828
812631473744449537
812632129964298241
812632387507068928
812632690725888000
812633296593154049
812633641696239616
812633699443425280
812633788559847424
812633797363519489
812636581152641024
812637816710524932
812638907124752384
812639715488841728
812639715488841728
812640454780993536
812640851067281409
812640856154980352
812641181364588544
812641735809433609
812641983667781632
812643608029515776
812643999467139072
812644250924023810
812645199692169216
812645414398619648
812645726396133376
812646132878835712
812646340840726528
812648129749254144
812649041733582848
812649333120241664
812649691619934208
812651010518818816
812651565009997824
812652145359126528
812652619474694144
812653457371000833
812654655977246720
812654852476178432
812655203187118082
812656118619131904
812656538456387584
812657446175047680
812657669764972544
812657838069661697
812658008413143040
812658218640015360
812658600258605056
812659098974089216
812660138494611457
812661104472158208
812661407556784136
812661678974373889
812661859782430720
812662156500041728
812664856713248768
812665849383415808
812665918593634304
812666170952339456
812666218247286784
812666389026590720
812666394072453120
812666867546365952
812667316525744128
812667798782623744
812668010498387972
812668172054560768
812668321896153088
812668383418261504
812668552368898048
812668750474383360
812668802328629248
812669008063463424
812669221725409282
812669692821250048
812671804145827841
812672232984023040
812672361069744128
812672365591166976
812673336396443648
812674196321030144
812675387595587585
812677115493564420
812677931591987200
812678112752320512
812678327618142208
812678551027654662
812678776597442560
812679925069127680
812680100554637312
812680564595638272
812681298699493376
812681661519380481
812681824006787072
812682141142237185
812682171093749760
812682690872934400
812682938341068800
812683354520752128
812683493205536768
812684224075624448
812684923412869120
812684956338126848
812684982573469696
812684984414851072
812685007886094336
812685117764333568
812686061604323328
812686176423387136
812686209235435520
812686235294498817
812686377141829632
812686647544475654
812686670483095553
812686763311452160
812686790058450945
812686804184768512
812686816998555649
812687088609005573
812687578407305218
812688238221598720
812688246975164416
812688280772866052
812688504606126082
812688581189914624
812688594347446272
812688884433846272
812688974905016324
812688980387004417
812689015539433472
812689297799282688
812690045631102977
812690543864152064
812693038581415936
812693386092154880
812693545572298752
812693614669234176
812693714397184000
812694834892967936
812694906628083713
812695140888379392
812695315253837824
812695470355214338
812695927014178816
812696836582408193
812696956858343424
812697317191090176
812697491619610625
812697548653817856
812697732309778432
812697928951156736
812698482276438016
812699057638543360
812699204493725696
812699666424926208
812700190150918145
812700479654334464
812700789500215296
812701195152326657
812701551869370368
812701601068707841
812701814520971264
812703709448781824
812703811001270272
812704086730608640
812704259896553472
812704394194128897
812704553250525184
812706010544607233
812706076802084864
812707063373721600
812707128947326976
812707209335504897
812707266029879297
812707733879291905
812707958324948993
812707959960584192
812707995436126209
812708639995756544
812708801228980224
812709738966290432
812711725137010689
812712131753807872
812712320573046784
812712410347761664
812712828733943808
812712860371550208
812712956832153600
812712990655049728
812713196683460608
812714117924618240
812714438608506880
812714690124087296
812714941559881728
812715251837714432
812715882778677249
812715935907856384
812716081060184064
812716514772209664
812716710851645440
812716849423142912
812717126867943424
812717284993007616
812717589096898560
812717782412443649
812718130728488961
812718349167841281
812718686570221568
812719258979471364
812719340990525440
812719435811344384
812719493331947521
812719521807167488
812720105075441664
812720685990617088
812720762687815680
812720774012432384
812720906804088832
812720965348159490
812721038521991168
812721099129716736
812721351823794177
812722156278861824
812722512291368961
812722520642244608
812722697536798720
812722788838604800
812722791602601985
812723391425822721
812723807135944704
812723854875496448
812724007657209858
812724734232330243
812724743820505088
812724974112935937
812725016014057472
812725565555884033
812725610980265985
812726150803943424
812726205745102848
812726925282148353
812726931359760385
812727388056551424
812727432390340608
812727803653324800
812727803653324800
812728192054284288
812728308865634304
812728497101828096
812728508715778048
812728525090385920
812729107326922752
812729131335090176
812729135084740610
812729154932248576
812729199463112705
812730144276103168
812730345552539652
812730746142097408
812730749749264384
812731095720595456
812731281486139392
812731789647249409
812731992399745024
812732239800717312
812732334994694145
812732427940626432
812732471259238400
812732774297772032
812733282714427392
812733531017408513
812733684327518208
812734592616693760
812734843868053504
812735310710894592
812735765234843648
812736213069299713
812736494922252289
812736524315832321
812736593278730240
812737029872218112
812737212282380288
812737573390938112
812738494435127298
812739120141369345
812739317433008129
812739427399127040
812739694517743617
812740583676592128
812740588617482241
812740691986104321
812741434247905281
812741721322881025
812741738246918144
812741748837318656
812742572233945088
812742723396636673
812742862186102784
812743190457516032
812743244929003520
812743279087218688
812743322011897856
812743799491399680
812744610829234177
812744714482876417
812745715961184256
812746033625235457
812746041229393920
812746092974587904
812746175430492160
812746498651881472
812747432736018433
812747979983646720
812748749801799680
812748818194333697
812748946112061440
812749221661011969
812749547281580032
812749691611938817
812749691611938817
812749854069977088
812750038598303745
812750050564706305
812750575423078400
812750711213740032
812751302249816064
812751380607803392
812751703594401792
812751950118785024
812752170797789184
812752291392589824
812752544447524864
812752603746594816
812753298725797889
812753675659739136
812753774653546496
812753807427899392
812754112832016388
812755477083852800
812756363998674944
812756744933965826
812757580489588736
812757873159794688
812758305957416961
812760428707217408
812760655082192901
812760743955353602
812761792791384064
812762059288911872
812762844823425024
812762870710734850
812763688482598912
812764180898050048
812764795506147329
812765272020959232
812765496357621760
812765580566482944
812765871563304960
812766255107211265
812766725167083520
812767448332058625
812767553227341825
812768050445512704
812768880900866048
812768964749197312
812768969270693888
812770144678268928
812770171958022144
812770284356845568
812770451508314113
812770650146410496
812770851082948608
812771135200886784
812771701071040512
812771741516910593
812773289747738624
812773570900324352
812773640257335296
812774865123962880
812775115750539264
812775763812478980
812775784758833152
812776549971886082
812777127623806976
812777134028533760
812777666726203392
812777677677543424
812778059275321344
812778865068244992
812779093120778240
812779453348794368
812779705296449536
812779893893267456
812782520861413376
812782593838088192
812783248778690560
812783401405218816
812784972155088896
812785576524922880
812786127111421952
812786170157563906
812786482062573568
812786936117018624
812787036470050817
812788523761881089
812788761830559744
812788877576511488
812789494596378624
812789538334642177
812789701375561728
812790046508007424
812791464379944960
812792792044871680
812793561682944000
812794071194501123
812794694874857472
812794994025230337
812797130762878976
812797564919676928
812798750741696512
812798787525738496
812799212232593408
812801326384054272
812801538888450049
812802176426840065
812802543193559040
812802966763737088
812803010577465344
812803752566673408
812806327311486976
812807082701443074
812808704127016960
812809369972801536
