808461440017399809
808463103600037888
808476539088240641
808480862480297984
808491636447707136
808506735782719488
808511589099982848
808513288808099840
808513596888150016
808521836329893888
808536933966217216
808539224882421763
808539919794769920
808540724622934016
808541550699495424
808542040170627072
808542440965767170
808543085407989760
808543316983906304
808545317008318464
808547495882227712
808548754907418624
808549361659576321
808549521139568640
808549525619097600
808550998197276676
808551378473943041
808551539660955648
808552034588913664
808553821118939136
808557990341181440
808560171073015808
808561030964056067
808563430064082944
808564899928543237
808566183515615232
808567132296454146
808567870078722048
808568420140720128
808568640803115008
808568766221217792
808569258552725504
808569892945481728
808569961018957824
808570795991572484
808572282763378688
808572284520820736
808572805734428676
808573232928407552
808574156107350016
808574239603200004
808574917751013376
808575146306965504
808575613187538944
808578467289763840
808578468409708545
808578984707559424
808581983525806080
808582235892944896
808582260152737792
808582746297618432
808583654519738368
808584489832091648
808584828086059008
808584941999161344
808585325580845056
808585461203697664
808586445489324032
808587966796812289
808588360268673024
808588552988565504
808588750687244288
808589107966263296
808589202761912320
808590465981366273
808590653533863936
808591164265865216
808591207043657728
808591244662284288
808591283606458368
808591394570911745
808591780358844416
808591801128992769
808593323019608064
808593577169317889
808595042474586112
808595716495044608
808596304813133824
808596747589033984
808597007803650052
808597329888559105
808597331570491392
808597405725839360
808597481709826048
808598396110073856
808598735559294978
808599142054449153
808599460213207040
808599994446053376
808600825899585544
808600956187410432
808601170084319233
808601373373857792
808601425773113344
808601461324128256
808604613687525376
808604858773360640
808604858928533504
808604895846760448
808605172402425856
808605398580269056
808606138916864000
808606625305165824
808608643830743040
808608860260929536
808609195889164288
808609201513709572
808609454224801792
808610176118956032
808610183840665600
808610449214373888
808611484750282752
808611609367019520
808611641885503488
808612393685282816
808612434302926848
808612468411039744
808613095526584320
808613240943087617
808613591473594368
808613808029564928
808615072595460097
808615483352219652
808616213240745984
808618631009599488
808619351867854848
808620021345755137
808620213000343552
808623307146821632
808623344601939969
808623429930938369
808623860610465793
808624006383501312
808624147542802432
808624481367367680
808624747491643392
808625803588173824
808625825067204608
808626268522639360
808626570671726596
808626976412041216
808627532597776384
808628908065165312
808629224403767296
808630763738501120
808631009885437952
808631506734301185
808631829679013888
808632376406392832
808632744284749824
808632838891470848
808634843756118016
808635421961949184
808635443554164736
808635880793509888
808636967449542656
808637215894970368
808637608565870592
808638347434409984
808638749823344641
808640063542161408
808640536563236864
808641375537364992
808642633501442048
808643070308843524
808643111614300160
808643282469355522
808644113264414721
808644241790529536
808644259209482240
808644990083670016
808646590114201600
808646772981579777
808647160149331968
808648820947034112
808650050649739264
808650465315524609
808650512631468032
808650716457947136
808650814709530625
808650815384731648
808651181371310082
808653240782950400
808653973498589185
808654222950535169
808654268223946752
808655101808308224
808655968217296896
808656256022052866
808657729049001984
808658221510623233
808658869434122240
808659133369110528
808659651872976896
808660728668266496
808661702095020033
808662306158772229
808662357769670656
808663364587008001
808666868680519681
808668169002881025
808669624933810176
808671321597083649
808672827960332288
808673241468375040
808673836216516608
808674218435026949
808675067978809344
808676700171227137
808676759763828736
808677225298071552
808677244080160768
808678039924019205
808678260175290369
808678336696303616
808678790503301120
808679617032663040
808679678135431168
808683243771953153
808685147835035648
808685563125452800
808686761064927232
808687932068524032
808688332179849217
808689008549236736
808689164539592704
808691264484966401
808691718967193602
808691727544569856
808691735446568960
808691927004708865
808692601796882433
808692622390861824
808692860153253888
808693675865899008
808693936415997952
808694450029547520
808694859540238337
808695617056669696
808696251512397824
808696486007623680
808696505636888581
808699032579227648
808699182240382976
808699824665149441
808700497142185988
808700789971623936
808700849132343297
808700893956886528
808700952152784896
808703030996717568
808703481569746946
808703966741725185
808704708940546048
808704977543790594
808705769164144643
808706237084958721
808706499669323776
808707077455671297
808707796619378688
808708716002508800
808708725229830144
808711088665755649
808711413644558338
808713656552845312
808713899432353792
808714417177235456
808714433170198528
808714525021245441
808715354872643585
808716013172834304
808716285584543744
808716376844206080
808716430535512065
808716447149125632
808716520020996096
808716544834498560
808716725952909312
808717146545127425
808717422496772097
808718131157991425
808718227278807041
808718637246926848
808719629308796929
808719656617934852
808720210769416193
808720267568709632
808720382740013056
808720429678366720
808721244082372608
808721294963441664
808722617154805760
808722626348806145
808723052124979200
808723119229833216
808723390722961409
808723929573584896
808724307388067840
808724537412091905
808725685460205568
808726435431149569
808727405309345793
808728041685979136
808728119905550336
808729031285809154
808729820314161156
808731115443863552
808731195404062721
808731298852433920
808731666453823488
808732244626042881
808732831690162176
808732862879068160
808733201829076996
808733230543339522
808733839778521088
808733894254202881
808734059568517120
808734364804608000
808735653152378881
808735939979804672
808736147337789442
808736445456326658
808736754354290688
808736755805470720
808736766001811456
808736997003161604
808737154453139456
808739108021530624
808739771774369792
808740527562756097
808740725504483328
808740795599781888
808741869261881345
808741885531529218
808743726927511552
808744072206807040
808744250649247751
808744392370569216
808744572310458368
808744655181533186
808744954134597632
808745195105845252
808746191743840257
808746218654498816
808746951382618112
808747536999714816
808747761789206529
808747930261688321
808748329366589441
808748335771295744
808748593565888512
808748593075159040
808749363920924673
808750515358236672
808751208533991424
808751428613341184
808751995519700992
808752293113921536
808753332948967425
808753660167671813
808753700617461761
808755187540226049
808757525394915329
808758570934222848
808761466400739328
808762455346155520
808763428303151105
808763835867860993
808763852443754496
808763874069463040
808765686726217728
808765853076430853
808766120853467141
808766228546326528
808766272142004224
808766655383928832
808766696383279108
808767352942661632
808767525936893953
808768207766990849
808768354584555521
808768669446733826
808770179366670336
808770320886702080
808771251707645952
808771743053660160
808772181366833156
808772413374758912
808772485609037824
808772690148466688
808772745433665539
808772974945898496
808773281675354113
808773491210260485
808773693241430016
808774088206401536
808774685190017024
808777171779092487
808778295877582848
808778527101386753
808778779375960064
808779453555818496
808779812038844416
808780057741234177
808780107145875456
808780265191575552
808780297139458048
808780525221474305
808780914926858240
808782163793547264
808782315124064256
808783252706033664
808785131154456576
808786323591090176
808787587351584768
808787805170233353
808789592157601793
808792049424007168
808793627312979968
808793858775674880
808795185555664896
808795645490458624
808799596642258945
808799795410145280
808801194529460224
808804078109257728
808804298725400577
808804970896179200
808805396546625536
808807249405681666
808808726044037123
808808834357690369
808809120648327168
808809563675729920
808818716330835968
808820200741208064
