792516374673358848
792517359709847553
792518405513441280
792520568121663488
792523978417975296
792525101237346304
792525435854786567
792528425839841280
792529938444390405
792530730907762688
792537345241133056
792540377215602688
792540572703608832
792544191414808576
792546568733859840
792548317485932544
792549763455516674
792552395310071808
792552619566923777
792554251788640256
792557854691618820
792561669893394432
792575255571263488
792576767798218757
792577905612038144
792579370779115520
792579916881600512
792580688054743040
792585347871932416
792588114728480768
792588349563342848
792589116504276992
792591870358646784
792592957245390848
792596172200222720
792600688769372160
792600713574703104
792604650050498560
792605233226579968
792606966422069248
792608759843434496
792609650814230528
792609981292023808
792610020471037952
792618150776930304
792618397209137152
792622069385224192
792623708489838592
792625728655327232
792625734498054144
792625875166564352
792626609312374785
792626628719292417
792626796944617472
792627211736059904
792627912839049216
792627954899492864
792628191022215168
792628253932544000
792628832243187712
792628929530060800
792629607727898625
792630290443341824
792630379891003392
792630931131604992
792630980582510592
792631614132084736
792631945909776384
792632957110476800
792633744624525312
792634725169033216
792635102127804416
792636424885600256
792636480116129792
792636620444995584
792636972917518336
792637167831027712
792637224605118469
792637266074230784
792637307778166784
792637597516455936
792637940799246336
792638235390439424
792638384091066373
792638427078488065
792639306145861632
792642512494157824
792642533289406464
792642853679792128
792644130920955908
792644419543568384
792644736997875712
792644957865664512
792645222228459520
792645568669552640
792646084615086080
792646565781463040
792647345573879808
792648397182369792
792648814066827264
792649204762050560
792649603413905408
792649892342722560
792649907769380864
792650205942472704
792650318093946880
792650366693277696
792650517168197632
792651658081763328
792652239290699776
792652270571839488
792652794624782336
792654051817222146
792654285708419073
792654320550326272
792655265606664192
792655796240846848
792655850003369984
792656939713003520
792657164699566081
792657298283978752
792657342378733568
792658459925868544
792660358095736832
792661527295827968
792662294316584960
792662704838160384
792662723490373632
792662731149107200
792663545662013440
792663711160889345
792663717188075520
792664063293751296
792664257963909120
792664737565683712
792666190556430336
792666947670405121
792667225186598913
792667356682084353
792667366031327232
792667367251779584
792667551494877184
792668836436779016
792669043878658048
792669129299861504
792669293884346368
792669548508024832
792669868898283520
792669906856710144
792669957180035072
792670098389630976
792670381798727680
792670711483625472
792670774230384640
792670842635313155
792671396979732480
792671803432894464
792672977036926976
792672978064535552
792673514117533696
792673772830617600
792673928128917504
792674116809682944
792674347769073664
792674580842291200
792675269605781508
792675845034967040
792675908205285376
792676095866900480
792676629004840960
792676661468749824
792676961109680129
792677181768011780
792677196171182080
792677512820224004
792677760569315328
792677946276323328
792678643172577280
792679043435036672
792679060153532417
792679330732093440
792679429378048000
792679657560764416
792679706395017216
792679720068395008
792679867322105857
792680239633670144
792680375235608577
792680681151336448
792681083108257792
792681148308713472
792681351581491200
792681536738828289
792681783112392704
792682465596936193
792683098831978496
792683999651045376
792684103900495872
792684664712466432
792684924918718464
792685011837259776
792685029042315265
792685554190213120
792686521958666241
792686721901137920
792687263834632193
792688188041076737
792688377388752896
792688442115317760
792688689625362432
792689665858007040
792691481026957312
792691493844549636
792692226304376836
792692322509135872
792692428176228353
792692506291044352
792692529296773120
792692553577533440
792693019971506176
792693094357594112
792693667504988160
792694553497235456
792694907244797952
792695408250200064
792697407129681920
792697564655132672
792698225924767744
792699168556974080
792699328515170304
792699535546052608
792700148870766592
792700208786341888
792700809167314944
792700994345926656
792701295186567168
792702354550325248
792702589422952448
792702742833881089
792702920894607361
792703354363342850
792703716595998720
792704667058929665
792705584785088512
792705821473959936
792706024859963392
792706096590970881
792706420571537411
792706448895639552
792706835446919169
792706936361844736
792707527666503680
792708550623715328
792708818857762817
792708949824995328
792709020050128896
792709336250343425
792709984534532096
792710110028201984
792710251355185152
792710320636719105
792710622685167616
792712663340122112
792712688233218048
792713417106808832
792713715586039808
792713740659650560
792713952614572032
792714151881764865
792714611304923136
792714612353404929
792714800614834176
792714901315878913
792715247668846594
792715556893888514
792715812419272705
792716294365777920
792716774827495424
792716924174135298
792717081464692736
792717691861610496
792717722995929090
792717780516737024
792717866953011200
792717889484849152
792718291747864576
792718383321976832
792718641984835584
792719065219563520
792719896576688132
792720316485238785
792720364967227396
792720489386868736
792720702864551936
792720975087501313
792721118620684288
792721249860481024
792721271226327040
792721332915965953
792722300021854209
792722325300924417
792722717707497472
792722743804436480
792722762414432256
792722795901911040
792723135044915201
792723413081010177
792723940292567040
792723948664397828
792723964095193088
792724555462742016
792724603596574725
792724938285207552
792725419506020357
792725521218080768
792726120286289920
792726169145712640
792726343632949248
792726439070236672
792726630313656321
792726913852829696
792727187812220928
792727438551838724
792727765174935556
792728122533801984
792729602431090688
792730027980890114
792730045596958722
792730457196683265
792730504546160641
792731289375936512
792731287333249024
792731515398520832
792731992500670464
792732174965354496
792732177196785664
792732257198960640
792732369300164608
792732621348409344
792732810691751937
792732922365218816
792733151021838336
792734548769595392
792734656311463936
792734919613149184
792734978983469056
792735225730269190
792735410866622465
792735465677914150
792735851964801024
792735887251607552
792735977286565888
792736378157142016
792736685935226880
792736826205343744
792737071232417792
792737101699612673
792737575236698112
792737763846135812
792738752623968256
792739111048253440
792739466481766400
792739491442229248
792739737916284928
792740000001589252
792740163088633858
792740195074449408
792740494988103681
792740545835601920
792741057549172737
792741231860256768
792741442036916225
792741445862092800
792741502174818304
792741600535384064
792741643074109441
792741740667084800
792741803849940993
792742030053081088
792742278301376514
792742434589605888
792742749107658753
792742775431102464
792742880385400832
792742887918280705
792742891546353664
792743786975731712
792744554818596864
792745102926020608
792745414281793537
792746051820281856
792746653019242496
792746984474046464
792747053659160576
792747135611576320
792747298077995010
792747391447359492
792747506023137280
792747611681730560
792748238038245376
792748621657669640
792748799437471744
792748963971657729
792749090266288128
792749554022043649
792750010089762816
792751028307386368
792751439701573634
792751694375444480
792753289842393092
792753748217036802
792753767061913603
792753872532037632
792753994632495104
792754465568858113
792754743877644288
792754773933948928
792754870956728320
792755486571528193
792755555119038465
792756024700641280
792756707273342976
792757087470313472
792757961789673472
792758206992973824
792758434391289856
792759444245471232
792759613770895360
792759994974347265
792760313783390210
792760381974384642
792762385673191424
792762586555088896
792764646402957312
792765071168507904
792765362987294720
792765407543300096
792765446139289601
792765525751427073
792765537499484160
792765576951234561
792765609067053058
792766221653385216
792766222056161280
792766830519746561
792767467944804352
792767884514631680
792768221162201090
792768233778610177
792768367031705600
792768627384606720
792768729339850752
792769335181926400
792769727336554496
792770450665246720
792770663371120640
792770720044556288
792772089686077440
792772496013406208
792772553072865280
792773065205833728
792773227542085632
792773469758951424
792773749455990784
792773878086938624
792773951088889857
792774986356359172
792775151041601537
792776176964136960
792776437728092160
792776780553850884
792777013102870528
792777180782604288
792777269848584192
792777440573652993
792777557909331968
792777592927559680
792777598958907396
792777810913988608
792778319418781696
792779427474276352
792779684748595200
792780069034987521
792781407026290688
792781615781076992
792782420621791232
792782648099893249
792785258898984961
792785374305214465
792785408006492160
792786130869649409
792786151501422592
792786568129937408
792786713861120001
792786804898430977
792787101293039616
792788165106991104
792788476076945409
792788669752942592
792788891786936320
792789396957212672
792789691825291264
792790592380145664
792790969989132288
792792064916279297
792792321159028740
792792440189100033
792794569167376384
792794841562308609
792795072618168320
792795730838708224
792796163254747137
792796366770765824
792798421807534080
792798447065829376
792798531136421889
792798792412196864
792799271825342465
792800028335206401
792800059222097925
792800159784730624
792800165128118273
792800300163698688
792800595161874432
792801758695219200
792802369943773184
792802462629367808
792803264534380546
792803318796025861
792804252217475072
792804888052768768
792805854991056897
792807295474335745
792807450110025730
792807773666963457
792807774354833408
792808536443150336
792808589069021184
792808655393390593
792808731989770240
792809167383883776
792809444291776512
792809567570636800
792810242128183296
792810274889826305
792810572932911105
792811253274177536
792811393225363456
792811577196027908
792812027035127809
792812113840467968
792812141514461184
792812257952411648
792812439603675136
792812609959583744
792813938685702145
792814511610880004
792814934883201024
792815528062713856
792815646451048449
792815725824147456
792815752181145601
792815844225118212
792815959807553536
792816215412604928
792816651301482496
792816845006962688
792817498949320704
792817959307587584
792818319447298048
792818359486275584
792818734675202048
792818945644490752
792819173986492416
792819238432075776
792819422108844032
792822511264301056
792822537025626114
792822578939305984
792822950688727040
792823133053001729
792824227745398788
792824244258344961
792825233770180608
792825280717058048
792825444026441729
792826745875562497
792826890578956288
792827814315720704
792828641537294336
792829244334157824
792829272280993792
792829352958394368
792831063823351808
792831848397299713
792831996510736385
792833238356070400
792833460230651904
792834174029737985
792834719381544960
792835548620722181
792835921821495296
792836355390775296
792837909820743681
792842602282450944
792843193859600384
792843898255204356
792843931423825920
792844628202512384
792845051068022784
792846117406924800
792847016317648897
792847754632364032
792848570609172480
792849534254583809
792849788802887680
792850001324044288
792850496310697985
792850788712415233
792854543532957696
792855979499094017
792856164467965952
792857413032509444
792860451751104512
792861128065941505
792861204595245056
792861765361164289
792862265112395776
792862449028374528
792863661865959425
792864160350670848
792866099952058369
792867542339620865
792868280222351360
792869955192627200
792870622145683456
792872024402071553
792872374215569409
792878731928842240
