800126514750771200
800131031844032512
800131619977764865
800139120408465408
800141027843723264
800141576152301569
800141614308098048
800144447174389760
800145979211063296
800147403810611201
800156380778872832
800156714611965952
800157826056261633
800158980215476225
800160723229777921
800165598881792000
800171815930916864
800176090983628800
800176902052790272
800177580368220160
800180527680483328
800181035761684480
800181610444451840
800181730472644609
800182036518633472
800182055568949248
800186914141859840
800189104872787968
800196611422859264
800199835030798340
800200352695914496
800200474863337472
800200530035412992
800202012340158465
800202607260147712
800203974850682880
800205888732753921
800207088463003652
800207300103471104
800212292855992320
800212505570242560
800212606761902080
800212823167016960
800217112740564993
800222215769702400
800224018490081281
800224366780960768
800224511069192192
800225750448099328
800226332256784384
800226353723293697
800226420035158016
800226424506511361
800228511072079872
800230560383778816
800231257997131778
800232210997583872
800234285617836032
800235340627705856
800236659346313216
800237526657208320
800237957735129088
800239053476085762
800239495169867776
800240765288878080
800244348134846464
800247153977413632
800247314065408000
800247486464061440
800248491830149121
800249349489848320
800250355321696256
800251032638889984
800252451559534592
800252500368461824
800253289220730880
800253545912139777
800255669182099461
800256169352855552
800256471833395200
800257043571449856
800257584309510144
800257904368615424
800258646491820032
800260655190278144
800261086284918784
800261927280619521
800261967466283008
800262030431129600
800262080813268992
800262247343800324
800262298426347521
800262320572219392
800262411185836032
800262632275984384
800262877013680128
800263170044461056
800263561624756224
800263632940662784
800263784883290112
800263991104716800
800264085245988864
800264160793632768
800264300552015872
800264330235105280
800264339626147840
800265390219628545
800266034859147264
800266073874386944
800266449000333312
800266446555250689
800266794535555072
800266860147122176
800266994138263552
800267640618917888
800268254753062912
800268905147142144
800269331066011648
800269480295153664
800269974795329536
800270066340139009
800270292861919232
800270583392976896
800270667790696448
800271365387341824
800272143606910977
800272934040313856
800273342284500992
800273791830159361
800273812247826432
800273850751680512
800274115529584640
800275148565680128
800275325129084928
800275504293093376
800275504293093376
800276111074742272
800276421738274817
800276603779461120
800277373996437505
800277510357299200
800277902768140288
800278200991379456
800278764126994432
800278840710926337
800279619848937472
800280555237634048
800280813044518913
800281269724729344
800282300596391936
800282313938583552
800283131307659264
800283407129440257
800283493498556416
800283895468097537
800283940896514048
800284184443047936
800284403821776897
800284651390648324
800284821339734016
800285206330699776
800287582902886400
800287916530352128
800289867234037760
800290383628378112
800290854166556672
800292119390879745
800292609361145856
800293164166811648
800294682588651520
800295466542002176
800295567079383040
800295787183898624
800295949000183808
800295948865912832
800296032785436673
800296515822448640
800297116476252160
800297416578703360
800297661312049152
800297897308798976
800297954711977984
800297995627442176
800298662148640769
800298844621836289
800299118430023680
800299958444376066
800300146256809984
800300622461313025
800300963814920193
800301854865375233
800302207996305409
800302215646867456
800303418313216000
800304716567560192
800305185713102848
800306295907778566
800307092946984961
800307709899866112
800307927974223872
800308297853243392
800308343772282880
800308600912625664
800308938222792704
800309008733274113
800309017864269824
800310130176880640
800310794575548416
800311068811816960
800311155575046144
800311185925087233
800311258587287552
800312191245316096
800312649506582528
800313412467171328
800313653346045952
800313853900750848
800314026467192833
800314691323068416
800314933397360640
800316411990200320
800316817621258240
800317544204738560
800317724354195459
800318248994672640
800319926024146945
800320158652858372
800320221131182080
800320987732574208
800321738877771777
800322002137546752
800322277405589504
800322811814412288
800323247741042688
800324362855477248
800325447326150657
800325696455380992
800328384417042433
800328428176056321
800328688021618690
800329179745042433
800329349924790272
800329707807903744
800329893422702592
800329894941097985
800330048184209408
800330234969149448
800330522702598147
800330854945820672
800331411802636289
800331548671279104
800331658952118272
800331766988992514
800332379415904256
800332581174530048
800332734572986368
800332930270654464
800333803285684225
800333902724243456
800333975432679424
800335160319168513
800335349306142720
800335674943619073
800337252706635776
800337366464471040
800337789237608448
800337911568801792
800337934931165185
800337964719079424
800338102174830600
800338568992485376
800338592476307456
800338909527842816
800338936912482305
800339174268223488
800339626133057536
800340476129775616
800340917920165888
800342352250474496
800343122786078720
800343666791448577
800343892554117125
800344172171497473
800344291717615617
800344497444024324
800346053484670976
800346196262928385
800346926281588740
800347108519845889
800347576574812160
800347592756297728
800347862483800064
800347882087923713
800348443927527425
800348587951583232
800348742012510208
800349077422501888
800349274630475776
800349953876889600
800350624852377600
800351003530895360
800351105745989632
800351680508362752
800352238614941698
800352437093670912
800352581742493696
800352610448379905
800352724667789312
800353010920603649
800353212545069056
800353267758825473
800353309894639617
800353470364680192
800353474428997640
800353476744249344
800353478619103233
800353593614139392
800353748140728320
800353896547790848
800354030811750400
800355780750929924
800356046384615424
800356062880821249
800356506143248385
800357219925528576
800358508038340608
800359175645630464
800359945145155585
800360084056449024
800360473484881920
800360893632708609
800361613874368512
800362430031396864
800363521288577024
800364132025384960
800364195334262785
800365398377963520
800365524412723201
800366293408849920
800366379136335872
800367859721388032
800368110461034497
800369436016439296
800370033373442048
800370805578276864
800371520564580353
800371766828773376
800371806016258048
800371857534971904
800372424856530945
800373456034549760
800375855952211968
800376221821304832
800376524687941633
800376772693028869
800377770517794816
800377795520040960
800377849400037377
800378567293014016
800379231637270528
800379997617799169
800380027699347456
800380556240297984
800380711408640000
800380729267994624
800380872780382209
800381022076477440
800381370723766272
800381982236692480
800382359572881408
800382444071489538
800383210492334080
800384590309363713
800384676892282880
800384857683673088
800384920388411392
800385101632770048
800385384836431872
800385740022681600
800387206468628480
800387252924751872
800387518298353665
800387706685689857
800388871045398528
800389253813387264
800389300332490752
800389316732030976
800389373720199168
800389769586831360
800390382651482112
800391300780584960
800392698385600514
800393866948018176
800393880537595905
800393899315462144
800394721789153281
800394984222588928
800395104989171712
800395414318874625
800396470226718721
800397117848162304
800397427383488512
800398223705665536
800398307289923588
800398536336674816
800398686001860608
800399347854753792
800399542457946112
800399702155882496
800400056570572801
800400167606292480
800400475552092160
800400525401489418
800400708549885956
800400743664668672
800401791791742976
800402411869392896
800402601711980544
800402767277764609
800403037818916864
800403050116497408
800403365498753024
800403769447968769
800403794492166144
800403961916190720
800404990057660421
800405000069509120
800405031824392192
800405419680088065
800406319907897344
800406411431723008
800406413210107904
800406494181199873
800406632391999492
800406980598841344
800407956105859072
800408303159431172
800409733526077441
800409806611824640
800409969384456192
800410516313100288
800410889232863232
800411379060469760
800411648406257666
800411972508467201
800411990464282625
800412134073049088
800412367003799552
800412386444320769
800412810324963329
800412883930648576
800413189787754496
800413271429967872
800413406427811840
800413406310191105
800413916144816128
800414161889009664
800414417393426433
800414563816574978
800414907954888704
800415129380601857
800415200889344000
800415492645257216
800416066723872768
800416191521038336
800416393019543552
800416481934655489
800416884164333573
800416928544292864
800416968993972224
800416968897601540
800417291393499136
800417320069894144
800417386658676737
800417459341840384
800417792373747712
800418545100275712
800419247067398145
800419725612294144
800419981066256384
800420088084041729
800420394767241216
800420402128453632
800420561004412928
800420726889205761
800420866764914689
800420921328730112
800421053801660417
800421345851015168
800421367330045952
800421833526878208
800421879555223552
800422142932373504
800422581308391424
800423683411972096
800424202478043136
800424767048339461
800424887525502976
800425025165807616
800425156145397760
800425545632743424
800425558546886656
800426166364569601
800426221972623360
800427922381107201
800427951070134272
800428178288312320
800428505133518848
800428951445217280
800429288310747136
800429604527886336
800430455145242624
800431681379377153
800431842960687104
800432700385533952
800432886377652224
800433911058862080
800434346226118656
800434835097579520
800435192036986880
800435354662825985
800435464037494784
800436806726471680
800438329154146304
800440674067693568
800441271957549062
800442178912669697
800442523579772928
800443605265608704
800445548985782272
800445735921741824
800446212700635136
800446578376835072
800446765522522112
800447131001700352
800447133857902592
800447306923442176
800447937616580608
800448296909058048
800449217223241728
800449513932685312
800451951968354305
800453200289665024
800453925526716418
800454405682122752
800455817451290624
800455981314478081
800456454352338950
800457083321716736
800457344387661824
800457821577969664
800458704843743232
800459116875550721
800459250870972416
800459261998485506
800461400002834432
800462375879110656
800463878173794304
800465117473144833
800465528213172225
800468335892656128
800468852245221376
800469354244620288
800471012810883073
800472565621735424
800472578745835520
800473634796142593
800473805646888961
800476154385879040
800476191194955776
800478940364013568
800478949478309888
800479634345394176
800483114011291648
800485605901791232
800485772088451072
800485905521868800
800488008533188608
