793603536328294400
793607514172424197
793607598838784000
793608347081666562
793609029289283584
793611010196332544
793614187087953920
793618635566841859
793623375272902656
793629974473224192
793633098197901312
793633736030031872
793634537205104640
793648835721560068
793661306347872256
793662027755433985
793663932850442240
793663932850442240
793671431485808640
793672278852694016
793676770046279680
793676829458591746
793677605907996672
793679034647478272
793681412029308928
793682552091443200
793683749636493312
793684527747047426
793684690968252416
793685434941444096
793685822629445632
793686521924743168
793687621700550660
793688417355894784
793688543788986368
793689451629195269
793690325306966016
793690610049908736
793690642077671424
793690738294919168
793690793018028032
793691486688780288
793693059632533504
793693345235275776
793694133781225473
793694271870296064
793695063939411968
793695382853283841
793695912409174016
793696548886552576
793698045414240256
793698382279692288
793699811186843648
793700171397865472
793700174661054465
793701022845833216
793701247350140928
793701982078902272
793702102946033664
793702989038878720
793703242085433345
793703520524341249
793703675944316929
793703937748504576
793704112772616192
793704430994468864
793704634980237312
793704889637404672
793705687440322560
793706232162856960
793706700872228864
793707378524975104
793707640509587456
793709230691905536
793709443804463104
793709523303358464
793709854317772800
793710545685909505
793711631297572864
793713139393200128
793713860142309376
793713985057091584
793715396360667136
793715539696758784
793716098181062656
793716712289992704
793716828803440640
793718747034976256
793719148211687424
793720169403068416
793720818194747392
793720826713473024
793721136433471488
793721186039525376
793721374506266624
793721530823897088
793721563451449346
793721747891781632
793722581534773249
793722900712869888
793722970296324096
793723698188546048
793724065252986880
793724144475107328
793724289526669313
793724332891574272
793724972690702336
793725121731100672
793725542747037696
793727242681589760
793728265827549184
793729436176814080
793730125196042240
793730135295942656
793730295103102976
793730456227160064
793731208400240640
793731769375854592
793731994433630208
793732230967328772
793733226175074304
793733482358775809
793733541402185729
793733547668430848
793734368971857920
793734527612887040
793734892408311808
793735496904142848
793735552856100864
793735881878335488
793736168584151041
793737743478190080
793738961973874688
793739086385274880
793739353818140672
793739433153536000
793739641811763200
793740161372786688
793740194759385088
793740337986560000
793741794076794880
793741974528528384
793742127725441029
793742768388571136
793742994499395584
793743217594359808
793743219368558592
793743642338942976
793743667282472960
793744207919931393
793744417664499712
793744594445832192
793745331410395136
793745670217818112
793745718540275712
793748424537542657
793749045420367872
793749083336781824
793749587194445824
793750626681364480
793751299158335488
793751357333405696
793751545129136128
793753312948551681
793754529875501056
793755616191901696
793756381757202432
793757732792836098
793758219264987136
793761134109138944
793761528247750656
793762092956409856
793762187886129152
793763234100707328
793764591436042240
793765081314168832
793766590223421440
793768002789449728
793768102592905216
793768170922373120
793768558849355777
793768756237496320
793768958759432192
793769248858509312
793769259751108608
793769289346117632
793769628023619586
793770116035084288
793770272214159364
793770452673892352
793770609180221440
793772314202636288
793772656168357889
793773217672523776
793774413242068992
793775087539326976
793775302229028864
793775479538917376
793777777786978304
793778268398718976
793778566404018176
793778900602064896
793780148973686785
793780329341300736
793780972663742464
793780973687169024
793780981283028992
793782298952863744
793782302358769664
793782805817950208
793783376620687360
793783447747780608
793784121998790656
793784731028615168
793784732563738625
793785180804685824
793785236647776256
793787155671818240
793787269412970496
793787377739239424
793788161524658176
793788209998077952
793788597132337152
793789099391930368
793789209647742977
793789291533066240
793789592721846272
793790713754488833
793791507165839361
793792320256741376
793792998995812352
793793412017381376
793793978353250304
793794003133227008
793794222587580416
793795490739474432
793796071784869888
793796080550998016
793796868920766465
793796965872070656
793798192060100613
793798792214679552
793799827763191808
793799845245030400
793799827763191808
793799974278627329
793800272632045569
793800297130893312
793800515704553472
793800934681899008
793801773148438528
793802579310444545
793803219164078080
793804018686398464
793804472912867328
793805169897140224
793805711562113024
793806687761207296
793808204039880704
793808356741877764
793808512476450816
