811360540199124992
811364320646819840
811367229732360192
811368098183938048
811368102143344640
811372711255494656
811375641765572608
811383792791388160
811384954663931904
811385628483092484
811387497334837248
811390741834530816
811400326725140480
811400681001283584
811405837159858176
811416654756319233
811418872406536196
811420938386440193
811426069651697664
811428169592864768
811431526474850304
811431743853101056
811431777646551041
811432023055355904
811436037033644032
811436187692826624
811448032474566656
811448315157938176
811449752634200064
811450132696887296
811450140330491908
811450287462477824
811451139052961792
811452925738242048
811453991087472641
811454176114995200
811456325762904064
811457764283260928
811458126352359425
811458989405958144
811459646632370176
811460158173904896
811460187194269696
811460361845030912
811461372622106624
811463318581805056
811465505672429568
811466236987133952
811469106012622848
811469763989774336
811470018621931520
811471295124766720
811472086325755904
811472216026124289
811473516478472192
811473924848553985
811474303598424064
811475859999756288
811475866484142080
811475987598819328
811476580967022593
811477024376123392
811477156094152704
811477955599798272
811478065960353792
811478420387463168
811478581444366336
811480924483268608
811481197771505665
811481335860695040
811482087391895552
811482480373022720
811483763347582978
811484038271733760
811484684244885504
811484779816349696
811485120792317952
811486776443502592
811486845448126464
811488352830713857
811488888615305216
811489281764167680
811490446501412864
811490961327091712
811491167690956802
811492074436644865
811492432340774912
811492789930311680
811492964820250624
811493147943587841
811493832797908992
811494537201876992
811494977184337920
811495353337810945
811495538420043776
811495751515860992
811496434260267010
811497507368923136
811498004880310272
811498329615974400
811499779406594049
811499868770471936
811500028015550464
811501790436831232
811504363386667009
811504492856410112
811504742270730240
811506021600526336
811506416733126656
811506566209748992
811506674733228032
811507939618025473
811508070371078146
811508536618455040
811508939355398144
811509400103882752
811509931841114112
811510540816158720
811511534547509248
811511661974659072
811513874289545216
811513938600980480
811514223192784896
811514231560503296
811514886090031104
811515273807179776
811515916974493704
811517022425100288
811517791551574016
811519300238381056
811519447982895104
811521214321541120
811521745437925376
811522765782208512
811522876755021824
811522885319884800
811522985886711808
811523015548829696
811523263570518016
811523467770204162
811523560237858816
811523648704184321
811524667831910400
811524793048698880
811524974418628608
811525797341229056
811526250682519552
811526635367395328
811526864007270400
811527175144882176
811527206572699648
811527313468878848
811527322532777984
811529623767044097
811529907255775233
811530150991069184
811530703519285248
811530747869859840
811531016657629184
811532485804834817
811533240779632640
811534340513525760
811534781213245441
811534904395763712
811535753293561856
811536623104049152
811536943666167808
811537073970810880
811538076359135234
811538329963528192
811538536121925636
811538644309868544
811538899491233792
811538928805130241
811539005359669248
811540504902967297
811540756112482304
811541181419126784
811541683280019458
811541736619184128
811544096120639488
811544195051569152
811544558966280192
811544594877923328
811544633020915713
811544941633634305
811546036279844864
811546188897918976
811546432327090176
811546514728353792
811547439006175232
811547508597989376
811549169626259456
811549452011847681
811552490391040000
811552516785598465
811553553286205442
811553926629576704
811554104916877314
811554415870021632
811554789368668161
811555030306168833
811555159742550016
811555817090650112
811556454285115392
811556471947268096
811556835811586048
811556851817086977
811556862231543814
811557043110748160
811557304764166144
811557357520121857
811557468400717828
811557513514590208
811557602203238401
811557897289220096
811559352876285952
811560625600135168
811560635137986560
811561426280206336
811561496601919488
811561567527510016
811561621709586432
811562414294568960
811562587955531776
811562591638220800
811562860698542080
811562962100088832
811564426138513408
811564598595883008
811564969032433664
811566092191694849
811566186563371013
811566186911637504
811568297070034945
811568753670504448
811568889771556864
811570290656505856
811570930652737536
811571296387538944
811571932374122496
811572109537226753
811573470735765504
811575728353460225
811576784886136836
811578783006330880
811579484331720704
811580026634108928
811580032334397440
811580193286524928
811581566006632449
811582576691445760
811583326175764480
811584231335985152
811584259970449408
811585573144117249
811586786506010624
811586856353746949
811587034158657536
811587376657133568
811589951750045697
811590177428742144
811590545558700032
811591306006953984
811591669686616064
811592982239395842
811593794063925248
811597448204447744
811597532933582848
811598909231529984
811600252813930498
811601203142520832
811601367483686912
811602133753667586
811604229949456384
811604584820940801
811605580519456769
811606253415723008
811606299263823873
811606912953368576
811608122427080704
811608468201345025
811609742049210368
811611095387537408
811611614457856000
811613189251043329
811613475919249410
811613661424914434
811614016623804417
811615562392539136
811616700231610368
811617098623500288
811617232216293377
811617837303365632
811617999782375426
811618455115808768
811619340827193344
811619614920769536
811619940524560384
811620076847648769
811620174063235072
811620444033970176
811620524816117760
811620556307054592
811621403631976448
811621514193895424
811621735749615621
811621757052284928
811622851371352064
811624212112797696
811624987169673216
811626357843173376
811626490416742400
811626843409416192
811627383069417472
811627428569378817
811627792680923137
811627858628149252
811628145547747329
811628557537423360
811629585104273408
811630924995567617
811631464806686720
811632330624368641
811632492251856897
811632742316187648
811634829145952256
811636007389069312
811636125479616512
811636134392528896
811636196275351552
811636628296974336
811636875257675777
811637066219929600
811637082858852352
811637151733530625
811637250371031040
811637270906290176
811637520182059008
811638110295560192
811638546742116352
811639415080632320
811640083195379712
811641065975336960
811641072044609536
811641205268316160
811642795664543747
811643035113160704
811643118512504832
811643389640724480
811643431105757184
811643853853757444
811644569636876290
811645005085425664
811645068675256321
811645098253516800
811645125663277057
811645575732940800
811645715294384128
811645957972574208
811646209223958528
811646235799076864
811646723248558080
811647431511248896
811647583508725760
811647781710557184
811648104189468672
811648456813137920
811648615982759936
811648654939422720
811648724116111362
811649299507507200
811650133830107136
811650464492220416
811650556636831744
811650601511780352
811650660529819648
811650812799762432
811651434852876288
811651768534843394
811651803553169412
811651843206037504
811651854643826688
811651905545846784
811652024223887360
811652259180322816
811652472100048896
811652634402766848
811654543670919168
811654972584640512
811655414953766913
811655419106050048
811655653349584896
811655656872833024
811655778646032384
811657306370883586
811657346502062080
811657363597983745
811657368631148544
811658637366194176
811658696791035904
811658926139834369
811659112568258564
811659238267203584
811659624357199872
811660428858290176
811660529139785728
811661376280109056
811662529726414849
811662768122318856
811664090166861828
811664148916486144
811664265702735872
811664312322445313
811665507497771008
811665764352724992
811667040088059910
811667094383235072
811667142038978560
811668848097296385
811669331687960578
811670098796748801
811670595993792513
811670941667303424
811671191245066240
811674789924507652
811675467162021888
811676006859894784
811677629329850369
811678622012555264
811678714660536320
811678808478617600
811678845824892928
811679185907367936
811679900184678400
811681404324954112
811682305911754752
811683008415567872
811683990688137216
811684209181999105
811685097695051783
811685353950154753
811685482480353280
811685584687140864
811685794532458496
811686043854336000
811687106296713216
811687801221775360
811688971327733766
811688997873401857
811690710290329600
811691095801339904
811692727750590465
811694154019282945
811694883421437952
811695074035666944
811695440907370496
811695785607856129
811696301918273536
811697642166222848
811700652757909504
811701974693462016
811703791347236865
811707526836355072
811707827383336961
811709967115882498
811710638665895937
811711184751783936
811713247418073088
811715857399377920
811721529809571841
811721748202790912
