838902017410142210
838902017334484992
838902584911933440
838907670488838145
838910061963427842
838912764139679744
838917117705605123
838917239260737537
838922513719640064
838923073743122432
838923401423171584
838923641589022721
838932215933325312
838933719117357056
838934233896755200
838937191145340928
838937194135977984
838939050904064001
838939055798779904
838939775977541633
838947314437931009
838962033097846786
838962415228366852
838967258554695680
838969225054158849
838969735278694400
838973389712801792
838977518061383680
838977833347198976
838985945424723968
838989818688331776
838990156061372416
838990333727948804
838991024345268224
838991370828320768
838991535274397696
838991598121791488
838992390102913025
838992528644931586
838992616867913729
838995017666527232
838995642898862080
838995820359868416
838996611019726849
838996930533470208
838997157873139712
838998388599320576
838999500945408000
839001360200794113
839001758860967936
839003958609920001
839004119092232192
839004491198377986
839005221422530560
839007714105765889
839007720606937088
839007796804759552
839008491658440705
839008690426556417
839009516138168320
839009671037988864
839009990702739456
839011620567281664
839012111925784576
839012775586320385
839013281620758528
839015345423810561
839016395476242432
839019432949133313
839019437579698177
839019734419058688
839020158828089345
839020692834238465
839020755484618752
839020795628257280
839020845955698689
839021389784956928
839022133774848000
839022689838903300
839022813872783360
839023687873474560
839024365291384832
839025256765366272
839025753585037314
839026562192265216
839027798161379328
839029383272808448
839029812853420032
839030380283883526
839030507471941632
839031718568931328
839031841189416960
839032198049239040
839032495869829120
839032785226596354
839033474124242944
839033486761738240
839034731417092096
839034927383379968
839035561964785664
839036851818123264
839037390832435201
839037581752995840
839037915091054593
839038563605938176
839038925159092224
839039079316656128
839039439238217728
839040353911058433
839040823459262464
839041238821142529
839041273319288832
839041462302015488
839042289288773633
839042562811965441
839042564514791424
839042562988048385
839042566964260865
839042571502505984
839042585528258562
839043582342332416
839043783534628864
839044169779855360
839045798981664768
839047172070998018
839049502963208193
839050884759838721
839050922592514048
839051016138014720
839051334120685569
839052213221752833
839052313339777024
839052327009026048
839053013406924801
839053034164469761
839053257276215297
839054505769566208
839054785689108480
839054911681802240
839055019366297600
839055527233511426
839056733880344579
839056775215202304
839057114731511808
839057281824210945
839057316855042049
839057448556199936
839058813932142593
839059484483989504
839059930187509760
839059942678147075
839060307393851392
839060368878153728
839060382874480640
839060673527164928
839060961826865152
839061081771376640
839061406397911040
839061527747506177
839061924662947840
839062046343905280
839062409964826624
839064180732932096
839066733239414784
839066883869442049
839068111793975297
839068225572847616
839069016257871872
839069493590642688
839070664195727360
839071901548969984
839071984503791616
839072335521071104
839072447244742657
839073123236515840
839073933110480896
839074555079634944
839074607613243392
839074797531328512
839075561586601984
839075680470052865
839077254449680384
839078242309001216
839079448884428800
839079897813422080
839080069922349057
839080359912431616
839080603538501637
839080686501888000
839081130548682752
839081515317223425
839081528055451649
839081554060140544
839081575023325184
839081608837742593
839081625015169025
839081996894765057
839083212395675648
839083742698307584
839084256353714176
839084280794001408
839085485851037696
839086048827170816
839086879576326145
839087113014497280
839087432205160452
839087840453615616
839089211189911552
839090198025732097
839090231261425665
839090306872197121
839092261665255424
839093322446581764
839093323067494401
839093758729797634
839093874983387136
839095660087488513
839096286859112448
839096420741283840
839096933603954690
839097055192690688
839097159198859265
839097689769828352
839097949401436161
839098313534234624
839098550164287489
839098643646918656
839098736890408960
839098970878140417
839099205977190401
839099857193181184
839099968057147393
839100842015875073
839101250725523458
839102613077573632
839103103236354051
839103218319753216
839103259608498180
839103966185148418
839104970653855744
839105454189924354
839105868859904000
839106020953767940
839106327330840577
839106598282878977
839106760665411584
839106879519358976
839106992773955584
839107045559152643
839107102345920512
839107247447900160
839107338393042944
839107796423561216
839108181569712128
839108218790023169
839108354479902721
839108444766552064
839108651591819269
839108760845049856
839108992127361025
839109077812850688
839109136851808259
839109303315345408
839109332826525696
839109646728167425
839109646728167425
839109685458448384
839111256904708096
839111643284062208
839112635794743296
839113413137694721
839113536798404608
839113591160700928
839114001682415616
839114138857025536
839114336224227337
839115175420645377
839115433424879619
839115809444200448
839117283834224640
839117825104998400
839118123684986882
839118322289557504
839118389587116032
839118457748738048
839118619632087040
839118693728604162
839118727014670337
839118905117290496
839119447084294144
839119680002539520
839120098061234177
839120148967657473
839120906001780736
839120972888289281
839120974566068226
839120978659708928
839121060184403968
839121200366387201
839121635928064000
839121986433372165
839122464718344193
839122702833168384
839123083629850624
839123516188471298
839123648363495424
839123665937698818
839124050236608513
839124270445907968
839124523983196161
839124577657712640
839124945162682368
839124984060645378
839125916487921665
839125933722329089
839126024361295872
839127102955859974
839127109108969474
839127188351905792
839127966906900481
839128512179159040
839128725748854788
839129393071075329
839130496646926343
839132089232535553
839132298729635846
839132300189270020
839133358579863554
839133694841483264
839133705264316416
839134451397459969
839135907978559489
839135916631461889
839136736336719872
839137103204216832
839137647809327104
839137651924086785
839138008678924289
839138365148540931
839139473963302913
839139568393859073
839139847344439297
839139855531663360
839139938964766725
839140116492857344
839141098698256384
839143608871706625
839144664699662336
839145541661519872
839146170546966528
839147076185251840
839147209492955137
839147218753945600
839149248658747393
839150124857241601
839150132947988482
839150228485865472
839151387774750720
839151824934432768
839153235340361729
839153902931099648
839154071361630208
839154856011173891
839155090862780417
839155953127739392
839156611067203584
839157344600641536
839157511810789376
839157784142761984
839158002548621312
839158711868407808
839158720051437568
839158721410392064
839158732319830016
839159377357651968
839159966615261184
839160048823726080
839160298011570176
839160347420475393
839160939446325248
839161565265850368
839162672428036099
839162777591771136
839163179074662400
839164117118234625
839164526335508482
839166404142084096
839166650297483264
839166693993672704
839168084753666049
839170807859290112
839171106296721409
839171148634030080
839171152622850050
839171160751341568
839171975729852418
839173360206622720
839173810737803265
839174136282886146
839175025307570176
839175140885823489
839175213531066368
839175252810813441
839176023761641473
839176152535171073
839176848022126592
839177550899347456
839178157332836352
839178240069599232
839178281605804034
839178935434948609
839179191769792514
839179432430551041
839179699662249986
839179768843087878
839181171271553025
839181267207770112
839181423051427841
839181554052173824
839181798122926080
839184587079188480
839185116500996096
839186876309331971
839187149132025856
839187210075275264
839187895051247616
839188908659310593
839188921053507584
839189685566062592
839189839891267586
839189928554680323
839191086585286659
839192080727560192
839192315507912704
839192373745758208
839192424459173888
839192587479224321
839192816114876416
839194237161754624
839194638804217856
839195364699824134
839195613896065024
839195691234836483
839195767944380417
839196046668476416
839196359190282240
839196739131310081
839196757644959745
839197309120425989
839197444630003713
839197601916411906
839198391355715587
839198400100843520
839198403431137282
839198405809303553
839198421609246721
839198437237194752
839198440164835328
839198876103999488
839199235153199104
839199319236493312
839200090174730241
839200113226563584
839200478038790146
839200699883917312
839200868452937728
839201235781763073
839201275786964994
839204006316630016
839205001805299712
839205977228513280
839207167924318209
839207709295566848
839207839679700993
839208434687934464
839208811697176576
839209223619821568
839209648724942848
839210083523362816
839210472763174915
839210916369600516
839211570118950914
839213841930039296
839214472615104512
839214973993758720
839215005207674880
839215623863427073
839216603061452805
839216989008625664
839217009988624385
839217569676550144
839217707954270208
839219108143063040
839219707936968705
839220166454034434
839220365201035264
839220753140600832
839221621252501505
839225498542690306
839225559326601216
839225827019587584
839226550784507907
839226661765804032
839226710625292289
839227609527504898
839227973970571264
839229360456392704
839233238719684608
839233622511075328
839234208837021696
839234439196483584
839234901572345856
839235093172453376
839235500976271360
839236030993743873
839237649474981890
839239673662832640
839241727991033857
839243060710158338
839247815364718593
839247892699303936
839248000690057216
839249304690786304
839250201143619586
839250546905104384
839251251560841220
839253817233457156
839256216454873088
839256644093562880
839257767072448512
839257979589431296
839260439292735488
839262940838559744
839263258171224064
