898696018790830081
898699810936672260
898699821690699777
898707573167337473
898708753486290948
898709103656280066
898710793172078592
898711115722506241
898725445113454592
898726218815635456
898727791532834816
898739394554847232
898739553418096641
898741320008835073
898745089345822722
898746874353418240
898749716749484032
898750090948485123
898750945819013121
898751307606966272
898756418337210368
898758092787073025
898759996737019905
898760400417599488
898768182919352320
898769268682113026
898771517160382464
898775981602865152
898778371785605120
898782053940039680
898782452117852160
898783238709235712
898784283531202560
898785766448431108
898785825424523265
898786614931075072
898787349852585984
898788237803573249
898788880832266240
898788952999686144
898789165034332161
898789251315363840
898790449959374852
898792848404791297
898792999726927872
898793383547875328
898795158711410688
898795632738967556
898797163454582784
898797857276174336
898798020614995969
898799976599347200
898800311439167488
898801716908490752
898801813973020672
898803133413019649
898804456963268608
898804836342411264
898805282637099008
898806490684768256
898807041053077504
898807355474882560
898807429248552960
898807595300823043
898807786116530180
898808176170192896
898809137194074112
898810282138415106
898813476780507136
898815666941243392
898816291217092610
898816729412886528
898816814141939712
898816874431078400
898817712952008707
898818325282672641
898819032748523521
898819048489857024
898820636491091969
898830580208369664
898831915985154048
898833181759094785
898833811043168256
898834142510624768
898834192213135360
898835083230035968
898840412101550081
898841453849223169
898842269511434240
898842662182174722
898844846768574464
898845001068691456
898845029543825409
898845538908479490
898845561356296192
898846827662921729
898846864476393472
898846918687637504
898847013814452224
898847078536945664
898847198435323904
898847363762196480
898847380723945472
898847457861279744
898847612157263872
898847769762316288
898848610468614144
898849112698769409
898849237915418626
898849388377677826
898849499052883968
898849679349239809
898849893137211397
898850095268978688
898850229688164352
898850283526135808
898850505748643841
898850549746909184
898850656789843969
898850676649807873
898850795042598912
898850876609241088
898850984922800128
898851243455520769
898851333477867521
898851587673772032
898851715545313280
898851734172336128
898851816422559746
898851876946329600
898852179955523584
898852589940420608
898853577736601600
898856655110029312
898857167998119936
898857258850766850
898858248471629824
898858541510832129
898858779223228416
898858783249637377
898858861548929026
898859132463308800
898859242815234048
898859700476837890
898860560946782208
898861172513832960
898861683388538880
898861909096636416
898862114206498816
898862625093808130
898862903054315520
898862929780637697
898866047134048256
898866231557603328
898866780902436864
898869505799200768
898869950059659269
898871541890400257
898871602338684928
898871894404808704
898872046012084224
898872445431681025
898873476286627841
898876276999507968
898876677488594944
898876877514842112
898876919537688576
898877209523388417
898877269430550528
898877334555574272
898878027362254848
898878501331255296
898878814972981248
898880530237669376
898882351228268545
898883561737957376
898887045879406592
898888005452046336
898888028772376577
898889605163999236
898889945796030465
898891932344000514
898892309978284032
898892433408352257
898893420193763332
898894340403212288
898894689218084865
898895512614699008
898896127402979328
898896828351078401
898897446792835072
898899215073636357
898900116651814912
898900188735037440
898900370289823744
898901608439926789
898901629709111296
898901789147312129
898902490992836608
898903553208659968
898904578804113408
898904874808750082
898905091645857793
898906500697141248
898907331001544705
898907431627104257
898908086823464960
898908088622776320
898908172416626689
898908909301370884
898909569010872320
898910757307514882
898912782258720768
898913373450010626
898913375324954629
898914475910234112
898914693636472832
898914797181440002
898915420069122048
898915608250789888
898916003131916289
898916138519801856
898916303188131840
898916624635482112
898916699902140418
898916885139468288
898917351193759745
898917746532024320
898917751653363713
898918657123856384
898919455841013772
898921927724740608
898921977351720960
898922212278714368
898922403312664577
898922507167834112
898923062170726400
898923579215155203
898923909562552321
898925028732948484
898925833850470400
898927572150616066
898927707244961792
898927959188393985
898928390086045697
898929042501636096
898929173439426560
898929446400479234
898929486275674114
898930311454752770
898930630603423744
898930791106916352
898931203822284803
898934308601303040
898936211561107456
898936951658618880
898937611510853632
898937686295273472
898937818453553153
898939835150413825
898940774859120644
898940800406622213
898941582405230592
898941602881839104
898941947196260352
898941960257507329
898942136820707329
898942610588540929
898942936733364225
898943184436441088
898943320625364992
898943349385777152
898943800390942721
898944323252666368
898944802015723520
898944820881887232
898945445342232580
898945494319157249
898945910972882944
898946354151477248
898948279953760257
898949956890972160
898950795588251650
898951352507879424
898951807015280640
898952120078135296
898952711147802624
898952839900344321
898952938978025473
898953344311414785
898953955132166144
898954868366422016
898954977409867778
898955232306233344
898955471486418945
898955488531959808
898955551228526593
898955587274276864
898955808356151296
898957370138787841
898958250405576704
898958350095986688
898958669156458496
898958770008731648
898959301233868801
898959730999152640
898960105479196672
898960166820790273
898960725397430273
898961637016649729
898962585609015296
898963625020456960
898963726757482496
898964276064305154
898966731250696192
898966911400255488
898967743944417280
898967832062566400
898971103606878209
898972154250891264
898973188419231744
898973637335814145
898974157504823297
898975226481922048
898976196691709954
898976392829947904
898976447544438785
898977802246127617
898978421434351616
898978726599196673
898979405044695040
898979777473724417
898980395668176896
898981148671520768
898982910547472384
898984583424876545
898985549691707392
898985864973385728
898988178454990848
898988203092320256
898988507737202688
898988902727507968
898988958994112515
898989775289503745
898990957231828992
898991937058983936
898992254232051712
898992611654021122
898992620898267140
898994408112173058
898994631282642944
898995162373906432
898995778252931072
898996240787963904
898996598637830145
898996866846781440
898997007922061312
898997522915577856
898997888877027328
898998007659728896
898998537119305729
898998738340859905
898998928028221440
898999158903758848
899002022447460354
899002319131607041
899002975976386561
899003014337482754
899003034683846656
899003596464893952
899003944898359296
899004387565195264
899004962637787136
899008770617094144
899010336656838657
899010560557064193
899013109574008832
899017076484034562
899018687398772737
899020834991362048
899021289616265216
899024293056598018
899028093603635200
899028231549992961
899028260394221568
899028351637172227
899030549146226688
899031088735145984
899031579921707009
899031716706238464
899032148933586944
899036805378560000
899038141209825280
899041500620869634
899043308567179264
899048579817508865
899049086913040385
899056804172267520
