818245908697677830
818245922610147328
818246196095426560
818248987266478084
818254525303758849
818254833639624704
818261008246521857
818267917280104448
818272832111022080
818276107170566145
818283825537093632
818284890487656448
818291206941720579
818298197965619201
818306306159284224
818314427866853377
818317287472168960
818317440329256960
818321405926371328
818322844752822275
818326806155563009
818329195709341696
818332330372820992
818332787879149572
818333175269076992
818334777501577220
818335254700322819
818335523945201665
818336504997179392
818338292479311872
818343045657726976
818345335579766784
818347772621398016
818351604042756096
818357155325612034
818359858483306496
818360875006332928
818365429261287425
818365907659608064
818365976483860480
818366704229249025
818369250150727684
818374363338735616
818377232796110848
818377789535649792
818381805300617216
818382254384750592
818382637987459072
818383762501341184
818384002801369090
818385072243937280
818386648056598529
818387292624556033
818387621508481024
818387958223011840
818388193745702914
818389034909175809
818390378147614720
818391338475470848
818391485812973569
818393058265985024
818393887928676353
818394341140037632
818394545884983296
818394692719144960
818394919844872192
818396023835922432
818396130501345280
818396164009656320
818396906418216960
818397409894105089
818397574659010560
818397669747990528
818398424005509120
818400367927037952
818400801538179072
818401004207149056
818401336005980161
818401578680025088
818401701380100096
818401774868529152
818401870565830656
818401965692637184
818402225022234624
818403100587212800
818403891477880832
818405188998303744
818405331810205697
818405476584996864
818405786942631938
818407722978668544
818409258387574784
818411075095777280
818412005900091394
818412494146441217
818413117797318659
818413793491517441
818414759728906240
818416159552839680
818416973541306369
818417378035798016
818418190632030208
818418742430343169
818418969631567872
818419123889704960
818419217154248704
818419346552721409
818420689275408384
818420713270845440
818424554423021568
818424679622791169
818424679622791169
818427104022896640
818427373502787584
818427502112612353
818428897922465795
818429269231669248
818429481899724800
818429525159714817
818430708674871297
818430890950934528
818431892609466368
818431937115136000
818432556651741185
818432719063543810
818433737776041984
818434303780589568
818434478519500800
818434666868998145
818436768064278528
818437867294851078
818437962064986114
818438133993918464
818438641144000512
818439236617703424
818439884931207168
818440057694654464
818440575548555265
818440845829566464
818441164105940992
818441922318598144
818442202535837697
818443591265746944
818444611681222656
818445645061259265
818446839682895872
818447283595395072
818447651830173696
818447738237022208
818447944714174465
818450174687244290
818451339432890370
818452216516407300
818452290898161664
818452303644622848
818452310611423232
818453521767002112
818453530805727232
818454518874521600
818454644447907840
818455272062615552
818455280304398340
818455367873155072
818455387045240832
818456025103671296
818456184088707073
818456316674863106
818456342767800320
818456347691909120
818456563383934976
818456931438391297
818457180609409028
818457303988994048
818457387262689280
818458024209739777
818458695382155267
818459591700664320
818459689440710657
818460609385742337
818460609385742337
818460852273737729
818461202858680320
818461207153741825
818461296102359040
818461537455247360
818461563715719169
818461586864177154
818461586864177154
818461645781475329
818461673669480448
818461796172529666
818461797397266432
818461912467783680
818462987975540736
818464012623114240
818464020499955712
818464867321577472
818464870496698368
818466263194337280
818466662001344517
818467281223163905
818467824582688769
818468115264770049
818468215944806400
818468800026841088
818468888551837700
818471380438175745
818471624051687425
818472403886108672
818472618357649412
818477015150039041
818477526850772992
818478347030327296
818479699223597056
818479887912759297
818480312837697537
818481037382533120
818482179827257344
818482431527370754
818482787913056256
818483582020632576
818483665617514497
818483753571889153
818483973940613120
818484154153123840
818484301687705601
818484436819791872
818484612611481605
818484827494248449
818485022579531776
818485214288683014
818485313085575168
818485366948843522
818485912422256640
818486257256960001
818487502034075648
818487639787630592
818488339032666113
818488392577126400
818490364411674625
818490438097178624
818490605848428546
818490721917403136
818490805597929473
818491224508272640
818491925410017280
818492772961357824
818492820281499648
818492854511271937
818493016243662848
818493080655560705
818493384662732801
818494209657278466
818494281124081665
818495364193861632
818495575427452929
818495698169536512
818497503909806080
818497530904322048
818499115382427648
818499807987822593
818499882939887616
818501159916859392
818501263734304768
818501873216823296
818502353762582529
818502497975275520
818502602744823808
818502695854206976
818503460366782464
818504692539850752
818505062158921728
818505643875254272
818505790499782656
818505984922570752
818506410245976066
818506810906775552
818509410251194369
818510889288601602
818511127915196418
818511378952556544
818511889474850817
818513107710603270
818513898672365568
818514910900461568
818515693066981376
818516043576602626
818517698938372096
818518518136246272
818519322163290113
818520185896390660
818520942351630336
818521614795083777
818522125858435072
818524667136774145
818524689287024642
818525141319741440
818525309008015360
818525318835146758
818525728849399809
818526356707405824
818527608489017344
818527727535947776
818528128989433856
818528620977225729
818528936887992323
818529846238310400
818530028514373633
818530132923064320
818530975760216065
818532479640354821
818532801603661824
818532890573238275
818533168475238401
818533601012752384
818534146440101889
818534360714510336
818534643830063104
818534689484996609
818536800507535360
818537080326332416
818539139834511361
818539330318647296
818539626243751937
818542670473756673
818543208707694592
818544325114101760
818544402901635073
818544494379339776
818544702727127040
818545219662651392
818545596504150016
818545743187296256
818545963677655040
818546115968692225
818546458957729792
818546807303127042
818546971157889024
818546984105689092
818547144772632578
818547898870808581
818548239989407747
818549668774809601
818551543020527617
818552314940321792
818552405717635072
818554032738406400
818554039696756738
818554464965521408
818555782115405824
818556377174081536
818557217154576384
818557330627448835
818558471712845824
818559332367343619
818559788678148096
818560541014814724
818561175935926272
818561519029874690
818561614580502532
818561991279308801
818562997396406272
818563548687134721
818565399348396032
818565502507184128
818566031341920261
818566084748050432
818566238427299845
818567233056178177
818567409837731840
818567742634618881
818568809317535744
818569752994086917
818570326032453634
818571062443184128
818571062443184128
818571159918743552
818572038302470145
818572290849984512
818572589752688640
818574443752652801
818574839774445569
818575330520821767
818575843983294466
818575928473296896
818576324830838784
818576671712354304
818576791447207938
818576838020710401
818576875513643011
818577123497701376
818577156687220737
818577334550859776
818578098471964673
818578932937138176
818578933646036992
818579263469322243
818579777808281600
818581000179580928
818581871428780035
818585389619363840
818585449463590915
818585514303520773
818587215416721408
818588583300767744
818589953416302592
818591759399874560
818593197689622530
818593726205284352
818593925581697024
818594111917801477
818598792769531905
818599813247881216
818602239325388800
