912829167753940994
912829471987728384
912844242128719872
912858098079080449
912858462828208130
912859345280528384
912870694194749441
912873861502423040
912874443512406016
912885982193766400
912887532823748609
912887559784685568
912889544353177600
912890610532495360
912892773409476614
912894853914124288
912898873957502978
912901088558424071
912902417037053953
912902478852755456
912902599694831616
912903457220198401
912904642694180865
912906415475511297
912907534096322560
912909009019133952
912910376181944321
912911739997614080
912914236640198656
912914706498818050
912915072229543936
912915276454416385
912916835565228032
912916925440827392
912916994290315264
912917290622095360
912917794207010816
912919739814563840
912920230145425409
912921199155580928
912921238477197312
912921879631024129
912922057662504961
912922074741706752
912922335971291136
912922407505158144
912925669377658880
912925892585848832
912926296988049409
912927307521777664
912930774470578176
912931359013748736
912931622994853888
912933217426165761
912933701939601408
912934840273653760
912935910781722624
912936100586561537
912936750254776320
912936995068039168
912937896172068865
912938753760645120
912939588355686401
912939847106678785
912939969949421569
912940024810876928
912940069106761730
912940291241463808
912940525438808064
912940676555341824
912940822634614784
912940955782742016
912944142380085248
912945971503316992
912947116280082432
912948442237980673
912948836380954624
912949728027004928
912949938941779968
912951205470593024
912951272977903617
912951334416076801
912952341128732677
912952792985284608
912952798047739904
912954492215287809
912955744001150977
912956249599340544
912957688673337344
912958162587705344
912958295203368960
912959676530208768
912960552846204928
912960634060460032
912960649591959552
912960737227796480
912961184730624000
912961184453754886
912961889847693312
912962803744378880
912963095605149702
912963154493214720
912964615650398210
912965043289038849
912966795316867072
912967057041494017
912968018392682496
912968815713161217
912969874519019520
912970354892648448
912970563026653185
912971551934476288
912971816746045440
912973318222958592
912973747891646464
912973984240590851
912975054236987392
912975089813028864
912975289352900608
912976209230880768
912976318110863360
912978606288261122
912980141478961153
912981094667927552
912981184014983168
912981302617526273
912981351523131392
912982040030715905
912983934937464832
912984402002677761
912985127545737216
912985290767138817
912989171320360960
912989180095057920
912991374701670400
912991617946136576
912991726754783233
912991884091330560
912993601919098882
912995238121230338
912995670058975232
912996392209174528
912996649924005888
912996904270692352
912996983098535936
912998617077682176
913000037671735296
913001265981829120
913001738298327040
913002057866473473
913003861786406912
913004575065600000
913004994911133697
913005064469438464
913005653400129536
913006043990458368
913006834042101761
913006934508392449
913007135092625408
913007443860508677
913007937379082240
913007938683338752
913008456956891136
913010338253148160
913011549891059712
913013959443275776
913014654124924929
913014690531434496
913016539825295361
913017154928119810
913017529345335297
913017663517024256
913018388980609026
913019051311534080
913019479008972800
913019662996267008
913020066953940992
913020193701478400
913020669398413313
913021515632906240
913021805719207936
913022282599206912
913022414140751872
913022483925733376
913023016350748672
913023937252032512
913023975982235649
913024316291162112
913025441224683521
913025450569498625
913025458492641280
913025479946506240
913025767616991233
913027107453841408
913027347477094400
913029714918420480
913032057047089152
913033191048364036
913033202268119041
913033334380548096
913033676790784000
913034253587189760
913034273808048129
913034405937139712
913034706236710912
913034944397627392
913036218711052288
913037605754822657
913040540618383360
913040713255985153
913041576531722245
913041628377632768
913042719487942657
913044068153692160
913045285999439873
913047721564672000
913048047357218816
913048203355967488
913048493337571328
913049443078983685
913050044131143680
913050435568771072
913050943717101568
913051264086413312
913051360152633346
913051681339973632
913052151022325760
913052194957651973
913052273894395905
913052325153005568
913053627346034688
913055522030571520
913055639370436609
913055743133315073
913055846598414336
913055905708597248
913056217525882880
913056349508001793
913057609485357056
913059599862943745
913060076960780293
913061507499532289
913064016024670210
913064321395064834
913066714253930497
913067824997904386
913068095169843200
913068661438537728
913069239480799232
913070738235633664
913071178645991425
913071528895492096
913072744425775105
913073056997928961
913073242239307783
913074402786529281
913074415495270400
913074548534382592
913074625755656192
913074656411865088
913074873085374470
913074984058261509
913075580932726784
913076941648883717
913078648432992256
913078688526295041
913079240555364352
913079613567455233
913081309018382336
913082361507540992
913083401351176192
913084346998902784
913085837390307338
913086095218368512
913086336487194625
913086391772381184
913089508178055168
913092027327361024
913092658741911552
913097179442630656
913097229732388864
913097574361522177
913097669765189634
913097793895624706
913098724498448396
913099931652673536
913100458264334336
913100904206921728
913100933705404416
913101696460627971
913102381017157632
913104139986591744
913104285616963584
913104508464623616
913104562722103296
913105433467981824
913105433325445126
913105613936316416
913107028306010119
913107272640995346
913107654825971712
913108405505728513
913108416687636480
913108875460710400
913109455100813312
913109505969463319
913109762568523776
913111037188157440
913112219822563328
913113549320474625
913114317943377921
913114946870882304
913114957495062528
913116036668493825
913116732918763520
913117320674918400
913118729726316545
913120424514514945
913121613909860352
913122499893907457
913124465374109697
913125052090142720
913125058264039425
913125106716758016
913125186500734976
913125974149038081
913128069237542912
913128172614557696
913129557913456642
913130085892460544
913130241618534400
913131138671153152
913131711512350722
913132062596616192
913132596116287489
913134414217056257
913136830601498624
913136839048998912
913137734750842881
913139517888057344
913139776324284416
913140133641285634
913140879652802560
913141441110663169
913142702753107970
913145024929509376
913145913681604608
913146231559421952
913147602048253959
913149385155866625
913149556120018944
913151887431602176
913152177681580032
913152575918153729
913153310655483905
913153703082897408
913153721890070528
913153908339490816
913154099922825216
913154123855466501
913154174459752448
913155062029045760
913155505589293058
913155653644029952
913156371905941504
913157275757547520
913157438349746177
913159443705036800
913161332786114561
913169625986236417
913173463183106053
913175533638238210
913176436860706816
