940008235532259328
940008260752629760
940012482374008832
940013636256522240
940014374449795078
940015281539252224
940017680362475520
940023334032564224
940025591599788033
940031485557346305
940038431136137217
940053533470089218
940068631643242496
940070108742918145
940079168817020929
940080875349295104
940081617615298561
940081889414483968
940083730651082752
940084704807497728
940089500415361025
940092378584461313
940093122070978562
940093957274349568
940095435590348801
940095811186073601
940095871084986368
940098831177342976
940100365378191362
940100602356310019
940104467864723456
940105468151603201
940106829433937920
940107247077568514
940109424659537922
940109433866194944
940110106770915328
940111439653687296
940111694642204672
940112022984974336
940112113971822592
940112898680066048
940113928767655936
940114597666844672
940115975885770752
940116721838575616
940118273005416449
940118284250345472
940118496570167296
940118598344953856
940118596918882304
940119571318628352
940119588024569857
940120140418572288
940120921108557824
940121522936664064
940121710052782080
940121969537712128
940122883963211776
940123707086983168
940125196400431104
940125734709817344
940126318863282176
940126385833639937
940126461750493186
940126562200031233
940126942136864768
940127416789471232
940127777071570944
940128669686779906
940128797495517184
940129029335781376
940129030115819521
940129491577393152
940129859048738816
940130080965255169
940130536638558208
940130629181636609
940130754838827008
940131428695556096
940132058042699776
940132253300133893
940132449975177217
940132630183497728
940133029170749440
940133195760017408
940133646194835456
940133649697198081
940134166699696128
940134305942028288
940134448347181056
940135277846302720
940136203910819840
940136597202366465
940136839444344833
940137484234711041
940138047156445184
940139314897412096
940139668691185664
940140908468727810
940140921538187264
940141229064511488
940141725804351489
940142823600508928
940144128301715456
940144150208569344
940145694563799040
940145769952133120
940146353455484928
940146548226383872
940146946181861377
940148113200812032
940148549819551749
940148704350269440
940149054784376832
940149255322460160
940149652598460417
940150404477804544
940150483985068032
940150607146639360
940150946000244736
940153219745046529
940154015245111296
940154122866749440
940154523837853696
940154792940154880
940155132444053506
940155655264096256
940156120265576448
940159226734874624
940160877877178368
940161343621156864
940162081181007872
940163602786471936
940164000028950528
940164498777935872
940164836272549888
940165350590644227
940166042617335808
940166270082789376
940166700003184640
940167006313205760
940169493493571586
940169547079876608
940172813297692673
940173411560681472
940173599566163968
940173720605339649
940173844928712704
940174325986086912
940175149382369280
940175683199864832
940176337473540096
940177059703291905
940177852821057536
940177983129702402
940178742080569344
940179737149927424
940180238562156547
940181748280946688
940184155882774530
940185068286435329
940185178303057921
940185943662841856
940186530093690880
940187897227108352
940188548489023489
940188911413940225
940189424972951557
940189943850082304
940189995616358401
940190233135603712
940190329386315776
940190833004949505
940191442680545280
940192158337916928
940192195654705152
940192214159970305
940192334855200769
940192423283748864
940192897042993153
940192972393631746
940194501515026433
940194578409324546
940196684356866048
940196839449653248
940196998929682434
940197431169384448
940197715400589312
940197973807558656
940200214530527232
940200740106178560
940201572860035072
940203436821434369
940204527105593346
940205786051108865
940206228755623941
940208730670555136
940210870264610818
940212164534644736
940214167889416193
940214422643101696
940217818540396545
940218116734443522
940218401468887040
940218727697657856
940219624146300928
940222607701544960
940224602181193728
940224846637813760
940226722884214784
940228268946608128
940228660472307712
940229052077629441
940230311560073216
940230840335794176
940231234906603520
940231607474061313
940231783555239937
940231838341259264
940231931911921664
940231988446822401
940232264729931776
940232704905191424
940233139720515584
940233723798208513
940234202099994625
940234726643814401
940235194165903360
940235550719651840
940236661253967873
940236680908476416
940236926166192128
940237832286810113
940239560532987905
940239995213926400
940241034025553921
940241034025553921
940241461764853760
940241669018013696
940241713871781888
940242007645196288
940242305352634368
940242988604653568
940245031629328389
940245996864442369
940246110731489283
940247799580495872
940248984433590273
940249272062267392
940249453956440064
940249605538803712
940249827040006144
940251523925278726
940251626102837249
940251954982408193
940252101388787713
940253058780590081
940253181543702529
940255103872831490
940255496036081664
940256008127082496
940256138951647232
940256412646682624
940256808945573888
940257134259957760
940257184721620992
940257324316418049
940257817415516161
940258618049548294
940259086905630721
940259398722768898
940260518559961091
940260601472999437
940261323711148045
940261779506171904
940261806349598720
940263661897121792
940263810543300609
940264240694415360
940264926291079168
940264998139461632
940265053261062146
940266711651041280
940268391448932352
940270514743808000
940270559493058560
940270582213562375
940271346432593920
940272004560838658
940272420635725824
940274417782767617
940274764773543936
940275920979365888
940276038965321729
940276271585644544
940276419741061122
940277927052226565
940280025194139649
940280058412982272
940280391340085248
940280419299229697
940281422702448641
940281652944744448
940282498071842817
940283055280873472
940283276282826752
940283525672194048
940283545402138624
940283959577104384
940283998097625088
940284366235799552
940284478479532032
940285091514867713
940286537127907328
940289311768969217
940289393813803009
940289919276191745
940290546597289984
940292264361975808
940292281768316929
940293147002884096
940293902082461699
940294282291892224
940294377469022208
940295124592005121
940295151733362689
940296135801036801
940296291795591168
940297318972182529
940300770351644672
940300884919152642
940301352017846272
940301541474316288
940301618318397440
940301693362888705
940301904516730880
940302548816232453
940302700809465856
940304194929610759
940306030554214400
940306637796995072
940307129734434818
940308450285969411
940309502728871936
940310224442986496
940310369968578560
940310670716874752
940310896928329729
940312069785743361
940312220759494660
940314017247252480
940314364711702528
940315286418415616
940316442611847168
940316454582390784
940316799761092609
940318485573455874
940318754063384581
940318846090727430
940319177184858113
940320279745695744
940320737545674752
940321113892098050
940321475692761088
940321791846871040
940323572135886848
940324662747258881
940325324822405120
940325400923787264
940326173493682176
940327592447668224
940328041716310016
940329397030187014
940329562738778112
940331904678662169
940332430145282050
940337627718438912
940338748176388096
940339669295919105
940340012326977537
940340420613165056
940341016296611841
940341032935452672
940344062879571969
940347496416628743
940347718098145280
940349173697826816
940351039320059906
940351768906657795
940352160856006663
940353978302283776
940355523240714240
940356363993141248
940358002175037440
940359315721981952
940359925544509440
940364540025491456
