849773654535802882
849785339904262144
849788755665924096
849802872158072834
849802875110928384
849803854560493569
849815190162071554
849818954759630848
849822742295830528
849824241612726272
849824795000811522
849832894734270464
849832899557904385
849834053817774080
849834385176002561
849834389416685573
849834809979482117
849838106421460992
849841482475417601
849841650629316612
849841820100161536
849847074698911747
849849150959177728
849849338151022592
849850049542725634
849853480101654528
849855828572155904
849857004487180288
849857582906966016
849858522640773120
849858743751897088
849859251791163392
849859993771720705
849861502983077888
849862032258150400
849862345476247553
849864249539166209
849864673272922112
849868861243568128
849869049219751936
849869481375617024
849869692172984320
849870446942179329
849873394359312384
849874557989158912
849874571415232512
849875141886525440
849875802061758464
849875969062162432
849876045297852416
849876180652220416
849876248927064064
849876382230470656
849876700062244867
849877896839798785
849879349469872129
849880267561082880
849880813982318592
849881042618118144
849881052390805505
849883441625800704
849884619411525633
849887657777876994
849888754009612289
849890231373496321
849890245910736896
849891167567216640
849891176824152065
849891728186322944
849891973813153792
849892413263007744
849893724687667200
849894451183054848
849894471877742592
849894980164431873
849895155125542912
849895158128812032
849896542945382400
849897306606448640
849897582411304961
849897873294622720
849898034439888896
849898072595460097
849898512225644545
849899254168645632
849900052327878657
849900801946464257
849901010927726592
849901514730741760
849901823150444544
849902591903498240
849902719641018368
849904636710576129
849904672345387008
849905427865272321
849905467086209024
849905543745597441
849905848851865600
849906348825477120
849906881195892736
849907008694349825
849907766156075009
849908126161698817
849908785271500800
849909208988471298
849909320905084928
849909547573665792
849909557816160256
849909932501741573
849910541124608001
849911021909274624
849912308167999488
849912548833071104
849915226908524544
849915559361863680
849915892678963200
849916567001460737
849916653571891200
849917110016978944
849917111514402816
849917366112722944
849917878153424897
849918402030436353
849919499340066816
849921400651599873
849921699252502528
849922558447284225
849922841566826496
849922979723071489
849923722727350272
849923794164629505
849924648313778177
849924682992300032
849924934587617280
849925416097853440
849926351767433216
849926565802766336
849927296215523329
849929093604880385
849930193619877888
849931222826364930
849932221540683776
849932309545467904
849932491783901184
849934751666450436
849936981899579392
849938161778257920
849938566117560324
849939665541095424
849939750152802304
849940007850737664
849940524689653760
849940772250148865
849941018443165696
849941272441835521
849941992775790592
849942712161849344
849942731598286848
849943211669901312
849943304733159425
849943438095261697
849943659952918529
849944587309391872
849944906529468417
849945680638509057
849945870065967105
849946177286098944
849946907925295104
849947004314816512
849947201501528065
849947313674080257
849947874574118912
849948319245795328
849948878589882373
849949941694963713
849950109492228096
849950177582399488
849950643578183681
849950986034716673
849952537918803968
849952956807905281
849953582447300609
849953708607774725
849954214209929217
849954426429349888
849954849865203712
849954861395451904
849954862880223232
849954870727766016
849955472316792832
849957019780034560
849957036498538497
849957270049959936
849957542952349698
849958124782047237
849958527946948608
849959252378742785
849959799785639936
849960088039284736
849960892271820801
849961901157228545
849961995654901761
849962332205850625
849962581326536704
849963167836930048
849963365757837312
849963372745502720
849964431941312512
849964616516087808
849964902240440320
849964950890172417
849966011856171010
849966190508355584
849966247726993409
849966774946811905
849967505598668800
849967823191494656
849968470984970242
849968811528904705
849968819149959173
849968941296439298
849969945299611649
849970036605321216
849970221582618624
849971441403645952
849972239189422080
849972326632501249
849973739043344384
849974156863164417
849975909155295232
849976307299622913
849976966086348804
849977231489323009
849977765193330689
849979838437961728
849979898001313793
849980085897711616
849980595539148801
849980741400371200
849981286676672513
849981919148113920
849982680603209729
849984057266122753
849984463161487360
849984991908036610
849985048317231104
849985067992707074
849985636115378176
849986605599395840
849986663384309761
849986889444605952
849987001856147456
849987290231341056
849987891912740865
849988151024156673
849988953545596928
849989302784315392
849989992864768001
849990991494864896
849992609313554432
849992946640330752
849992951241601025
849993013464113152
849993189062832128
849993880242204672
849995249262919681
849995834414518272
849995994846470145
849996046239498240
849996092540428292
849996132172394496
849996386032594945
849996484095463424
849996601632243712
849997113454985216
849997122434867200
849997170824675328
849997278756687873
849997812393586688
849997969667575808
849998064832004096
849998112072531968
849998175041720324
849998391799107584
849998411160006656
849998639627882496
849999101248901120
849999245545316355
849999299429543936
850000147379617793
850000215755153411
850000374912008192
850000435423453184
850001388042166272
850001716401647617
850001830138466304
850002065321545728
850002698107838464
850002760724606976
850003226250416129
850003399420653569
850004180546846720
850004547581997056
850005252493455360
850005501647745024
850005702873686018
850005793063809030
850006066284945408
850006139009994752
850006185847779328
850006281050091520
850006454606020608
850006522503548928
850006614518181888
850006739944714241
850006949550862338
850007619624480768
850007721072087040
850007804693938176
850007892442918913
850008060101840898
850009013458685952
850009297031450624
850009563872935936
850011207494971392
850012201880612866
850012351185248256
850012542084669441
850013153073270786
850013509899440128
850014202685214720
850014356179963904
850014721793249280
850014834875936768
850015237290024961
850015248459476998
850015271830130689
850016816336314368
850017206310060032
850017564998717445
850018214339907584
850018474839519238
850019813024026624
850020047225581568
850020198048567296
850020782784749568
850021072833466368
850021094555873280
850021576657567744
850022447311147008
850022500922777600
850022617549389824
850022772927541248
850022809485148160
850024467254345728
850025376348766208
850025623330447361
850026120691027969
850026563869577216
850027065516728320
850027986111868932
850028090789154820
850028471971610627
850030342799011840
850030345705721856
850030345705721856
850030357097451520
850030366001967104
850031295140945920
850031743671447554
850031756732510212
850032124174491648
850032459194531841
850032571509559296
850032707807698945
850032825277591552
850033645222064128
850033790089080832
850033835446284288
850033983115198464
850034707492425728
850035027668873216
850035395811299328
850035420926586880
850035618512080896
850036006556319744
850036455196037121
850037291041120256
850037383538118656
850037489003892736
850037841199484930
850037910938300416
850038259476516865
850038483997609984
850038681197047809
850038713296072704
850038801053483009
850038832934334465
850038857542377477
850039078166953985
850039921989627904
850039929497423872
850040522341273600
850040651102253056
850040919990587392
850041185267851264
850043668325171200
850043789888696323
850044311169380352
850044764703645696
850045446139645953
850046931187400704
850047039455080449
850048831093919745
850048854988918784
850049217288523776
850049790444535808
850049924897157120
850052079364255744
850052211480580096
850052418910007296
850052759407742978
850053129467031552
850053552466780161
850053840577712128
850054931180605440
850055172206342144
850055799707758596
850056149902786560
850056481223450626
850056767123976193
850056946245931009
850059375389675531
850059645720940545
850059975380656129
850060097980157957
850060479787618306
850060545021620224
850061220061249536
850061680633622528
850062603728695297
850062822847500288
850062854346743810
850062956268331009
850063493625774081
850063502022631424
850063740271808513
850064103578238976
850064290908430337
850064333304365056
850064371220979712
850064431325347842
850064850390745089
850065040027906048
850065407230844928
850065693454327812
850065754615623680
850065783090810881
850065994827661314
850067817282064384
850068385627090945
850068616947138562
850068976977809409
850071737865838592
850071837144784896
850072431268167680
850072433860108288
850072627737767944
850073147466493956
850073255536979968
850073719770710016
850073920841539584
850074665217269760
850074902778576896
850075028632817664
850075278365863936
850075370615431171
850075645367525381
850075806189617152
850076351281451010
850078162696491008
850078162696491008
850078366099288064
850079361025925120
850080112934625280
850080429864570880
850080715718971397
850081142686482432
850081417153454080
850082622885814273
850082884476170240
850082928381931520
850084564462702592
850084967388332032
850086716190883840
850086736650788864
850086859086626816
850086976862773249
850087958048886788
850090044140290048
850090744786423809
850092057318219777
850092892404277249
850093586649673730
850093654408605697
850094662786461696
850096283813543940
850097524027338754
850098833706983424
850098869602070528
850099529076678657
850099853489262593
850103685157986304
850104965532135426
850105040278884352
850105060138811393
850105284454301696
850105843555217416
850105890720157696
850108458686963713
850109047185563648
850112046532366336
850114149187276801
850117634083495936
850118687873007617
850120944538591234
850124198399942659
850124544186757121
850127473195044864
850127821758496769
850131391178317826
850132821205295104
850135072007229440
