907030936923099136
907046038606839809
907061140563402752
907066264849408000
907076239739015168
907083052618338304
907083292733820928
907084277472481280
907091018381631488
907091337287229440
907094384495259648
907095400708001792
907098827374592001
907098976901615616
907101173609615360
907102394265346048
907102749829074944
907103274985193472
907104088260845568
907104202329006081
907104538922024960
907106435888242688
907106837597757440
907107870113763328
907108417982136321
907108556335435778
907108894811586560
907110323655790592
907112838493339648
907112885083504641
907112952381272065
907112989714771968
907113047495401472
907113096254238720
907113186926764032
907113304648187904
907113338873683968
907113452841394176
907113501575008257
907113527126773760
907113543622950912
907113611428089856
907113681108062208
907113732232314883
907113781704060930
907113823630446593
907113862285217792
907113939913330688
907114470346035200
907115603198177281
907121534254419969
907121557289435136
907122716460900352
907124255287947270
907124328671711232
907125528615952384
907125701328941056
907127203036635136
907128441861963776
907128766375383040
907129163294887936
907131977064697856
907133151406968833
907134664137158657
907134886254829568
907135181047386113
907135461436555265
907136634029735936
907137358105120768
907137468851466240
907137684828590080
907140941055741952
907141053962211328
907141152788410368
907141609829015552
907141716486049793
907141793820626944
907142390078681088
907145474192187394
907145864988282880
907146657028075520
907147062843670528
907147706052866048
907148210778415104
907151722870489089
907151757427572736
907151828718157824
907152086395170817
907152259854856194
907152314636660736
907152613421989888
907152936710676480
907154339264954368
907155700056555525
907155726468087808
907156318565359616
907156420457615361
907157319271686144
907158130928340992
907158423585873921
907158889346543616
907159486321786881
907160025159933953
907160158631075840
907160768973504512
907161992988971008
907162460997726218
907162478580322305
907163208607162368
907164338934476800
907164787464916995
907165173135241217
907165558508056576
907165729119596549
907166620715323392
907166836424417280
907167025465884672
907168645289259008
907169695144521728
907170710132490241
907171137368535046
907172025306947584
907172108895223809
907172744655020032
907173726009032704
907174283524362240
907174666854420480
907175254635753472
907175526191845377
907175921727176706
907176022344454144
907176200212283392
907176702786330624
907176795992088577
907178297473236992
907178976501678080
907181048420864000
907181760382988288
907181765382549505
907181809397628929
907181932710113281
907182929947668480
907183165579526144
907183391073857536
907183502151618560
907185976832819200
907186988318674944
907188673887834112
907190607021592580
907191032558866432
907191060975288320
907191609296605184
907192098541228032
907192749266534400
907194103238193152
907194550355083264
907194830127759361
907197031533465600
907197031533465600
907197285888643072
907197955643408386
907198420917596160
907198667253219328
907199061115199488
907199289121800193
907199531279896576
907200728816549889
907200743639306242
907201490191863808
907201990526210049
907202068418646016
907202495763632129
907203606805450752
907203935802359808
907204478935425024
907204619889147904
907204790563811328
907204822100738048
907204838030749697
907204874005303301
907205094768349184
907205985101651968
907206964542939136
907207278700331010
907207286711619584
907207574113718272
907207751494811648
907208081192271872
907209168746151937
907212016301101056
907212135314452480
907212823683616768
907213757146963968
907213897052119040
907214199373299714
907214533193846784
907215513671139328
907216002215288832
907216380176551936
907217256161181696
907218751963254784
907218887778979840
907218909228564480
907219441150304258
907219902213365760
907221066694701056
907222046240858112
907223410702536704
907223804602195968
907224022492106753
907224170181705728
907224663524245505
907224823914516481
907225738885128193
907226191115030528
907227171596361729
907227233466675205
907227257118367744
907227623675351040
907227655036129281
907227868438167552
907228779130519553
907229262595231744
907229369344708608
907230297250566144
907230975767261189
907231007459483648
907232301943226370
907233363043536896
907233552537931776
907233693554556928
907235388644671489
907236611586510848
907236726124539905
907237505224896514
907239153309548545
907242356604370950
907242376145592320
907243114145890305
907244246876479490
907245520267202560
907245905413369861
907246726138011656
907246970556829696
907247480181547008
907247559139364864
907247664584151040
907247826303729664
907249145857101824
907251723474919425
907251828638789632
907252057307963392
907252320748142592
907252363198554113
907253226138992640
907254917848489985
907255080189091842
907255187839926273
907255803496759296
907256495817052160
907256516645986304
907256729376870401
907257432451186694
907257597400666114
907257600349220864
907258494168059905
907259005650788352
907259043311439881
907259946114449408
907262965866524672
907263478649556993
907264861595475968
907264949348651008
907265265221685248
907265457526362114
907265976772816896
907266249738121216
907266594463780864
907266750462484481
907266867324227584
907267382053306368
907267416882741248
907269163286220801
907269891354513408
907271620506595329
907271724714131456
907272051525914626
907272530108567555
907272532516065285
907272571837730821
907272650095022080
907272878688690176
907273112563195905
907273636394016771
907274272971919360
907276101810098185
907276226343075841
907277565299228673
907277776381730818
907277911589359618
907278013234122753
907278110139277313
907278264942690309
907278635395981312
907279939342401536
907281513624064000
907281593588318208
907282368687493120
907282431312580610
907282562338508800
907282628080029699
907283004950806529
907283618233544704
907283706498383872
907283867882721280
907284026951692289
907284082048094209
907284339280490496
907284376014204931
907284869847425028
907285827549528065
907285854762172416
907286076066340865
907286645816180736
907287165599707138
907287451517030400
907287632111194112
907287794917273600
907288077282013184
907288405167542272
907290520090824704
907292269861990400
907292858050326530
907293183792615424
907294447150305281
907295056935010307
907295081257947137
907295485815410689
907297992486658048
907299634237894658
907302154259628032
907302727482560513
907303986130190336
907304121375404033
907304505620013056
907305580158705666
907307699578310658
907308598056898561
907309481591177216
907309689532289024
907309787397967872
907309993866735616
907310106609684481
907310107674812416
907310684777664513
907310939770322944
907310949450870785
907311370500059136
907312242701606912
907312250087600128
907312341997572096
907313314853777410
907315381601226754
907315823722856453
907317164612472833
907317833050324992
907318927151247360
907320199950618627
907320211967287298
907320227750453248
907321025536372736
907321641633492992
907322199979298816
907322649168158720
907323420009938944
907325126672252929
907326079974735874
907329484218494976
907329771482345472
907330147958870016
907330517892288514
907331201790349312
907331721204457473
907332931546501120
907333043345555456
907333334463860736
907333558020313089
907333832755564545
907334234616016896
907334670186147841
907334884863172609
907335292507615235
907336930773397505
907337212819320832
907340064346296322
907340844553916416
907341088222007297
907341149769216000
907341554049839104
907342174643265536
907342244524560384
907342250618781696
907342640412336135
907342800282423296
907342958244110336
907343255133618176
907343661628837888
907344657356640257
907345540639109120
907346037882458113
907346459384725505
907348031053451266
907348090985750528
907348253053788162
907351270452629504
907352040766046213
907357620285181952
907358646614368256
907360367579238400
907362030725812224
907363129256038400
907363362023067648
907363793470140419
907364140481617920
907367063919972352
907370255223107585
907372230836879361
907378231405420546
907386814553497600
