825493669377630211
825493675941720066
825493680136060928
825507741204611072
825508768330956801
825510458685849600
825515083015012352
825517939973640192
825520098190434304
825520244814921728
825523869104607233
825524292037255168
825525871763193856
825527655671939072
825531574351388673
825531600427425792
825531757193748484
825538963955908612
825540557015511040
825554065056751616
825554392816447488
825563326289674240
825563358506131457
825567395582504962
825569166350487552
825577981443715072
825578548702408704
825578745268490240
825582155027849220
825584261751242752
825587434209452037
825589679881875457
825589713356673025
825590155088117761
825594678863085568
825596373617635328
825597144094666752
825597174520090624
825598240380813313
825598761019666432
825599365477703681
825602301826101248
825603156734251008
825603427564654592
825603588948848640
825605167605248000
825608712723263488
825608830222553088
825611411225088005
825611565877432320
825611619388502018
825614007377788928
825614462820446209
825616347853889541
825617896571277313
825618078868320256
825618445286907904
825619748104839168
825620278151639040
825620725335781376
825620827915878400
825622218948370434
825622304143114240
825622400981164032
825622475274858497
825622587061452800
825622607768739840
825624179001139200
825625151245000706
825625596650721281
825626235896229888
825627555759796224
825627846911655936
825628485519601664
825629042963537920
825629564474884096
825632004406288385
825633531191664640
825633556571504640
825633652230991872
825634014446878720
825634429208973312
825634729995169792
825634923763621888
825635621070897152
825635621070897152
825636551262609408
825638215981887488
825639299005685760
825641225772531712
825643184030101504
825644661146583041
825645929655042048
825645957563940870
825646923809976320
825647067792019457
825647139279818752
825648170512302082
825648343132934144
825648409918926848
825648816711835648
825648935142187008
825649059356504064
825649129963474944
825649588426174465
825649631577112576
825650181249048577
825650221405372416
825650443846090752
825651236783349761
825651978927796224
825653534389460993
825653738165661698
825654013697916928
825654611860156416
825656638480715776
825657695684460545
825657929160327168
825658727017639936
825659762855596032
825660140602945536
825660708884971520
825661676422823936
825661754474651648
825662239378178048
825662502268710913
825663035016695810
825663096576438272
825663140474023936
825663455734747136
825663836481019905
825663993318621184
825665123322781697
825665771120492544
825666642772361217
825667002421374976
825667050228039680
825668025722343424
825668425695367169
825668451050147841
825668730478874625
825669440977121281
825669676797657088
825670418140975104
825671180052996096
825671301633339392
825672099452768257
825672514324033536
825674756682825729
825674860353486849
825675353159041024
825675962742349824
825676352657485824
825676962345734148
825677766322507776
825678920070660096
825679251676368896
825679561132298241
825679955048722432
825680829263130626
825680875278856192
825681068200173568
825681306583461888
825681647836205056
825682093044817920
825682251220451328
825682875429306371
825683614931247105
825684020868608002
825684222752985088
825685145390821376
825685319412494339
825685537063313408
825685580193333248
825686197045452800
825686240599085057
825686861767127041
825687136686862337
825687160196067328
825687565512671232
825687891389083648
825687968140623872
825689673578201089
825689959919136770
825690106455547905
825691150459731969
825691476541714433
825691692112044033
825692578775449603
825692998793101312
825693115352743937
825693855387353088
825693964154073088
825696418916659200
825697690994499586
825697980464451584
825698010898321408
825698239747854336
825699437263601664
825700131114717184
825701960326189057
825702711131766784
825705061665878016
825705382026711042
825706336365182976
825706452442554368
825707093466431489
825707603028221952
825707840153206784
825708496406589440
825709687618183168
825709711320309760
825709914135859200
825710699196325889
825710866754473987
825711297245356032
825711904412794880
825712321209081856
825712572825415680
825712790639767553
825713133150838785
825713293763436544
825713490467774464
825715235831025664
825715296690376709
825715326742577153
825715711909695488
825716132598386690
825716153905532928
825716132598386690
825716245655871488
825716636300697601
825718758043942912
825719138547073030
825719891017728000
825720161411928064
825720175206989824
825720937672822785
825721358168436736
825723685415776258
825724679998541824
825725614837620738
825725692860051456
825726100240232448
825727083494121472
825727676711321600
825727815974789124
825727995407110144
825729051113488385
825729308299661312
825729449622544384
825729967862534144
825730496445362176
825731869035610112
825732007829315584
825732061319266305
825732166374060032
825732447555956736
825732529302937600
825732683774963713
825732785688236032
825732896879153153
825733015250821121
825733351478804480
825733865142632449
825733913008078849
825734131715694592
825734740493824000
825734883972636673
825735260784697348
825736650017927168
825737087450234880
825737301275852802
825737618042257409
825738130099728384
825738607650484225
825738926107287553
825740116748406784
825741988683251713
825742333987713027
825742349523357699
825742617216483328
825743055110144000
825743294084820992
825743480219648005
825743942029279232
825744280341868544
825744310792368129
825744494771396608
825744686518300673
825744985643425792
825745797971079168
825745957811798019
825745995539554304
825746019480580097
825746029886787588
825746039298781184
825746336440020994
825746384749895681
825746701449310210
825746963924660226
825747486669053952
825748241299955716
825748376796983296
825748806373371904
825748870072299520
825748878448328709
825748955782901760
825749026180038657
825749075282817024
825749752847486976
825750181698232320
825750361080262660
825750544799109122
825750579087626240
825750650147438592
825751032500191232
825751058395885568
825751158299914241
825752013749235712
825752415395835904
825753183737757696
825753202398212096
825753301207613440
825754409967587328
825754671155445763
825755534422851584
825756750221545478
825756990496464902
825757010415255555
825757346970345476
825757539287564288
825757863863795713
825758136304824320
825758351216824321
825759379978792960
825759387272769536
825759917894148096
825761234477731841
825761363071008770
825761657385267200
825762209858985984
825762371876552709
825762496950722560
825762609701994497
825762639083077632
825762689414750208
825762709425750016
825763174662037504
825763401104293888
825763483929022464
825764121757020160
825764323335118848
825764449353101312
825765457063985157
825766120305065985
825766330783592448
825766522211667968
825766645767344128
825766663115112448
825766840697765890
825766912244092928
825766916685836288
825766935786881025
825767159179538432
825767440969641984
825767636734652416
825767828896653312
825768499578601474
825768922611748864
825769250728075264
825769527367569408
825769583625719809
825769636994101252
825770185667801089
825770289543966721
825770524173287424
825771004676960256
825771476234227712
825772146186186752
825772914033188864
825772991883669506
825773006278508545
825773065690812417
825773580956770304
825773653560287235
825773806220431360
825774209565675521
825775007724736513
825775555303858178
825776476666540032
825776722515750912
825777573355360256
825777617102008320
825777634432909312
825777861667778560
825778041674670080
825778311682940929
825779389191290880
825780558936547329
825781028283379714
825781598465454081
825782359974932480
825784394677878784
825784454060834816
825784457001050112
825784471597281286
825784579118268418
825786945879973888
825786981850415104
825790444814659584
825791310741204992
825793744704303104
825793832923041792
825794131935035392
825795359515500544
825795568115007494
825795658930147328
825796240944328707
825797125552345088
825797461520289793
825797479807537154
825797852152553472
825797854107205634
825797950097981440
825798113784950788
825798400188829696
825798634432241665
825798767379152900
825801987790876673
825802992054050817
825803808135577606
825804540498829314
825805081186619393
825805461882560512
825805791894585344
825806282149990405
825806735617179648
825806944262725634
825807119052062721
825807790748889088
825809176886702081
825809237976743936
825809256347815936
825809272848134145
825809299926548480
825809324085768193
825809334206599169
825809552339763201
825810424893353985
825810759024250880
825811458688708608
825811930698878976
825813131851096065
825813191104004096
825813292450996224
825813329411239936
825813378048356352
825813522890313729
825814080665563137
825814780506054656
825814914807775233
825815257838997504
825815664455741442
825815694285688832
825816087551995904
825816149875109895
825816175192002560
825817189462732801
825817253480431616
825817299307347968
825817444673519620
825817770076037120
825818184070660096
825818808032096257
825818808032096257
825819004077871106
825819305044492289
825820293969084417
825820325996789764
825820845150973952
825821223523381248
825821227180818432
825823571452817408
825823654978129922
825823727405375488
825824432555950080
825824435533914112
825825330556440578
825825854940991491
825826085669466112
825826688831516672
825826971334619137
825827386168074240
825828804778090496
825828808087437316
825829566107250689
825830223602122752
825831029566996480
825831223742328833
825831754888011781
825833168276185088
825833455758036992
825834131778998272
825835244645445635
825837200432590848
825838234500345858
825838948744261633
825839283122630660
825840860147380224
825840954615685121
825841087172452352
825841343603867648
825848005467242496
825851362097426432
825852370462638080
