868980210527608832
868995313071251457
869002620018544640
869008649288634368
869009002167926785
869010411911249920
869019600741998592
869025512970178560
869029152694915072
869030927774527489
869040133277929472
869040614612111360
869046034378309634
869051515272560640
869051628455948288
869051877274595328
869055416981999616
869055598935126016
869055713473167361
869056993964822528
869057359779426305
869057382885859328
869057399541440513
869057473218400256
869057715162808320
869058248430800896
869058970509553664
869059791938781184
869064241856249856
869065231129092096
869065234102841344
869066850436599809
869066960352489472
869067741373898752
869068074686849024
869070807485566978
869070814724882433
869071397015912448
869071944330686464
869072593558663168
869072841857269761
869073063677222912
869076090731601920
869078760015921153
869079178745966592
869082041257799680
869082779631443968
869083151624175616
869083268603367425
869084236808114176
869084294035013632
869084622864265219
869085207659524097
869085911488835584
869085938504388610
869087164134445056
869088335276326913
869088927851958272
869089798153285633
869090477789851648
869091832323424256
869092206719774720
869092476849729538
869093030204198912
869093196760043526
869093765201379328
869093777591455744
869094654540738561
869094785893531648
869095465626861568
869097021864542209
869099057003802624
869099849077096449
869100153495461888
869101007086792704
869101199651479554
869101826435579904
869102968292986881
869103768612331520
869104477600718848
869104752830951424
869104798892793856
869106861865414657
869107184583544832
869107972944867329
869109106023567364
869109543611101184
869109706559803392
869109980548476929
869110445256429568
869110616082046976
869110790309253120
869111209202733056
869111975648907264
869112745446322176
869113417872879616
869114874563047424
869115001218502656
869116113350791168
869117112475889665
869117341682020352
869117477267156992
869119211544752128
869119749074169856
869120505315446785
869120704897310724
869120764959707136
869121571734138880
869121771747684353
869122996874735616
869123012171374592
869123599617019905
869125256610541569
869125320791732224
869126291978694656
869126367581003776
869127632859824129
869128063606431744
869128341625991168
869128561600417793
869129331129364480
869130939519033344
869131211993739264
869133711702405120
869134167136665600
869134841845075968
869135275179606016
869136026043912192
869138044779188228
869138983716093953
869139641634607104
869140628281712643
869140662603706368
869142077476675584
869142225871138816
869142418100285440
869142547159011328
869142780387270656
869142839371997184
869143432949710848
869143846613127168
869144383035256832
869145331858112512
869145523814621184
869146315409829888
869147923862478848
869148182810415112
869148548692144128
869149231650680832
869149346096394240
869150494316429312
869150762827472896
869152342997958657
869152607528505346
869152848948457472
869152874793771008
869153641411641344
869156266274414592
869157682854244352
869157745508859904
869158441083908097
869158481852604416
869158781233504257
869158893984903169
869159393069223936
869159913414574081
869160261944397824
869160935415398401
869161410110115840
869162294231609345
869162921192017922
869163553122635776
869166326031556609
869167689218088961
869169915193962496
869171364061618177
869172165966532608
869172925491892228
869173058317295616
869173882762084352
869173982997729280
869174155815636992
869174206365409282
869175396092096512
869176005558247424
869176499366236161
869176506693689344
869176735862067200
869178492235153409
869180292405264384
869180437717032960
869181248857657346
869181595642720256
869182136204525568
869182770303598594
869182991293046784
869183460711305218
869183722410708992
869184931473354754
869186080293212163
869186307314069504
869186666703060993
869187001106432000
869188058243100672
869188781991227392
869189073369522176
869189082802475008
869189240554500097
869189283189600256
869189460847730688
869189835873038336
869189990688968706
869189994652594178
869191590010646528
869191607400189954
869193432379650048
869194871017541632
869195415413043201
869195416646103040
869197985510555650
869198325752315904
869199258645299201
869199511352168448
869199598857764864
869200227332501508
869200992637726720
869201810195705856
869202751464583169
869202837913432064
869203086484455427
869203255292604420
869203259658993665
869203728041205760
869204014411468800
869204261770592256
869204991839522819
869205153156673538
869205423030583296
869206475108999170
869206653098496001
869206705468559360
869209188060344320
869209411717390337
869210497509445632
869210611992981505
869210987379003393
869213061885960194
869213864432467968
869213923811237896
869215107619934208
869215837617520641
869216675018809348
869216747513139201
869217091580289025
869217127210811397
869217518203920384
869217959155122177
869218191100325888
869219736210591746
869219834600579072
869219839939936256
869220376177496064
869220694193733633
869221417488928768
869221807764721665
869222260682493952
869222728934375425
869222855342383104
869222995205787649
869224325957771264
869224367225532416
869224499677409282
869224919971844099
869226072704942080
869226378755006464
869226942196850689
869227526933041152
869227650606301185
869228009449902080
869228769248235520
869228952128286720
869229321424076800
869229363421745153
869229364965191680
869229934773981184
869231006699724800
869231463702683648
869232627194232832
869233081907109888
869233177436590080
869233401219489793
869233845849145348
869233961494614016
869235084439769089
869235828593233924
869236298086842369
869236724530130944
869236745879072770
869236901701726215
869236945934835712
869239551130300419
869240166531072000
869240815171850240
869241581005680640
869242165620338688
869242513269415937
869242879138570240
869242918334287876
869242964865888256
869243200283783168
869243784600727552
869244316547502081
869245431578079232
869245462737428481
869245482865799168
869245946294550528
869246583933554689
869246884057141249
869247628827131905
869247631037407233
869247770569396225
869248184341733376
869248412587352064
869248675356315648
869249378900430850
869249737110806528
869249883630338048
869250153139634178
869251162737975297
869251260960182273
869251696979046400
869252007978303489
869253104591659008
869253235395186690
869253346527498240
869253390802530305
869253694650548225
869253816662806530
869253925203038210
869254224537939968
869254264685817858
869254478297518080
869254487046795270
869256941171863555
869256991885209601
869257756603285505
869258502094671872
869259190786678784
869259676352991235
869260115173617665
869260275328851970
869260735964229632
869261498887135232
869261687752466435
869261918095134720
869262166733590528
869262913718157313
869263340882640896
869263372339953665
869263684136259584
869263735470338048
869263781792292865
869264027351994372
869264262413385729
869264304834461696
869264928502403072
869265122732253184
869265190583488514
869265537829928960
869266043927224322
869266797056360448
869267106390585348
869267139789824000
869267141412999169
869267295465390080
869267546310156288
869267619643355136
869268107780640768
869269820537274368
869271090492829696
869271269727973376
869271889864265728
869272078087856134
869272322146000897
869273541409210368
869273565706809344
869273634203852800
869273816396156929
869274323806302208
869274327954444288
869274439317323776
869274922152935424
869274973705207808
869275511373090816
869276069005672450
869277028926836737
869277047536922624
869277966508982273
869279086811594755
869280156564815874
869281807543488512
869281863935959041
869282205574549504
869282293894041600
869282355051020289
869282603727114240
869282762167070721
869282972767330304
869282999841374209
869283088945352704
869283130804506624
869283769458589698
869284937186369536
869285435884937216
869285753695518720
869285998173323265
869287439449243648
869287463164018688
869287471988830209
869287997170122752
869288469511712768
869289158761529344
869289217003839489
869289759453171712
869289852755488770
869290171996438531
869290525379239936
869291025109594117
869291377154289665
869292059353645056
869292924005220352
869293183192190977
869294469585219588
869294846590177280
869296067157917696
869297303269646336
869297543095648262
869298474575122432
869298501271814146
869299057864441856
869299617241997312
869300267354927104
869302470052282369
869302771899658241
869304626645835777
869304777431285761
869305520414445569
869305827685015554
869306208494268416
869307560398114816
869310296866803714
869312027688189952
869312404664066049
869314185544466433
869314687778910208
869318644085510144
869318759571476481
869324910337953793
869327506226196481
869334244069453825
869342354855124992
