832016647359754240
832021868181909504
832024207508779008
832024830841090048
832027980440469504
832028654549028864
832031746799652865
832038612069871616
832042407193608194
832043084712116230
832043456742772736
832046850354069504
832050358750953476
832051395742167040
832055185258078209
832059172418179073
832061949282287618
832077045869969408
832077058339721216
832083666331316224
832085704771502081
832088506172317696
832089095656632320
832092147474128898
832092415024562178
832093664419655680
832093919093653506
832096595642613760
832097681090740224
832099178922799104
832099847675244545
832105085958254593
832105308214419456
832105510358773761
832107244674244608
832109428392546304
832109646341140480
832110791461593088
832110888291282944
832111925899169792
832113539124981760
832113932361932801
832114358557745152
832114526501863424
832114626208858112
832116530917814272
832117078069018624
832118150640439296
832119619641040897
832119810637066240
832120021757333504
832120058004516864
832121253628669954
832121668097110018
832122164111343616
832122295170764802
832122342826459136
832123516497620992
832124215537049600
832124229789315072
832124468797591552
832124487072116737
832125197939593216
832125562663604225
832125674882220032
832125888363950081
832126187417788416
832126725047930880
832128368552329220
832128986729705473
832129017348231168
832129111913033728
832129903810129921
832130831044993026
832131728605069312
832132851676172288
832133277024735232
832134597936836608
832134895103307776
832135408788062208
832135699084279808
832136052022259712
832136065054015488
832137445122650112
832137646218604545
832138062071214080
832138327692308481
832138997887549441
832139718636732418
832139816540192768
832139823699939328
832140504125030400
832141068640542720
832141095865815041
832141901516128257
832142078700290048
832142194442014720
832142957444792320
832143474493374464
832143542675869696
832143608564350976
832144509685215232
832144559123611648
832144669182140416
832146230805278720
832146835439513600
832147603215286272
832148756766322688
832149057825017856
832149645270908928
832149777517309952
832150052147695616
832150075564371968
832151192985825280
832151431373287427
832151571744116737
832152001119211521
832152122074468352
832152544713592833
832152557493616640
832153620628008964
832154392891629568
832154739987116032
832154775554760705
832155903759613952
832156550861058048
832156732688363520
832157777372049408
832157859442020352
832158060395241472
832158506795073536
832158816078802944
832159576350826496
832159928563412992
832160845199187968
832161531957764097
832161773205733376
832162210243866624
832162832313679873
832163085163102208
832163970492493825
832164347950542848
832164500409180161
832164571360088064
832164897907671040
832164958133682176
832164974474588162
832165041386487808
832165334115184642
832166716729937920
832166836196159488
832167642844766208
832168919418994688
832169510417289216
832169709168640000
832169713409069056
832170462541123585
832170768725315584
832171712355647489
832172012135149568
832172070704398338
832172642610343936
832173436868972545
832175199692926976
832175202234691584
832175668301484032
832177710797561856
832177947184340992
832178166882062337
832178509019746304
832178720047759360
832180545912188928
832180799889747968
832180988289642496
832181115192369152
832182197620768768
832182224631926784
832182734512611328
832182744046256129
832183174432227335
832183600971800576
832184146743136258
832185624090312705
832185781427003393
832186538062704640
832187213819572224
832187562534002688
832187800317485057
832187901152628737
832187952776245249
832188219886182400
832188246331252736
832188781562298368
832188950521393152
832189301131653121
832189902930472960
832190986952593408
832191081928355841
832192243922505728
832192459887230977
832192533853794305
832193769705312258
832193780052791302
832194185524568066
832194586525175808
832195439944282114
832195504780017666
832195631976374282
832195908217487361
832197766335979520
832197840969539584
832199073323061249
832199312406827008
832199574114676736
832199668851367938
832199777349689344
832199947474726912
832200041922170881
832200083903021056
832200342565748736
832200853570383872
832201042024595462
832201582351630336
832201582494175235
832201876359622657
832201927635062786
832202234758721537
832202379374194689
832202576519188480
832202644122923009
832202940521775105
832203042317549568
832203199272542208
832203642920898560
832204010992128000
832204050137567234
832204428052721664
832204718789242881
832204822224965637
832204965229785089
832206054448574464
832206176817254402
832206225286758400
832206861810147328
832206943745880065
832206958321082368
832206966269292547
832206996203925504
832207369933303809
832207987280400385
832208189521272836
832208301668581376
832208320240951296
832208351647764481
832208374834008064
832208410334547968
832208736647122944
832208940763062272
832209038159003648
832209041661235200
832209109193728000
832209486089588736
832209897668345856
832210302435463169
832210857278980096
832211049797517312
832212649693835264
832212943362207744
832212959522852866
832212960844115968
832212962362417152
832212973452197888
832213206030487553
832213446456442881
832213744725921792
832213908115058688
832214071990747136
832214205528961024
832214375083757568
832214494961074176
832214630168666112
832214795348738050
832215116909248512
832216295558963200
832217742782693376
832218128570523648
832218149038780416
832219338522361856
832220787197280256
832220961827086338
832220968156327936
832221828517085185
832221962244128772
832223549238759425
832223765593350144
832224021911592960
832224073786806274
832224284902817792
832224297599041538
832224498099318788
832225469776924672
832225482326286337
832225872501424128
832226035005587456
832226323661783041
832226975536259072
832227147892785152
832227890829938689
832228003266568193
832228043364171780
832229126954102784
832229536695717889
832229849142013952
832230899856977920
832230927711535104
832231162990968832
832231487554592768
832231723358355457
832232196870127620
832233294422999041
832233368720961536
832233421866926081
832233856405295104
832234611023294464
832234935146659847
832238643943178240
832238984332005376
832239162224943104
832239372288323584
832239927110807552
832239969997619201
832239984400793601
832240596404170753
832240792555057152
832241767651106816
832242374843719680
832242999270715395
832243142392938497
832244234879131648
832244946568634368
832245322004865024
832246287051407360
832246435341074432
832246712701825027
832247152114020358
832247434944401408
832247883890040836
832248027255599105
832248161259360261
832248307313422336
832249157578530816
832250222331908096
832250709861085184
832251234639831040
832251445483286528
832251852385304576
832252057386156032
832253188346675200
832253915903176704
832253922840449024
832254003912249348
832254330178789377
832254610299568128
832255081521229824
832255300728127488
832255704773849089
832255813913817089
832256722169311232
832256765983088640
832256989715693569
832257256083238913
832257421095616512
832258242818482176
832258257481773056
832259044840607745
832260479099731970
832261596558848000
832262163037319170
832263273005330436
832263411471876096
832263580762390528
832263963631087616
832265805702234114
832266967717273600
832268970472435714
832270947130494977
832271361187991553
832272458505998340
832273339704102913
832273339146203141
832274676361555968
832274925444591616
832275337367130112
832275441755049984
832276003909144577
832276041250922496
832276409800392704
832276524682326020
832276546555613186
832276575785668608
832276695998672897
832277135859515393
832277218122412032
832277323684655106
832278607452061697
832278897479806976
832278987804020736
832279848542277632
832280005581402113
832280055439056896
832280900503269377
832281209417916418
832281625316691968
832282594225975296
832283221073223680
832283476644753410
832284044675125248
832284754099707904
832285280258383873
832285325833732099
832285711583821824
832286772876935169
832286851406917632
832286878992830466
832287779719634944
832287870153064448
832288087652851712
832288438426677249
832288453257728003
832288457091342336
832288790974722053
832289385785786368
832290019977023488
832290097768718336
832291701536456705
832292221353328642
832292234049499138
832293231572447233
832293437034618882
832293786239766528
832294246875090944
832295247141076992
832295274198552576
832295746099617796
832296400683724802
832296713138364417
832298717747126272
832298789146869760
832299946934140928
832300920205631489
832301034462670848
832302603908296704
832303043672670208
832303539166838790
832303697153687553
832303749582508032
832304170833166339
832305741331468288
832305938631634944
832306008244498435
832306073000345603
832306786443079681
832306916948897792
832307951767605248
832308409005404165
832308414965391362
832308571928944640
832309150650478592
832309326438076416
832309666117976064
832310891408396288
832312041029455873
832313270778331136
832314093293932544
832314593745727489
832314600251129856
832314872931160064
832315000991731713
832315378768474113
832315402860453888
832316291671265280
832316639131664386
832316639131664386
832316722220785664
832316948574777345
832317475748511750
832317895178854400
832318510105821185
832318638946447360
832318638946447360
832319342859657222
832320408800079873
832320499682332672
832320537955274753
832320628866826242
832320739126685696
832321431052615681
832321586426499074
832321896398065664
832323008698126336
832323774280253440
832323790361157634
832323968644300804
832324191068311553
832324206985625601
832324376104165376
832324757408403456
832325232102772736
832325852863959040
832325872967249920
832328007738077185
832328195122855936
832328509703995393
832328897073016835
832329079005274115
832331190904422400
832333726755409920
832333736716926978
832335996746358787
832338741205270528
832339545932828672
832339655915872260
832342209315950593
832342764473970688
832342849345638401
832343428356775944
832346127877947392
832347060670234624
832347670412926981
832347901007372288
832347972323012608
832348839684235268
832349614875537408
832350124357537796
832352170167132160
832352490871926785
832352675609993216
832352917797662720
832352923883622400
832353213689057280
832353533047369728
832354666071605249
832355402440441857
832356409190862848
832356788473384961
832357895102554113
832358808395595777
832359002222653440
832363463339020289
832363547321520129
832363937375088642
832363957964906496
832367679600283648
832367830544838658
832368000581902343
832369637631393798
832371071806472192
832375245881352193
832377682604212224
