897608877117771776
897611156738760704
897623954629722112
897625118104576001
897625554450620417
897628931410579456
897639057932603393
897649921482010624
897651135389065216
897651185301192704
897653934101344257
897654176339165185
897658609307406336
897661783456063490
897663203609542656
897663559722815488
897664481693749248
897667174076166144
897673650207371264
897674343827652608
897679764965564416
897680650152673281
897683586815492096
897684354125770753
897684693805662208
897684881697894402
897686106627608578
897686851661770752
897688880127897600
897696224173850625
897697483299729409
897698102425079808
897698408445726720
897698689531203584
897699449262280704
897699908702154752
897700322029838336
897700474396299264
897701071690354688
897701176837320704
897703578562854912
897703898852577280
897705110918373376
897705175615516675
897705193915240450
897705676180516865
897706591507623936
897707553089630209
897707843117355009
897709951120011265
897711058097496064
897711915438399488
897713140162592769
897713450910191618
897714457043972096
897714552665763840
897714679421841408
897715123258875905
897715149007708163
897715316712779776
897715464108953600
897715603347312640
897715920096854018
897715984605347841
897716079992164352
897719056442306560
897720703159595008
897721446440603650
897722119060156421
897722454810013697
897722864509603841
897723054066982912
897723963106832387
897726490338623488
897727466562834434
897729652982255619
897730480262586368
897731700050071554
897735199571800064
897735613084053505
897736902274625536
897737664220336128
897738195600904192
897738921655848962
897738947924721665
897739936505384961
897739980826701825
897743008887488512
897743301071319040
897743559822110721
897744750769557504
897746753881071616
897748488024240128
897748522568515584
897749195406405632
897750411032969216
897752286692339714
897752455240441856
897752554192330753
897752881314582530
897755257073172480
897756887348789248
897757715300220928
897758032750313473
897758520967397376
897758863037915136
897758923834503168
897758929748238337
897759073994776576
897759584487481344
897759853367754752
897760099384668160
897760147229089792
897762707319005185
897763481692372992
897763853450268672
897763856889425920
897763965597396992
897764351523909633
897764797885931520
897765055990820864
897765782981009408
897765931727933440
897768918760251392
897768932454653952
897769115947020289
897769209303883778
897769365533274112
897769788625354752
897769793956323328
897770326334910464
897770377216217089
897770522456576000
897771067678359552
897771393961660416
897771745037475840
897771904735608832
897772080019668993
897773078851223552
897773456892342272
897774950760763393
897775038056865792
897775517620764672
897776904475996160
897777772365533184
897778161156587522
897778454493614081
897778507425755137
897778963585667072
897780848610738176
897782066175193088
897784144511553536
897787021611200512
897787113646809088
897789258970353669
897789959767289857
897790050561347586
897790568490827776
897790826893463557
897790912700571648
897795384092893185
897795555375677441
897796678744510465
897797164503584768
897797205507153922
897797607636045825
897798510376099840
897799113240182784
897799801764327424
897799923420233728
897801366294454273
897802474878189569
897803024445448193
897803777075490816
897803940863111168
897805153134313473
897805861564723200
897806735133618176
897808066019696642
897808159066083329
897809420352184320
897809740109156352
897809929670721539
897811038531231744
897811079878672384
897811366383427584
897811622919581696
897811965191520256
897812159576629249
897812418075672577
897813341053136896
897814845072039939
897818434959966209
897820252150652929
897821206665187332
897822358328815617
897823315703758848
897823507504971776
897824021751840768
897824649731506179
897826048313888769
897829126542938112
897829801117052929
897830145280618497
897830658826883072
897831587886354433
897832801478877184
897833543463731200
897834251764289537
897834571433160709
897834992197304320
897835347790503936
897835515642355712
897835935915794436
897836048776138752
897836333162483712
897836915503890432
897837091148767232
897837150410076160
897837946367299585
897838277599920128
897839065407438848
897840256531169282
897841047023353856
897841223293173760
897841365090021377
897843144322031616
897843491513827328
897843944410808322
897843966820986881
897843998378913793
897844426571223044
897844605751672832
897844937424809984
897845039753293824
897845908708106241
897846660142743556
897847504452157440
897847511670558721
897847805137494017
897847824339136512
897847941985128448
897848196524912641
897848298765242368
897848302879866882
897848438947291137
897848528558489603
897849232429907968
897849262704386050
897850260516737024
897850444382433280
897850646149435396
897850925041176576
897852618290200577
897853481607979009
897853956533223424
897853967081902080
897854095746138112
897854512026632192
897855523420225536
897856280617996288
897856404492562434
897857562271522816
897857623432851457
897858119304433664
897858307163082754
897858428311392257
897858554970783744
897858705148063744
897858853731094528
897859038397874178
897860000604925953
897861910355464193
897862856573681664
897862918410293250
897863000236978180
897863170127220737
897863829819990020
897864947350216709
897865181451235330
897865549459410944
897865739146731520
897865775817478144
897866083075596289
897867094011858946
897867192804532225
897867236165259264
897869246348263425
897869320809828353
897869349075210241
897869348966207489
897869350950096896
897869351025610752
897869744002527236
897869893336543232
897870729093328896
897872006808522763
897872365408976896
897872929215664128
897873095612092419
897874687346257920
897876263930535937
897876296696516609
897876389013147649
897876394776170497
897877887419863043
897878036078579712
897878339481780224
897878420348170240
897878695301586945
897879309712359424
897879396660465666
897879398619205637
897879659114668034
897880647552958464
897880911634681856
897881181894705152
897881240178708481
897881795647217666
897882432434786308
897882594401976320
897883532709777411
897883591253872650
897884056544792587
897884063775772672
897884227282382848
897884666866356234
897885103027757057
897885632088821770
897885654868217859
897886748260356105
897886904707932160
897887035251449856
897887220836782083
897887316911501312
897887744067809280
897888292653420549
897889122630684675
897889470242017288
897889472985133056
897890027786686464
897890964798361601
897895747730907137
897896343049580544
897897899790655489
