837814855054802944
837816195558453249
837818600287318016
837818861391069184
837819723119267840
837820521681154048
837821304250253313
837829088198873088
837829542119161861
837829956000448512
837832300511522816
837834755232116737
837835799509024770
837837385090088960
837845052374331392
837845741297152000
837846092616253445
837853707425439746
837857671860494336
837857675383881728
837858943435079680
837860150782341120
837860226334257152
837860231921164288
837860422627835905
837867371159248896
837867422208176133
837867466000850944
837867558107754497
837875254760472577
837883561361432576
837884115026391040
837886661065334785
837888433146236931
837889034068373504
837889101688885252
837890352296099841
837890352296099841
837895313469792256
837900121329147904
837905451878662144
837906145972924416
837907215625273344
837911362915471361
837917151214305280
837918848364003331
837920549703675904
837920648055881728
837920828729745408
837920878641971200
837922331146100736
837922334023553025
837922736433418240
837924343099305987
837925694126637056
837925915791343616
837925951463960576
837928081251762176
837931635463028736
837932283281698817
837932687348359168
837933237229993984
837934221343719424
837934275488010245
837934797561397249
837935651110731776
837935764063256576
837936384761556993
837936881937547264
837937129611214848
837937368602656768
837940747651465217
837940838827196416
837940915335479296
837940977172107264
837941005223673856
837941093710778368
837941101034078210
837941454945255426
837942410357391361
837942567144730625
837942718349242368
837944394548457472
837945090622488576
837945263528505344
837946365649039360
837947202752417800
837947474748792832
837948601447809024
837948873343631360
837949133180841986
837949759524589569
837949786691076097
837950335629078528
837950750508613632
837950789427539968
837951537255231488
837951628594536450
837951810967068672
837951919716978688
837952656308060160
837953179656519680
837953529327267840
837955110969946112
837955392667709441
837955865965645824
837956129187577856
837957256327004160
837959609625231360
837959618424774656
837959786209689602
837959908511338496
837960033199599616
837961266618646529
837962202443366400
837963002750058497
837963027928473600
837964081919315968
837964525588660224
837965236900618240
837965556892454912
837965610881515521
837965850829328385
837966010934259712
837966475302416384
837966755557437440
837966944917667840
837968195470376960
837971551182073861
837971932104515586
837972423530041344
837972689755189249
837973238181416961
837975568402563075
837975791052926976
837976632950423552
837977421395673088
837977734680875008
837978028479229952
837978422236200960
837978491958214656
837978568227454976
837978747903033344
837978843445145601
837978886579322881
837978903150997504
837979098081296384
837979274862788608
837979407805472769
837979569621766148
837979758445092864
837979860878376960
837979877882097664
837980251837906945
837980949409382401
837981685664919556
837983253453811712
837983874626039808
837984061708697600
837984387350278144
837984410637111296
837985408306798593
837985739463876609
837985772737335296
837986066409881600
837986080775368704
837986083501666304
837986093467336704
837986099469365249
837986166628548608
837986558988926976
837986712701845504
837987242677153792
837987716956483584
837988491971670018
837989254902988800
837989461719986176
837989556129390593
837990231060135936
837991300087562242
837991630850375680
837992477906849792
837993224748871680
837994292085932032
837995152690008067
837996048484282368
837996630372675585
837997155545669632
837997261678391297
837997448463331329
837998013855514625
837998370455080960
837998865806725121
837999348189380608
838000231220379648
838000461785542657
838000626881740800
838000704706981888
838000777977294848
838000863075512320
838001080667684865
838001941779206145
838002224198451200
838002877268381696
838002935892230144
838003347877740544
838005187017072640
838005479842414593
838007264720060416
838008271990579200
838008298502819840
838008466044305408
838009031482560513
838009403618037762
838010394966896642
838011147324428289
838011481316802560
838012698336067584
838012827994566656
838013853103443968
838014068518760448
838014662885146624
838014910256799746
838015962737696768
838016565312356352
838016717049622529
838017321528537089
838017966289584128
838018540091375617
838018851543609345
838019148416495617
838019571667853312
838021232272388096
838021235057504258
838023322512281601
838023615811629056
838024542366937091
838024894709444609
838025215884021760
838025522038833153
838026086185373696
838026150102331392
838026249989664769
838026325482999808
838026363953156096
838026367778316289
838026434056708096
838026652722446337
838026691603750912
838026695806443520
838026886395621376
838027310162927616
838027715630485504
838027737717694465
838027774698868736
838027869074894849
838029248904454144
838029282970636288
838029957611851776
838030088243462144
838030622132224000
838032374810218496
838032622697709569
838033112638566400
838033120200900608
838033164161454080
838033452016549888
838033808041521153
838033915050921984
838034396443635712
838034553553977347
838034926054289412
838035140412588033
838035375037755392
838036441997402113
838036775872397313
838036997176455168
838037107574726656
838037295815094272
838037366765944833
838037407916261376
838038192884441088
838038280516091908
838038670213058560
838038701972336640
838039200838594560
838039443793674243
838039490404958210
838039578518806537
838039705455308800
838040138794037248
838040789838082050
838041344765542405
838041381243346944
838041637947379713
838041953262411776
838042247727820800
838042898067259393
838043232521027585
838043358203424769
838043962313216000
838044127883325440
838044158493396994
838045119072841730
838045711442796544
838046084765200384
838046383852617728
838046394594230272
838047540700450825
838047592781086721
838047715384823809
838047980649316354
838048238880112644
838048646817964032
838048687771299841
838048996048441348
838049999728553984
838050189231345666
838050379824783360
838050519037902848
838050540206579713
838050642816036864
838050715968897024
838050837863747584
838051529894604801
838052482395815936
838052675388329986
838052829575041025
838053447207374848
838053754775695361
838053957729660928
838054022498111488
838054040168710144
838054314014834688
838054424924852226
838054462065369089
838054566021201922
838054689996427264
838054831206072320
838054912302931969
838054978346418176
838055131992244226
838055362414657538
838055683287363584
838055760969908225
838056446591963137
838056744697937920
838057865373962243
838057903898578946
838058695149813760
838058722463199232
838059825401643011
838059920717197313
838060110647865345
838060471806738432
838060503813468164
838060558716907520
838060565968863233
838060682679562240
838061433812320256
838061838004793346
838062396149280772
838062631827144704
838064524699844609
838064824928124928
838064870851510278
838065515847364608
838065549900935169
838067438348566528
838068267482755072
838068826583465984
838069537832579077
838069832679583744
838070285484113922
838070389599150080
838070404669374465
838070852071612416
838071546124058626
838072093828841473
838072793044566016
838073181965537280
838073411637293065
838073580206309376
838073639534755841
838073890391871495
838074108369850368
838074342462402560
838074931720175619
838075080710189056
838075486668480512
838075760132837377
838075895881560066
838076161796210690
838076231128084481
838076262669221889
838076916653514752
838077065777856514
838077137496211456
838078292007747584
838078400401043457
838078678735020033
838079057594056705
838079107229450240
838079108512956417
838079301970980864
838079562894430208
838079596356567041
838079652015005696
838079889236496384
838079948921405440
838080056282972162
838080217797242881
838080349737521152
838080467534495744
838080943122444294
838080984100847618
838081270424961024
838081968659116032
838082302387367936
838082461565251585
838082510403796992
838083249234661377
838083337273094145
838083952237817856
838084392295747584
838085205529350145
838086580023750657
838086645786243073
838087484454076416
838088744594857984
838088854317981697
838090226476204033
838090278187720704
838090809283076096
838091230919667712
838091233633439744
838091293821657089
838091651440590848
838091705832378368
838092769830780928
838093353866653698
838094059101171714
838094295311794176
838094604259962883
838095004430123008
838095160055640065
838095268826464258
838095598951727106
838096385283141633
838097333569089538
838097342389682178
838098236099473409
838099810121043968
838100025381003264
838100097527394311
838100103474921473
838100958357950465
838101747000303617
838102941798174720
838103753777623040
838104199212724224
838104668093833217
838104794958966784
838104908423446529
838105053332451329
838105212434989056
838106020396216320
838106614955720705
838106925942243328
838106951997247489
838107058671071232
838107921137430532
838110027785228288
838110750317162501
838111309086482433
838111371128614913
838111722103693313
838112693974355968
838113037005418496
838113966211674112
838114402599477248
838114515942313984
838114833975255040
838115327628181504
838115617110700032
838116062486896641
838116445733195777
838116510958694401
838116843294425090
838117476453998593
838117680846622724
838117849080049665
838119704094994434
838120266152685569
838120855041421313
838121302770728961
838121454411612164
838121834080010242
838123266879459329
838123660321906689
838123995815792640
838124057400848384
838125178232143874
838125409875152896
838126856373071872
838127005031927809
838128844557152256
838128878904356869
838129410305835008
838130091808944130
838130703577530368
838130895143976960
838131326888849410
838131607814955010
838131942784643073
838132150310420482
838133080678363137
838133473193799681
838134564140826629
838135323175550977
838135514255527939
838136054137802752
838136110974918661
838136503083532288
838136714401099778
838137296327094272
838137599919271936
838137747051319296
838138098366164998
838138993640357888
838139280757227522
838139695380865024
838140578428768256
838140714789777410
838141301463863296
838141543957540865
838142308415647744
838142565564166144
838142700348043264
838143450272960513
838143483445661696
838144103833550849
838144144480534529
838145479129108481
838145952452067328
838146426685120512
838146590053388288
838146669346717700
838147045424779266
838147821983449088
838147874403790849
838148799440683008
838151095390105600
838153645371736064
838153924217565184
838154117977604096
838154253780791296
838154472689905664
838154662016614400
838154864056238081
838156624502091776
838157083405012993
838159434073395200
838160490194952193
838160618704228352
838160704268021764
838161053410279424
838161155054919682
838161695562326016
838162144076132353
838163010443177984
838163746556100608
838164244529020928
838165231641759746
838165258212622338
838165396989571074
838166447855710208
838166466310651909
838168526946988032
838168741863120897
838169515368271873
838170179695673345
838171507297779712
838176204121309184
