872241707101892609
872242394074423298
872245377117941760
872246361785122816
872248032766676993
872248934047109120
872250597759631360
872255583834914816
872256808034992130
872268637637357568
872268966277914624
872271901065973763
872282523664916480
872283568877293568
872289718087688192
872299641768787968
872300107999399939
872300264392466432
872302105394126848
872303743143948288
872304261778087937
872305690081153025
872306639902298113
872308277278896128
872313079211716608
872313418841300992
872317204834000896
872318085713321984
872320460125609985
872322888338223109
872323886695763970
872324128640049154
872325123772121089
872325183952093184
872325353724891136
872326337607995394
872327840410337280
872328317696974848
872328700985036800
872331705440509953
872331801611706368
872332302545768448
872332387363037184
872332677583654912
872333034938413056
872335066239774720
872335752188788737
872338371833712640
872338598602973184
872338832275976192
872339063415742469
872339130545573888
872339644171636736
872339880306782210
872340966920814593
872341629797060608
872344909184937984
872344999173791754
872346472611762177
872346591184683010
872347402098933761
872347791191945216
872347875287736320
872348006133235712
872348211989671937
872348580941635584
872349249941405700
872350536107995136
872350804790923268
872350868598906881
872350892443480066
872351029517582337
872351446813093890
872351839093747712
872352116102266880
872352415902830597
872352592009023488
872352654558720002
872352973963362305
872354131809361920
872354880383586304
872356364269613056
872356377104142336
872356662300069888
872357659432951814
872357950463115264
872358467264286720
872358550579945472
872359102516690944
872359206606839808
872359241230766082
872359260373516288
872359361762426880
872359570643070976
872359614976856064
872359923455340545
872361212843106304
872362281660817408
872362312056926208
872362502050467841
872363364529340416
872364588188258304
872364808250822657
872365824119648256
872366843876560896
872367340415049730
872369770204729344
872370484830240769
872370654917668864
872371438103257089
872371806782488576
872372414851801090
872373643938025473
872373790239543296
872374085837357056
872374725292457984
872375009620234240
872375768759898114
872376399612583939
872376718115434496
872376918028562433
872377254629822464
872377600731164676
872378161010544640
872378576317894656
872379377660690432
872379408736296963
872379545109884933
872379631143464961
872379681227624448
872380392967479296
872381097845370881
872381559139164164
872382416261963776
872382580284325889
872384386506907649
872385409447284736
872385970452254720
872388132318130178
872389218156367873
872389465259552768
872390660938190849
872390830736199681
872391084059635716
872391161175998465
872392699646795776
872393392130596865
872393688051265537
872393730157948930
872395065620123648
872396429431582720
872396796345147392
872398398481215488
872398967824404480
872399189430464513
872399938386374657
872400224790208512
872402813963431937
872403239106490369
872403443117301761
872403573262475264
872405772831002624
872406871294050304
872407107513057280
872407274316341248
872407802689486851
872408132101734400
872409189016010752
872409630504300544
872410372489322496
872410874425856000
872411763291172864
872414074642071552
872414530873282560
872414958310625280
872416036229980161
872417575258521600
872418960976773122
872419473344606208
872419692077559808
872419702143946752
872421246386016256
872421890131996673
872422900896288769
872423457669218305
872424589296578561
872427093296111617
872427917032214528
872428652549550080
872429018942918656
872430602733187072
872431029407162368
872432566120402946
872432831154278401
872433844913410048
872435558915739649
872436750618165248
872437741765656581
872438003309871104
872439377464610816
872439813210877953
872441855480397824
872441990645993472
872443452700667905
872443525769592833
872443566982705152
872444677651410944
872445242653511680
872445742543253505
872446194630279168
872446631110684673
872446657555812353
872447568667652096
872448042896687105
872448199608463361
872449066185175040
872449809021632512
872450302028517377
872451015148273664
872451034190360576
872451173181267968
872452388879257600
872453102842114048
872453107590074372
872453651171815425
872454576162603008
872454683750805504
872455143303905281
872455583831646208
872455970588413957
872456176251936768
872456543563853824
872457715599028224
872459050570612736
872459093902077952
872459545410514944
872459993081151489
872460053030285312
872460535115255810
872460727847714816
872460737091960832
872462009404665858
872462851834880000
872462900740235266
872463090541088769
872463481869676544
872463614560669696
872465941862526976
872467994605211648
872468200184832001
872468669049262080
872468879653707776
872469341719195648
872469368646627329
872469656493281280
872469838467284992
872469929634779136
872469935594909697
872470276445003778
872470335773454336
872471502435766273
872472017739624448
872474106763104260
872475016155328514
872476356487110656
872476458601652225
872476663602393088
872476904674209792
872477391096094720
872478166207647748
872478213506822144
872478410735403009
872478912097406977
872479126149615618
872479471990910976
872480187077857280
872480439310667776
872480503571652609
872481455737376768
872483065293135872
872483297393352704
872483375478657024
872485528624648193
872485932561309696
872486215710375937
872487149710581763
872488023585435648
872488087238135808
872488445461102592
872489038187331584
872489799864680448
872490864383328256
872490941332033537
872491539720744961
872492053816647680
872493148886503424
872494513784225792
872494537167556608
872494645707780096
872494866005184514
872495207199240193
872495771765141504
872496549162610689
872497331379339266
872497731381727232
872497779905613824
872498088870641665
872498397256790021
872498541285052416
872499500253827072
872499754332151808
872501575922659328
872501715706064897
872502001204162561
872503139705946117
872503356421537792
872503765072359424
872504284650156032
872504312408276993
872504716550426624
872504827787460608
872505708075294720
872506033654177792
872507743965413376
872508199714390017
872508322309701632
872508406657146880
872508648261660672
872508732281954305
872508927543451648
872508997995311105
872509124507992064
872510159695732736
872510324062253056
872510354978467840
872511153494044672
872511165565468672
872511720316706816
872512153500123141
872512414750846976
872512470660726788
872513500651945984
872513649121820675
872514479296217092
872514608573054980
872515003269644298
872516744996306944
872516758711750656
872516912357441539
872517672948441088
872517721275195392
872517801747107840
872517858630172672
872517888632029195
872519603154505728
872520312419741696
872520391838793736
872522179342065664
872523041292636164
872523299749855234
872523345014784002
872523740801839105
872524544996716545
872525435967590404
872525759360802816
872526435507896320
872526654018641922
872526777582792705
872527158173990913
872527342261993472
872527386675490822
872528539437981696
872528595591335936
872528771265552386
872529739755421696
872529933368786944
872530864802074625
872531312309145601
872531394743980035
872531581314977792
872532592733671424
872532979402158080
872533273829715968
872533618853150721
872534942340837376
872535091687411714
872535272348626945
872535827431206912
872536034885726209
872536497999802368
872537754546180100
872538646666125312
872538852061310976
872539894526169089
872540125955145729
872540648452354048
872540765146288129
872540866912694274
872540875594792965
872541619416911872
872542168468029441
872543309746642945
872543698554322944
872544964802228224
872545368650723328
872545433213652992
872546173755830272
872547550041165825
872548785314033664
872549490502369283
872552163083300865
872553655660138496
872554786993971204
872555382962520065
872556517601538050
872557816883630081
872558356338155520
872558792847831040
872559894972571648
872561150726221824
872561833550413824
872565054939553793
872565113152196608
872566417073348608
872566418423910402
872566426598608896
872568302584909824
872569046126014469
872569307913388033
872570458725642241
872571608455684096
872573052390965249
872573086771675137
872573267831291905
872573831285755904
872573895047614464
872574971742171136
872580680735219712
872583330520322050
872584530204471296
872588994890092544
872591491457265665
872591809117118464
872594817108332545
872595406227521538
872596880110354432
