822594562782859264
822594910574510081
822595665020723201
822600678447190016
822601440308891650
822603749713649664
822604435029454854
822605372947107842
822609661618716672
822610304878178307
822614357813198849
822620409786986496
822620686036434945
822623212232118272
822624763323514881
822625593862881289
822632702797086721
822633817076862976
822635893743816706
822636394266894336
822639864965459968
822642519460741122
822653096396488705
822654962874388481
822657172962234368
822670060837867520
822672653651767296
822672768797966340
822672774716096513
822681393750745088
822681763856207872
822684147479023617
822685064207224832
822685161162768384
822687450124390400
822688354097594368
822690766996860928
822695074320515072
822697746289324032
822699655104438272
822700261416325120
822700272015261702
822700526831882240
822700638337437696
822703697633361920
822704630480117760
822705447270576128
822706703682695168
822707833166761984
822707888426745856
822707952327004160
822708013081444353
822708315918626816
822708966207717376
822709563573108736
822709946546581504
822710555202949120
822710929443975168
822711712373702656
822712688606253058
822713409858736128
822713603648143361
822713905126383618
822714123792199680
822714400385613824
822714445335969792
822714678400794624
822714970542485504
822715266173804544
822715361564958721
822715362047303680
822715515009236992
822715530478059520
822715793917890560
822716060507873285
822716066614775808
822716269799428097
822716450720731136
822716469616242688
822716720594833408
822717822967091200
822717850833932288
822717928965636097
822718428075163649
822719985004912640
822719995293683713
822721761817100288
822722304287379457
822722764767395840
822723146151297024
822724186628116480
822724982446899202
822725536682274820
822725846402265088
822725964933296129
822726131363278848
822726918978027520
822727513772294144
822729070299451392
822729777878540288
822730458890964992
822732118681931776
822732588435513344
822735500050100228
822736720714203136
822737083609612293
822737158297518081
822737781780779009
822738054142042112
822739534274265088
822740249990361090
822740555650269184
822740783379939328
822742534434721792
822742603829510144
822742937071194112
822742971531558912
822743020554555392
822743075751677953
822743956903563265
822745071682514944
822745427011391489
822745461106896898
822745560780337154
822746642004709376
822746883206610944
822747102073720833
822748243146772480
822748766939713538
822749201696231425
822751292049203201
822751636921712644
822751711215439873
822752669483827200
822752795317174272
822753414308302849
822753777748938753
822754124492111874
822754290808881152
822755719040663553
822755718155685888
822755845444399104
822755910804275201
822756120984883201
822756678441406464
822756871723483136
822757186300301312
822757243703721984
822757527490269184
822760606797164545
822760658026565632
822761033056088064
822761217974530048
822761330771984384
822761466470207488
822761552210251776
822761735157334018
822761939285803008
822762109834592258
822762981003886592
822764004972101632
822764247792910338
822767176679424006
822768218389495808
822769100493492224
822769506842017792
822770501269405696
822771003545812992
822771546292965376
822771680418398208
822771913621733376
822771998313082881
822773112613863424
822773193903632384
822773214917099520
822774551402737664
822775160340156416
822775743843274753
822775756187168769
822776244420931585
822777707213848576
822777920313757696
822780134067503104
822780783626752000
822782144208629760
822782568479080448
822782610963214336
822782720543784960
822783446489579520
822784025978949632
822785061745528832
822785241261613056
822785281107644416
822785376720818176
822785821275258881
822787433402159106
822788899491762176
822789647415832576
822789753032626177
822790855954169856
822791755099676672
822793824191873024
822793992299577344
822794314757636096
822794664180908032
822795496465072128
822795590790680578
822795787193163776
822795807715889155
822795940440383489
822797225076150275
822797245993091073
822797780544552960
822798082295336962
822799043084558336
822799379593629698
822799511936438273
822800409572081664
822800583568621570
822800946191278081
822801018723463169
822802032725819398
822802080498905088
822802784181489666
822802892067377152
822803293558730754
822803484269391873
822803484739244033
822803801455235075
822804635589165057
822805281369374720
822805711726014464
822805870337728513
822805958971768833
822806094733053952
822806634305032192
822806904506372097
822807009967898624
822808084200493056
822808392918036483
822808968724615169
822809743202783234
822810073391136769
822810547150196736
822811753495011328
822811988967428096
822812647729090561
822812725994733569
822813125544124418
822813927075676160
822814013956521985
822814073322696706
822814126124789761
822814133745754112
822814420673957888
822814928302129152
822815060431147008
822815234050105344
822816064706871296
822817554129387520
822817930849222658
822818259414249472
822818411092803584
822818749094985728
822819800472756227
822820437843476480
822820654521155586
822821045354852357
822821059074424832
822821649896579072
822822006139785219
822822766382612481
822822811441868800
822823040316796929
822823322333253632
822823401752502272
822823911310168068
822824278114574337
822825986416840704
822826612534210560
822827451877359616
822827673135316992
822827863984533506
822828207405727744
822829113119490052
822830859711561728
822831021003591682
822831402702012417
822834316715687936
822834979252162562
822835784357126144
822836056668196865
822836156169650176
822837723258093569
822838070407995393
822838090448388096
822838744579354624
822839764357410816
822840805614292995
822841436362051584
822842220852035585
822842338909286400
822843096094429184
822843135256592386
822843719686770688
822844990544027649
822845218651246593
822845937173204992
822846062826258433
822846236268974080
822846480679436288
822846691464400898
822846696807927808
822847418710556672
822848186016559105
822848405307174912
822848463025143809
822848562472034305
822850707804094464
822850959240032256
822850976503635968
822851253868855300
822852166088007681
822852875986599936
822853076864241664
822853209647677440
822853677224525825
822853885933010946
822854234836082688
822854361680408576
822854828552548352
822855533057163268
822855537456885760
822857636991422469
822858211124539393
822858712490643456
822858790152314882
822858833768939524
822858932834201600
822859083799822336
822859726375518214
822860098032705537
822860401197142016
822861057240797184
822861568216076289
822862588052652033
822862829233590273
822862925559803904
822864618083221504
822865374349758468
822865786830262272
822866357100363783
822866496883978240
822866546062147585
822867276445544448
822868243115167744
822868288321581056
822868791356964864
822868861414502404
822869658952941568
822869756164403200
822869867539890178
822870455493111808
822870470588514305
822870605745659905
822872109281996801
822872547729567744
822872741841866753
822872826461859840
822873067584155648
822873497508704262
822873991039873026
822874157948006401
822874587931275265
822875015217577984
822875152350257152
822875443254726658
822875705633546241
822876263710916608
822876307042271232
822876670717730820
822877066848858112
822877069164105731
822877314761523200
822877393727549440
822878492044001282
822878621412966401
822879619430764544
822880457733775360
822880651074535427
822880913088540673
822880980297887745
822881033406320640
822881146707050496
822881158681726977
822881452949966848
822881466787000327
822883187386974208
822884872381497346
822885003419783168
822885302159163392
822886835424817153
822887072012836868
822888823562661888
822889038680125440
822889041867771904
822889751397208064
822891219978166272
822891984918548480
822893103329710081
822893393604964352
822894156842467328
822894180431171584
822894272353566720
822895271084429313
822895365615742976
822896406297919488
822896552360427521
822897506854072320
822898504347635712
822899400641015808
822900343713447936
822900819137798144
822902167254265857
822903438837022720
822903799274565632
822903951037263881
822904122655576064
822904739046297602
822905693892030464
822909347118383105
822910902932488193
822911177701388289
822911655851872256
822912174381297666
822913211263488001
822914574978580485
822914671271284737
822915085333131265
822915307446665220
822915789426741256
822916115517112320
822916505960476672
822917064578961408
822917236398653440
822917475016773633
822917893381832706
822917984461160452
822917986336051200
822919300654755843
822919335681392640
822920837607129091
822921949278011393
822922484022386688
822924306363613186
822926089278234624
822926752582430720
822927675211808768
822928013503463424
822929663173529600
822930841995087872
822931804814458880
822932382827380736
822933233314709504
822935788992299009
822937236828082176
822937678408654848
822937937717460992
822938087869255680
822938101043621896
822939622149865474
822939981228503040
822940796508835841
822941851388878849
822943197320151044
822954837860110336
822955615358160896
822956716430131200
822956759459500033
822956784944091136
822956818263633920
