959214792387985409
959218554326351874
959219826072936449
959224088580390912
959226115830304771
959229889764261889
959233789972148224
959241784172924929
959244988206014464
959249480985075713
959260091617771521
959262647899303942
959263883872604161
959275189996367873
959284288725250059
959284579780591617
959290225779392512
959290272914878464
959290290078011393
959297847022600193
959298117794332673
959299485724585984
959301145565970435
959301481902952450
959303125248106496
959303197448744962
959304241264263170
959304374651514880
959304748653428736
959305388267982848
959310869493555200
959311376152805376
959317030569623552
959317548725448704
959318689395785728
959320487204564993
959320971864768512
959322230982262784
959324877059604481
959327391834353669
959327516019347456
959327885612822528
959329724408520704
959330304933744640
959330748514811904
959331138044080128
959335018874142720
959335569255026688
959335587516964864
959336961264807936
959337169855893504
959337756508991489
959338225373458435
959338534904754177
959339698857574402
959346930349432832
959346939761512448
959348125168275456
959350684746469376
959352934386536448
959354404091527168
959354632295219200
959355260270796800
959355723003105280
959355834978402304
959356523913850880
959357064253493248
959358257889497088
959358300788871169
959363275870875648
959363329285349377
959365785373282304
959366043897647104
959367241946030080
959369332466700288
959370705585541120
959371485826703360
959372415628447744
959373347728642048
959376205723197440
959376517976518656
959377130776924160
959377140230840321
959377322100092928
959378345283739648
959378785068969985
959380887220744193
959383846302244864
959384679324495872
959385382923264000
959385657671077888
959386227110764544
959387749500555264
959388407234531328
959388700730945537
959389694093078528
959389975816044545
959392214907531266
959392675609939968
959394054508335104
959394427037986816
959394668160143360
959394901564776448
959395817642774532
959395985406480384
959396017534853120
959399008232976385
959401157054685184
959401332158402560
959401787785695233
959403027739398144
959403500386922497
959404236604936192
959404518395011072
959404586896412672
959405782390444033
959406928454651905
959408811378438145
959409734859284482
959410743769731072
959411086587039744
959411150550110208
959414120041910273
959415230546808837
959417025033580544
959418429861187585
959418594538016768
959419117039243264
959419302150660096
959423913133531136
959424218025873408
959424759925739520
959426185901076481
959426185901076481
959427026401808385
959429562575835136
959429924896542722
959430240157216768
959431731462983680
959432863690182656
959433524922273792
959433706355257344
959436532934430720
959436846282559488
959436999198433280
959437907273515008
959438417384718336
959438956021669888
959439270082678784
959439526253887488
959440262786203649
959440457913823235
959441019061391362
959441286758617088
959441759003701248
959445077914521601
959445143152660485
959447250429665280
959447468604903426
959448225056002049
959448275668541440
959448304189935616
959450141752217600
959451879284633603
959452355510063104
959452624524402688
959454493409792006
959455258387845126
959455928373338114
959456383023419393
959457802468184064
959458043481206785
959458067279765505
959458807314296832
959458833293807616
959458951787053056
959459265223315461
959459908432343041
959459908432343041
959461696778752000
959462394677354496
959462444291772417
959462523320832002
959462593722224640
959463048913223680
959464400334802945
959464604958109696
959465754591625218
959467797171638272
959467999106396160
959468283148816385
959469384250077184
959470717589970945
959471480751915008
959476533273473024
959477173525630976
959480472979017728
959480814986780679
959481726811672576
959485685093818368
959486582867800070
959486625528139776
959487918430617601
959489820006346752
959490370060083201
959491341557354496
959492219869827072
959495197536157696
959495696029138944
959498377766502400
959498589100740608
959498591319613442
959499805948039168
959499956536016897
959500227588837376
959501680424431617
959503702624276485
959505673083027456
959506438384181248
959507151332003841
959507350364278786
959511378276110336
959511472769552385
959511679095652352
959511774990094344
959514750391652352
959515121243607041
959515559980421121
959516781206491136
959521849393721345
959522571891957761
959523546425851904
959524987660132352
959528337722019845
959531880629628928
959534285584658432
959535204271521795
959536486092861441
959542236831678464
959546728843104258
959546982057631744
959547635953750017
959550502550818816
959551441722593281
959551837308407808
959552755470913536
959552930868269056
959553704394452993
959555146052235264
959555159293595650
959559076660183040
959559405028171776
959560870127955969
959561760780029953
959562080285331458
959562603885400071
959562828846952449
959565364286951425
959567925429592064
959570895298748416
959574033502261248
959575907521396737
959576456576761857
959577102260502528
