1006687601376616451
1006698018035372032
1006699312498212864
1006702700216627201
1006709507701944321
1006713178628079616
1006714168811008000
1006714344967671808
1006717798498828288
1006718328587472897
1006732899884961793
1006747996875296768
1006748389650755584
1006751799720570880
1006752146866483201
1006754705417043969
1006757401528332290
1006757777656680449
1006757811303350272
1006758338133045248
1006758544417394688
1006760419690676225
1006763096747147266
1006767795705729029
1006770090069692417
1006770650764201984
1006774205008969728
1006775041059586049
1006776958674403333
1006778196799426563
1006778233835196416
1006780064879595524
1006781773542559746
1006782171879739393
1006782210530258945
1006785635103989761
1006787305569480704
1006788680248446976
1006788828336742400
1006789009933205504
1006791637828292608
1006791668887105536
1006792506535792641
1006793296591687683
1006793442855473153
1006793945999990785
1006797293339791362
1006797584810369029
1006798006950203392
1006798812399198210
1006800197886861313
1006800764960899073
1006802096342159360
1006802693791408128
1006808395876356096
1006808452059029505
1006808944176713728
1006808953077026816
1006810438112292866
1006810520228388864
1006812375809515520
1006813172454559744
1006813553968537602
1006816042327388162
1006817663023280130
1006818091618234369
1006819112264306688
1006820597429604352
1006823023482212354
1006823106823053314
1006823497681776641
1006824134595235840
1006827795799044096
1006828379335806976
1006828532742459393
1006828689303199744
1006832624080482306
1006833226965348353
1006833278475821057
1006835779979628549
1006837262997389312
1006838594760335360
1006840496864579584
1006842401539985408
1006842547220762624
1006843792371142656
1006844166834302976
1006847633082572800
1006847844349857792
1006848496618688512
1006849447320608768
1006850732375633920
1006853696951644161
1006854119108333568
1006854532574265345
1006855638473936896
1006856425556054016
1006857061433520129
1006858100924649472
1006858207996850176
1006858295854927873
1006864522307485696
1006866563918630913
1006868793522622464
1006869415575646208
1006869823316426753
1006871513830600705
1006871525461458944
1006871946863181825
1006874864408498177
1006875951744147456
1006877751607951362
1006878009528340481
1006879367195062272
1006879846805528576
1006880501326598145
1006881238341378050
1006881469325873152
1006881557963927552
1006881974479474689
1006882344270225408
1006882415309152257
1006883893193183232
1006884355178991617
1006884463220068354
1006884781836177408
1006885440400642048
1006887807967727617
1006888690696835072
1006889215555133440
1006890213027835905
1006891101972672513
1006892387161870343
1006892453172076544
1006892892978405377
1006892983327703041
1006893840765214720
1006894873310478337
1006895721755435008
1006895754189918209
1006895866014248960
1006896106108682240
1006896167345537024
1006896532166184961
1006898994117632002
1006900061425602560
1006900877427261440
1006901367699410944
1006901973931655168
1006902475809435649
1006903475316244481
1006905749816119297
1006906166457270273
1006906919930486785
1006907705993252864
1006907957781712897
1006908190129360896
1006910804879343617
1006911185982238720
1006911483211603970
1006912512405590016
1006914093079580672
1006915522657705985
1006916612572700674
1006916672010244098
1006916995214815232
1006917098977685504
1006918590484877312
1006919397204619265
1006920008688111619
1006920414646472704
1006922436523315200
1006923690704015361
1006924432357711872
1006924460790898693
1006926717024432129
1006926894858756096
1006927013301637120
1006928465893961728
1006929193807089664
1006929471188938752
1006929646699638784
1006929829994942464
1006929954011934720
1006930267846529024
1006931736880697345
1006932320446746625
1006933063803326469
1006933387268034561
1006933530935545857
1006934933397540864
1006935338433024002
1006935455693246466
1006935618235043841
1006937923030306816
1006939359822540800
1006939591381831680
1006940780718690306
1006940836469379073
1006941495260336128
1006941731126988800
1006941841508446208
1006941936354299904
1006942320934125568
1006942988008873985
1006943429753032705
1006943985284284416
1006944291736846336
1006946583068528642
1006946896626135041
1006953743164768256
1006953759296155648
1006954851807449093
1006956334888210432
1006957788533280775
1006958165882228736
1006958881354993669
1006959375037190144
1006959390530920448
1006959392107978752
1006961060149186561
1006963275651796993
1006963533924454400
1006964773630697472
1006965139403362316
1006967972680818689
1006970375450787844
1006970529759289346
1006973685641744384
1006974490306334722
1006975837458006021
1006975937903198208
1006980517806276608
