958127626270511104
958130943746863106
958131746561814529
958136676429303808
958137517865422848
958142727715262464
958145853012828160
958157827792662529
958162776127688704
958172925387042816
958188028433977344
958189060656369664
958189599574110208
958196075042693120
958200390331305984
958203123134291968
958203877798678528
958205458271145985
958205767244447749
958208984137240577
958211686430846976
958211995853033472
958212197724942336
958212724747571200
958213134958977024
958213372075560960
958215054893068288
958215677403377665
958215950762893313
958217023326183426
958217808164335616
958218225522741248
958219998996189184
958220020420526081
958222338188865536
958225872368095232
958226977940557825
958227241334427649
958227522482778112
958227868475158528
958228413302628352
958230081482174464
958230087131910145
958230394779918336
958233321649123328
958233602151665665
958234767190880257
958236057895452672
958239483748667392
958240401390944257
958243111058202624
958243118377205761
958244658563436544
958246488366354432
958247848675553281
958248423454576640
958248571018629120
958250171221053440
958250242033553408
958250922249015296
958252013413859328
958252982050656256
958253268299386880
958253593202774016
958254205327806464
958254364224782336
958254561705320448
958254866542968832
958255520086978560
958255768528195584
958255857044631553
958256283462889472
958256349493825537
958256399217291264
958256570625871874
958258416463486977
958259056380170241
958259606031134721
958260778745806849
958261689245368320
958262091193995264
958262570615476224
958263525532631040
958263779774648321
958265457139748864
958267314255867904
958268331060056064
958268610593607680
958269099771035648
958269571861024768
958271226681675776
958271667368841216
958274050190643200
958274396694679552
958274761469190144
958274864212856833
958275100083662850
958275541685194752
958275708178100224
958276125687414784
958276286090285056
958276392126418944
958276775926226944
958276812529983488
958277116143067137
958277318442549248
958277510445387776
958278586317918208
958278621768093696
958279939840774145
958280129104539648
958280129104539648
958280434496032769
958280481983868928
958280693888401408
958280888298729473
958280917386252290
958281156851478528
958283158008541184
958285425000484864
958286443184578560
958287016596209664
958287054764498945
958289252932087808
958289718319476737
958290298144206848
958290447444643840
958290587072868353
958290992758775809
958291485115469825
958291557664337921
958291862573502471
958292781604188160
958293723934285825
958295165805977600
958296668222484480
958297219068706816
958297386098413568
958297880334303232
958298795317612545
958299715619164160
958301290580365312
958301616083480576
958302146813988866
958304496970498049
958305911721771008
958306328270733312
958306400706457601
958307205882830850
958308202411675648
958308823625854976
958309066761232389
958311882787622912
958312802749382656
958313678335631360
958313753417838593
958314240124817408
958314375399559170
958314978351644672
958319004799655936
958321684657909761
958321734939303936
958321943177867264
958322519957753856
958322793661325312
958323056581234688
958323922394640387
958324623552270338
958325393727115264
958325731527835649
958326644304949248
958327303880179713
958327559531520003
958328108419047424
958328825087012865
958329480380108800
958330114424614913
958330206460305409
958330648317612034
958331398259175424
958331794234884096
958333483851636736
958337098867716097
958339018999193600
958341279447908353
958343720851656704
958344444583071744
958344658765037583
958344751497011202
958345642266578950
958346053312503808
958346732944941057
958346829321654272
958347774248079361
958348569634844672
958348786170040321
958349028256821248
958350848844795905
958352610565738497
958353186087059458
958354124185243648
958354151406219264
958354488972083200
958355139601068032
958355187235786752
958357075402227712
958357105077112832
958357161381416960
958357198433849346
958357585052106752
958362514923900930
958363680193708032
958364881098625025
958365370007588864
958365462907248640
958365935143923717
958367816989773824
958369218310934538
958369940033032192
958370327909818368
958371349340270594
958371407783751680
958371474145935360
958371701301108736
958372267184021505
958373434924429313
958374695015010304
958375154911973376
958375706953732096
958379547782676480
958379826041237504
958384320841908224
958386603919060994
958386644285120512
958388832574963712
958391886502391808
958392658740875265
958393454895292421
958394148436004869
958394722669735936
958395091114217472
958396766910640128
958396949723537410
958397313797541888
958397451945299968
958397559655075840
958397932583247872
958398003999592455
958398544599310336
958398567718277120
958399028659740672
958399406449090560
958399419589775360
958399707176316928
958399762046291969
958400256387026945
958400432887414784
958400657022685184
958400732511834112
958400858051547136
958402194654539776
958402243207680000
958402508111646721
958403086292316160
958403212213616640
958403245281632256
958404664264884226
958405373093871616
958405833892794374
958406565983391744
958407036269678594
958410048195178496
958411633319120896
958412015025958912
958412031295655938
958412873344212998
958413020627005440
958413403084738560
958413485632905216
958414520136986624
958414520137015296
958415857759244290
958416088886398977
958418069390614529
958418377625817088
958418736083537923
958421511286685696
958424412226801665
958429614778576897
958429955515396096
958431317653381120
958431917631852545
958432272113438720
958432702520274944
958432908217331712
958435359653756928
958437188437495808
958438218260762624
958439483216678914
958443746475077634
958444127753994241
958444717594816513
958444812071555077
958444938848555009
958445637632167943
958447629687513088
958447695471013888
958449336790200325
958449629397422080
958450968865198080
958454042585452546
958455646231425029
958456041221607424
958456767238811649
958457572822081537
958457722873241603
958457791986872320
958457934006145024
958458878357733376
958459816229433345
958460849936478208
958462046768689152
958462072689430528
958462434280386560
958463222230732801
958463332381536256
958463863091073024
958464182042624001
958469557445775360
958470870791487488
958474316148076544
958474916034170880
958482576196370433
958487302178836481
