999802229971456000
999817332699619328
999831985211281408
999832431950729217
999847531134713857
999862629349904385
999872944158461953
999876041756893184
999877730781949953
999882141361094658
999885128787673088
999892826551812099
999893755187490817
999894393153769472
999898597360455680
999902708935966721
999907929552637952
999908892132892672
999912695829704706
999917274009034752
999923028002721793
999925908927463424
999928715151720448
999929641002569728
999929662783533056
999929884272222209
999930097149861888
999930362104033280
999930732326813696
999930870965272577
999931825186205696
999932660565848064
999933161046855680
999938128059265025
999938607245877248
999939489974931456
999945915833176064
999946859866189825
999947590778146816
999949046893764608
999953228325408768
999954231200272384
999958823476613120
999961070952382465
999961695962521601
999965393249808384
999967420734496768
999968325689069569
999977647336804354
999980993690984448
999983425766518785
999984654974308352
999985208555384834
999988356888047616
999988399552507904
999988905666580480
999989930267959296
999992431058870273
999992972824412160
999994239466524674
999995249249398784
999995249249398784
999995344955039744
999998403173081089
999998526594613248
999998878131859458
999999698068008961
1000002604640894976
1000003853792628736
1000005113887543298
1000006384803635211
1000013625212456961
1000014430199889921
1000017389247979522
1000017905432571905
1000018886358654976
1000018985507807233
1000019259001659392
1000021200297394177
1000022046523449345
1000026835445538816
1000027273150566400
1000028516430303233
1000028726099312641
1000029452435410944
1000031729690824704
1000043823446331392
1000044855744172032
1000049893464035329
1000050316602200066
1000050393756372993
1000053461298434049
1000054679588495360
1000055526921850886
1000057643396947968
1000057997006077952
1000058924593238021
1000059494502715392
1000070431972429824
1000071879242276864
1000072649580654597
1000072978162503686
1000074024171589632
1000074248625573889
1000078131078811648
1000084622850646016
1000086460802871296
1000089119953969153
1000091153687986176
1000092450285936640
1000093638867718144
1000096914094911489
1000098021177049088
1000104223697227778
1000105024557584384
1000111544577949701
1000111825801883648
1000113678316957696
1000114324151717888
1000116743048781831
1000117633260380166
1000119319844540416
1000123696961478656
1000123769413914625
1000124645352312834
1000126256879423490
1000126544952557568
1000127098642665473
1000127447097069569
1000128347861651456
1000129036818010112
1000131458827280389
1000134422514032640
1000142594180091906
1000149454828331008
1000149519483392000
1000150215549227008
1000150868266713088
1000151321847230464
1000154922388770816
1000159281717628929
