982407614574268416
982418986171330560
982422714530062339
982436602025738241
982437815228207105
982452911589543936
982458314872311808
982463837612969985
982467280050311168
982468012879089664
982472890162536448
982473527168122880
982475661284589568
982475963308171264
982482790318051328
982483110339207168
982485220107501569
982486674910433281
982488929977946114
982494774375563264
982495136516136960
982495844719968256
982496546989203456
982498197657468928
982498208051027968
982500844007440384
982501855161798657
982506166864367616
982507321543753730
982507504507768832
982507766479810561
982508807891881984
982510550478475264
982513310703726592
982513749981585408
982515401689935872
982517237662781440
982518464861519872
982518577415716864
982518649369001984
982518991078985728
982519280796422144
982519584245760000
982520738900054016
982520814175248385
982521522937057280
982522140585934853
982524303601295360
982524385373442049
982525816604110848
982528384541581312
982528408973463552
982528510441984000
982529398183219200
982529753029709824
982530474689089536
982530761646624768
982531016047910913
982531155391139840
982531269266305024
982533980175175681
982534235692109824
982534922161283073
982535227452133376
982535217910108160
982535942228459520
982536700374200320
982537684869623808
982538984881471488
982540279977861120
982540927842451456
982543509583532037
982544805359046656
982546897905836032
982547726192783360
982549041123872768
982549512009875456
982549520432148480
982549999929249793
982550055373570048
982550094825353222
982550125686947840
982550994914611200
982551690934128640
982552278304468993
982553419788505088
982553539670151168
982556544737914880
982557958075764736
982558606427029504
982559986881478656
982560105005633537
982562251524771840
982562251696672769
982562616462671872
982563142873108480
982563801483460609
982564804962541568
982565427296522240
982566285082062848
982566566184173568
982566706936799232
982566998218608640
982567640517394432
982568287354499072
982568398931529728
982568631287648256
982569448916697094
982569933132398593
982570499602632711
982572148219961344
982572826048761856
982573613617475584
982573706424803334
982573754738970624
982574621777068032
982574758683279360
982574804527140864
982575510281773056
982577329162543105
982577853488185344
982582355012407296
982582435794710530
982583555837583360
982584917212065792
982586342663118851
982586753532997632
982588808385441792
982589269477871617
982590161228836866
982591123196645377
982591368085233664
982592895734763520
982594191195766785
982594343805517824
982595167172644864
982596759099756546
982597471250583553
982597663534219266
982598062848794624
982598091969892352
982598868914376704
982600113884409856
982600724717563910
982600770615955463
982601865417412608
982602509754818561
982603355137589248
982603545542299649
982603573669318656
982603908672622597
982604364526292992
982604513201741831
982604581526999043
982604868383887361
982605483012972549
982607824718090242
982607863754448896
982608124669394944
982608211697127424
982608341376565248
982608471450439680
982610322598055941
982611007033004032
982611999644319744
982614081273286662
982617483000639488
982617526902272002
982617767210823680
982617812546895873
982618231754993671
982619005306507264
982620137776857094
982620399392342017
982620464240562176
982620810102755328
982620979112349696
982621547218329600
982623615593132032
982623834363891713
982624495017058305
982627258341969920
982627465477742594
982628073102192640
982628927423373313
982629874434281474
982631241169162240
982631703289229312
982632634445680646
982633959329759234
982634105086062592
982634828226093056
982635559553323011
982635978992095232
982636726064689158
982637417147588610
982638655423512577
982639070382829568
982639952704999425
982640291554430977
982643285696147456
982643553447931905
982643805814915072
982644151211655173
982644281587286018
982646755601911809
982647362450374657
982647410135633921
982647761689604097
982649205691965440
982650463618248705
982651863953788929
982651917531799552
982652635319881728
982652725425995777
982652733756002307
982653198249885696
982656033100267520
982659962290794498
982661397652877312
982661582755856384
982661949044461568
982662326196293632
982662933451853825
982663292920279041
982663904470822917
982664304917872640
982664496106885120
982666249372164096
982666791708131329
982667847515213824
982667857908690947
982669866963521536
982669881215737858
982670254584115200
982670472541278208
982671107730890752
982671237053861888
982671324328931329
982671776185552898
982673664351940608
982673755339042816
982674831111049216
982675063467118592
982677603608879105
982677946770120704
982679403623862272
982679911079948288
982681870021296129
982683245933449216
982686527569317889
982686903165227008
982687161504985088
982687520092639236
982687538182807552
982687698262659073
982688928619786240
982689018595987456
982691957481844736
982693204339380224
982693302611972096
982694503910924289
982694874691620865
982697610719977472
982699886599720961
982700517825662977
982702534061117440
982702743604297728
982703620708761600
982704231160348672
982704285048696832
982707010130141184
982707505510928385
982709127704178689
982709601870204929
982712162618507265
982712895556411393
982717074177961985
982717803911360514
982720997563518976
982722395545964546
982722434624380928
982722954684436480
982722955028324352
982723247673364480
982723345971105793
982723411762790400
982723537818587142
982723546559406080
982723639320743937
982724016363528192
982724266746634240
982724453527416833
982724702044086274
982726252070162432
982727780575141888
982728818451345408
982729909159284737
982732263019503616
982733503476330501
982734178377756672
982734225295200260
982737891880091649
982739804029931522
982739913488719874
982740196356771840
982741170810949632
982750733866033152
982752691842580480
982754900902862849
982756327008227329
982757874270162944
982759638612393986
982761511067140096
982765335731322880
