1008861928721125376
1008865010725113856
1008873475384201217
1008877029499068417
1008877244352270336
1008877889943691264
1008882210508767233
1008888051156725760
1008888677362294784
1008892129475792896
1008896687673405440
1008896778501087232
1008897243330568194
1008907229024673793
1008909871024967680
1008922324970692608
1008927909275406336
1008931409514332161
1008933914105217024
1008936412576669696
1008937426516152320
1008938097810141185
1008939684494544897
1008940721192296448
1008941145043492865
1008943841645391873
1008945348541407232
1008948209312583685
1008948868921352193
1008949891358339072
1008950234263801856
1008950748149964800
1008951454466564096
1008952527885361153
1008952703551094784
1008953425508397056
1008953862743646210
1008954748567998464
1008955550896451584
1008955895022096384
1008956429292720130
1008957320964067328
1008963365526310912
1008964130215100416
1008964775445979136
1008965875498717186
1008967245752565761
1008967625077116929
1008968505591521280
1008968934333218817
1008972492977958912
1008972629116669952
1008972856842072064
1008974166144507904
1008974524535037953
1008975156461604865
1008975515422740482
1008976068382994432
1008976556151189504
1008977271036637184
1008977661568397312
1008981461368795136
1008981726121676800
1008982373709434880
1008982724613459970
1008984880984809472
1008985000619003904
1008987137377751041
1008989255434194944
1008989375684861953
1008989973360594944
1008990705635733504
1008994026073346048
1008994941140209665
1008995095440478208
1008995947572064256
1008996441434525702
1008996882981511168
1008997277749440512
1008997823457779712
1008999328948637697
1009000088797097984
1009002795167617024
1009006617617227776
1009010503409074176
1009011413329829890
1009012493753208832
1009012920330653696
1009014001089511425
1009014030508404736
1009015105462288385
1009018031350206464
1009023386843058176
1009023698156773377
1009027369838014464
1009028025558683649
1009030651683598336
1009032163973632001
1009032343800111105
1009033222829821952
1009033716377833472
1009034455770697728
1009034531192487938
1009035679349858305
1009036455304466433
1009037532498137088
1009038705225617408
1009039012189749248
1009039183527186433
1009041726005305344
1009041759777804295
1009043123832487936
1009043666596442113
1009045474618245120
1009046077390114822
1009049762937671682
1009051009967181824
1009052335824408577
1009053549723086848
1009053743160098817
1009054950574313472
1009056866024992768
1009057819482394624
1009058220684513287
1009060662805270529
1009061922862485504
1009061931943186432
1009061987794366464
1009062168040542208
1009063964515426304
1009070042842091520
1009071375229865984
1009072222152032256
1009072228850421761
1009072469150494722
1009073323416915968
1009073828721582083
1009075002342338560
1009075137885294593
1009075518644236291
1009080279858679808
1009081289666973696
1009082260367163393
1009082260622938114
1009082361642921985
1009082717634473985
1009082907921612801
1009083206208016384
1009085326919438336
1009085559573237762
1009085862989172736
1009087325459111936
1009087451611136000
1009088419488763904
1009089188103323649
1009089857707282432
1009089878871674881
1009090698619097088
1009091054413508608
1009091803688161281
1009092090582663169
1009092941674176513
1009093035949342720
1009093338463637507
1009094835628896256
1009096077583273985
1009100815762681856
1009101690421809152
1009102732022681600
1009102841519202304
1009103517309718528
1009103681046896643
1009104533937672192
1009105523990556673
1009105779268505600
1009106805644038145
1009107220234162177
1009107860968673281
1009109284087648256
1009109894082056192
1009110399306862592
1009111334389190656
1009111506435354624
1009113070898171904
1009113456904228864
1009113661837848577
1009114432394485761
1009116718474686464
1009118621510045698
1009118686538584064
1009119862197714949
1009120404722634752
1009121975250423813
1009122056930316289
1009123350658990080
1009124622460018689
1009124683969716224
1009125093598027778
1009125187294547969
1009125317238251520
1009128033549275136
1009128289456312321
1009129034905628674
1009132690300424193
1009132939651641345
1009133011714170886
1009133230430269440
1009133667606810625
1009133717175111680
1009136617834020864
1009137140083539968
1009137748610043904
1009137894026563584
1009137972950831104
1009138937313415168
1009141582833111040
1009141969069756417
1009143421385297922
1009143658413723651
1009143895886790657
1009144026946301952
1009145581145554952
1009146840464482306
1009147219809853442
1009148816455536640
1009149430082220034
1009149731858190336
1009151473979215874
1009151960308576256
1009160627967938560
1009160709366640640
1009163918026137600
1009164621062631424
1009165320106307584
1009166557140971520
1009168195985596416
1009170013486366721
1009171968170618882
1009172726257520641
1009172850530537472
1009174416884928512
1009175835079839744
1009176607024611328
1009177252574179328
1009177276473335808
1009177320668594176
1009178532738723845
1009178606776406016
1009178845793128450
1009179017986170880
1009181879378079746
1009183294980796416
1009187095284473862
1009187576807387137
1009188204942184448
1009189434082889728
1009189737926623233
1009191552030269440
1009194114208993280
1009195638267920384
1009200395854508033
1009201798555553792
1009202141674655745
1009205180099977217
1009205770259521536
1009205909028048896
1009209218312830976
1009211637520314368
1009220647225102342
