948705543790702592
948720640399421440
948727912869412864
948728490450239488
948730303945871360
948735742766977024
948738125584531456
948739112173006848
948747665877200896
948750840281620480
948753932922351616
948765939725733888
948775045010198528
948775417720303616
948776505672437760
948778262607560709
948778433999405056
948781039874465792
948782013787529216
948783862703902721
948784311465119746
948785758013358080
948789565380325382
948789995451617280
948790472520163329
948791355396034560
948795387757940737
948795639986622465
948796140702650369
948796938073268226
948797915950018560
948801541108129793
948802062288146433
948806302410641408
948808981765640192
948809900578234374
948811236787048448
948813812840493056
948814319663370240
948814432741789697
948815269127970816
948822550578069504
948826337007030272
948826843834073088
948826943172038656
948832226871046144
948836731163258880
948838171432845312
948841439366144000
948842792922607618
948843376102830080
948843669972553728
948844920357425153
948845514602065920
948849009334026240
948849358405062656
948849482090852352
948849767446204416
948855742907408384
948856537522561025
948856537522561025
948859796274499585
948860621323456513
948861995037622273
948862097408094208
948862220892479488
948863235431772162
948863959540600832
948869011898544128
948869098192211968
948869942392188928
948871634903019520
948879200014032901
948879421968207873
948881773148168192
948882670465044480
948885813538017280
948886000423571456
948886515760943104
948886662007918597
948886736255508482
948887336732983296
948887685451669504
948891198323937280
948892396049371137
948892741215268864
948895512564027392
948895613722259456
948898102089482243
948898984906625024
948900583448174598
948901145715658752
948901339978981377
948901833547943937
948902423258595329
948903898688966656
948904116528599041
948906382434058241
948907286893944832
948907369492336640
948913555356639232
948914988911128576
948915728178130946
948916509207924737
948916935466594305
948917920863670273
948917952358879233
948918955837743104
948919498664529920
948921084119801856
948921750624129024
948923921100890115
948927412825477120
948927582107467776
948928373329408001
948928625725845505
948930236816723968
948932035288158208
948932866808926209
948933069733580800
948933104470695936
948934612805439488
948935433521680384
948935449577476096
948936399708917761
948936691481489408
948936812919050243
948938293529464833
948942423715131392
948942637440086016
948943968292823040
948944597216124929
948947135017443328
948948130002817024
948948829725900800
948952285710864384
948953545562304512
948953643289628673
948953752962297857
948954322808619008
948956370564337664
948956443859877889
948958476797083649
948958486116884480
948959529093550080
948959720001363968
948961940289867776
948962234843254786
948963756553457664
948964791762259968
948965759882964992
948965904636895232
948966023616696322
948966819720843266
948968291845988354
948969806505455617
948970183846219776
948970452172537863
948970476721856512
948970773783330816
948971222905303041
948971700032557056
948972911792197633
948973162330492928
948976060225544194
948976463641968641
948976834909298690
948977170369712133
948977336401190917
948977853072277504
948978009100443648
948979347544735745
948979363843895299
948979365584556032
948980933834788874
948981357300146177
948981838319706113
948986336136003584
948988210365026305
948988673856548864
948988819944169472
948990452702773250
948990481148628992
948990714314215424
948990888604151808
948991195438608384
948992132215341056
948992200574029825
948992434536665089
948992546780401664
948992838770937856
948992849156149249
948992963694268416
948993125837656064
948993145961893888
948993208796700672
948993250744037376
948993295883096070
948993389550297094
948993403387342848
948993607356370945
948994279069962241
948994453234159617
948994545462607872
948994687850991616
948994803420692480
948994912371998720
948994953690087425
948995117255479296
948995215691526144
948995544541777920
948995563151941632
948995647818084352
948995777510207488
948995838352744448
948995970494353408
948995992136962048
948996056498556929
948996158835318784
948996202955182080
948996346081697792
948996371004182528
948996414662742016
948996486171365376
948996680006930432
948996977232175105
948997355134734337
948997476798943233
948997599041806336
948997612170039296
948997651990765568
948998073375539200
948998290078609411
948998528369602560
948999129006567429
948999127333064704
949000173480488960
949000711190319104
949000883844546565
949000915163451395
949001051377668096
949001336821108736
949001458434920449
949001627347931136
949003736030023680
949005166728146947
949006729257345025
949007267545825280
949007487717404672
949007532835647490
949008451245608960
949010065247424513
949011328299159552
949012302522613760
949013343855087616
949013490412474373
949013780628955136
949014961094832128
949018477234475009
949019966996656128
949021695754547200
949022633785462785
949022975084425218
949023807242514432
949024526699986954
949025552408678405
949027008587198465
949027478542176261
949027574226804736
949027760818802688
949027899436302336
949028238642307073
949028667740614656
949030202075643910
949031548099203075
949032001931218944
949035599155130368
949036155256885248
949036767726002176
949037432770650112
949037730209632256
949038858217299968
949039542803226624
949039554060668928
949040097747525633
949041634636910593
949041916615823360
949044821045514241
949047940164849664
949048527988121601
949050607561781248
949052831289528320
949054362516709376
949057767280541696
949059084392656896
949062239528603648
949065457679716354
949067734972813312
