922613797159829505
922614943505039360
922616703095328768
922618125060894720
922620055099248640
922641243150065665
922663847911141376
922678843630145536
922679553872539648
922679572272963585
922679594884501504
922679608876650496
922679618825588736
922679624450105344
922679634222776321
922680186843422720
922682191208943621
922683628861173760
922684056789164032
922685538976624642
922686034617491457
922690809836818432
922691925374898176
922694717732720640
922695705558265857
922696674333650944
922697276442775552
922701779959209984
922702939306672128
922704736658141184
922705336770973696
922706705598705665
922707658355957760
922707840246173696
922712779227893760
922713564145700864
922713899195084801
922716168695230464
922716354414825472
922717170378960896
922717916897869824
922717992374407168
922719187264593920
922720155326734337
922721211871883265
922721471377666048
922722179573338112
922722185491427328
922722700371509248
922723067557707776
922723563081216000
922724738933379072
922724877647405056
922727965066170368
922729157745958912
922730222637772801
922730276710703104
922730349880397830
922730923401113600
922733814786478082
922733900937404416
922734242500628481
922734910267428864
922735260579913728
922735322357694469
922735691808768000
922736038589714432
922736078053834752
922737106685911040
922738321452920832
922738916507181056
922740040417075200
922741448474275840
922742050201718784
922742236017823745
922742385704165376
922742505015267328
922743299957456899
922743720923074561
922744393899134976
922744747416014848
922745688609443840
922746604502872065
922747030572761090
922747120356134912
922747719520747525
922747861988605953
922748302550020096
922748480044650496
922749301322895360
922749968422752256
922750042817138688
922750532481159169
922751603215650816
922751710497558529
922752027960201216
922752178820751360
922752971972202497
922753313606701056
922753344959143936
922753457932701697
922753527843360769
922754026386714625
922757963047231488
922758408926666753
922758568117506049
922758622232350720
922758648249638912
922758988273463296
922759252829179905
922761357208031232
922762180684058625
922762518174584832
922765892324380672
922769622905978880
922772260355702784
922775382063026176
922775776025612288
922777156454965250
922778804883476480
922780985925734400
922780991667630081
922781455209652225
922781490848681985
922783674432741376
922784032093437953
922784519509250050
922785475093565440
922785493233930241
922785511277760512
922785516856193024
922785534887546881
922785548854587392
922785566982311936
922785572569206784
922785586729160705
922785589908340737
922788313190236160
922791802834317313
922792427223740416
922793060102230017
922794167226523648
922794218078330882
922794873627009024
922794964068786176
922795005089116160
922795114011004928
922795353618993152
922795497403879424
922796058681528320
922796187647987712
922796349900427264
922796448772710400
922796667610509313
922796936708673538
922797028824010752
922798589327310849
922799079364710400
922799341433126912
922799432546050049
922800090904965120
922800349278298112
922800595341398016
922800842746580992
922800853840551936
922801093909860354
922803133436198913
922803761214644224
922804944666873856
922805399488786433
922807669416632321
922811101766737920
922811230376488963
922811283702915072
922811950060277760
922812156965478400
922812424838942725
922814056150466561
922814195204321280
922816056321888257
922816744930009088
922817594398334977
922818149770235905
922818572342083584
922819083514646529
922819189760503808
922819719404670977
922820057700319232
922820355978289155
922820814696796161
922820949338152961
922820992103276544
922822177203851264
922823055105249280
922823360874029057
922823611957772289
922823769126666240
922828408840704001
922829228055449601
922830078005915648
922830944142282752
922831043362729984
922831122639269894
922831719518035968
922832870678331393
922833560238743554
922834678264016896
922834997459017728
922835159774359553
922835316951715840
922835613279191041
922836656788574208
922837198550061057
922838018288963587
922838434397478913
922838998200053760
922839965238689795
922841358750113792
922841616297156608
922841901472059394
922841930769330178
922842306645983234
922842932071272448
922843305217490944
922844559331287040
922844561952649216
922844674251022336
922844728852393984
922844793507545088
922845554371190784
922845695014555649
922845709044453377
922845741730684928
922845906818527232
922846054906847232
922846195726331904
922847496413634560
922848526861848576
922848638396747776
922848955716788226
922849605125013504
922849915029434368
922850500252286977
922850741479530500
922851101778563073
922851714402840576
922852861746253824
922853580041785344
922854213767614464
922854287566241792
922854935909289984
922855908530638848
922856507544350721
922857202968399872
922858395174088704
922858564217171969
922859017734705153
922859529242644481
922860263266799617
922860357043007488
922860495991746560
922861397259689986
922861869328629760
922862069598257152
922862260120252416
922864246987378688
922864295058296832
922864527879831552
922866798319501312
922867015945216001
922867998171336705
922868061320949760
922868284839661569
922868527870160904
922868624213315592
922868976929116160
922869261663703040
922870193436667905
922871850400706561
922872712598573056
922872714699911168
922873542341025792
922873740458971137
922874534251913216
922875011844669445
922875079813410817
922876654371901441
922876810181955584
922878032385331200
922878405309288448
922879892500439041
922879911622086656
922880382701273088
922880571746988032
922880836407582720
922881356593496064
922881699771551744
922881929371930625
922882418037723136
922883042531856385
922883260975378432
922883452290125824
922883553133768704
922884178378678272
922884276412211202
922885637568651264
922886213434044418
922887789271805952
922887880527286273
922888524973658112
922888726681980928
922889228387803136
922889295261773824
922889896397803521
922889957311766529
922890563887693824
922890887163768832
922891900301975553
922892011820273664
922892717490831363
922893711280889857
922893814037188608
922894123186753541
922894366649344001
922894811555823616
922895741311315968
922895811054366726
922895829962317824
922895981242470400
922896038041653248
922897135183507457
922897442743480320
922898479357284353
922898657762045952
922898728935141376
922899703330672640
922900034659733509
922900033963470850
922901425558114304
922901979348815872
922902156038082560
922902204830302208
922902476486991872
922902625133252611
922902733526568962
922902964309606400
922903035914924032
922903210959962112
922903295743725570
922903564300808192
922903573402456064
922903742713917441
922903795671228416
922904470744436736
922904557625204736
922904845325086721
922905309047349250
922905530565263360
922906311569920002
922906927113408513
922907497702285312
922907629235703809
922907860463443971
922907865387556865
922908340245749762
922909825759105025
922910518138036225
922911306843222016
922911939985940480
922912030365011968
922912190490963968
922913350094241793
922914024995528704
922914350578282496
922914522351800320
922914572780036096
922914839755759618
922916943216001024
922917328752295936
922919106336079872
922919180751355905
922921772713779200
922921789511966720
922921856532750336
922922582877265920
922922947487993857
922923508857839616
922926145141489664
922926878616195073
922927134217183233
922928398804160512
922928856482361350
922929807247241216
922930074105544711
922930362090754049
922930461709684736
922931585611055104
922934447137280001
922935267367022592
922935572213223424
922935723975675907
922936537024786437
922936605811400704
922937131860930561
922938402982391808
922939077590073344
922939159777484802
922940762425380869
922941326680670208
922941635524141056
922941824607637511
922942760415645697
922942939919249409
922943195910111233
922943437049012224
922944301381902336
922944871165513729
922945333075828737
922945992244293633
922947357750292480
922948735008694274
922950605089460224
922950701990285312
922951235266924544
922954294038589440
922962352990978048
922962929892372481
922971140175417344
922974329754849280
