877316649359216640
877320713559883776
877321019702345728
877325792795127808
877329625751343104
877329902617337856
877352624588292096
877352635795333120
877354474695790592
877368073681948676
877377194716258308
877379746409193472
877381125915631617
877381141434691584
877381161114193921
877381184975769600
877381200305950720
877381220048359424
877381231431655424
877381763705819137
877382227650375681
877386336424022016
877386787781529600
877386944522706944
877387322249154560
877387355421847552
877388164830285824
877389374056542208
877389383309160448
877390900875472897
877391860993536000
877392312313270272
877392551438950400
877393105988853764
877395079199154176
877395672311504896
877397951106224128
877398295898984450
877399085887746048
877400136246231041
877400251522576384
877400433119043584
877403539873648640
877405188562317312
877407990453817345
877408557838237696
877408706236993536
877409271754915840
877409543252258816
877410115674136578
877410741267173376
877411013515235328
877414173684015104
877415780366917632
877416714631340033
877421224455962625
877423434447310848
877423673665368064
877424514505859072
877424630755209216
877425097467973632
877425193290838016
877425695047200769
877426723394027520
877428616337993728
877429554134093826
877429644743540736
877429809600753664
877429918208012288
877429924948213760
877429978098544641
877430047061274624
877431100695609344
877432417929367552
877433202448748544
877435847808868352
877436099026726913
877436642579156992
877436641958404096
877438103023226880
877438837366161409
877438991666163712
877439836726153216
877440114338693120
877440236594356224
877440290096914432
877440480589611010
877440523765764096
877440614467608576
877441016340598784
877442320043577344
877442355397349378
877442471944474626
877442942784417792
877443707888427008
877443722497208320
877443917708439552
877443946816909313
877444103792975873
877446191780433921
877446476087140352
877446729532047360
877447988481843202
877448217109172224
877449385679998976
877449756808761344
877450740179980288
877450771922595841
877452412168130560
877452581500583936
877453171106488320
877453394549592065
877453635797610496
877453716345040902
877453794132537346
877453796229746689
877454118155104256
877454818637484032
877455829586391043
877458110176272384
877459490521493504
877460128945119232
877460336231821312
877460621364690944
877461839575220224
877461876346638337
877462251753680897
877462879078948864
877463535529455616
877463766362984448
877465393962594304
877465827024539648
877465861971423232
877466738249662464
877467353814118402
877468373390700544
877468457889148929
877469402903564288
877469710765436928
877470197099241473
877470285242540034
877470715171282944
877470828559990784
877470951948070913
877471107229601793
877471144697266177
877471274846519296
877471351975682048
877471380668907520
877472349297180674
877472961120350209
877473887113666560
877475403773997056
877476139438047232
877477005910052864
877477445871521794
877478554065391616
877478627176263680
877478776304791553
877479001568288768
877479218501885952
877480482346160128
877482643373293568
877483004653969412
877486641706827776
877487045450625024
877487065314799622
877487076886941697
877487080355528705
877487101624897536
877487125511507969
877487140975857664
877487147888107520
877487155031003136
877487170507984896
877488954790096896
877489083139985408
877489836289966080
877490994329079809
877491240429912064
877491639811493888
877493560689479680
877493913925406720
877494956063154177
877496248831496192
877497130486611968
877498300643123200
877498510903574528
877498614565806082
877498851929669633
877499242121768960
877500961538879488
877502606633041920
877502612781891584
877502865052508160
877503659973771265
877503869244375042
877504273965363206
877504371734581248
877504665063239681
877507716964524035
877510332083843072
877510986990841856
877511706234281984
877513518374846464
877513792544010240
877513897384837120
877515653288210432
877516686517207040
877517525872988165
877517877468733440
877517945521532930
877518289445978112
877518915676495872
877519024795549696
877520171476430850
877521352911183873
877522171005997057
877523341736902657
877523675125252100
877524080299311106
877527584673865728
877527730199289858
877529185593503744
877529707494993922
877531786322083840
877533639306862592
877533708575813632
877533736635699202
877535699368632320
877536698326011904
877537252641042432
877537521365856260
877540932752744448
877542440214953989
877543611839250432
877544403015012358
877545079271038976
877545441314918400
877545486089154563
877545770332954624
877545842810519552
877545930257571842
877548273963220992
877550066847932416
877550328979357697
877550949044277249
877551050701639680
877551201046282240
877551286249562112
877552731774488576
877552883843162112
877553768816144384
877554560184848384
877555532298678273
877555564972318722
877556324145389570
877556513006649347
877556727616602113
877557875266256896
877558268868141056
877558366717042688
877559251790639104
877560565182283776
877561088484573185
877561873440415744
877561938649153536
877562123533950976
877563762038816768
877563814673350657
877564008210907136
877564553453752320
877564613818232832
877565932595326977
877566295792918528
877567704428945413
877568100396290048
877571272766521344
877571943762931712
877572194414587908
877572218359775232
877572418994393089
877573587162587137
877574309526548480
877574953926881281
877576212943699968
877577091499339780
877577114756591619
877577360375136256
877577435381977091
877577943752466437
877578152595177472
877578241422221312
877578546356654081
877578953988251648
877579262143995904
877580490236076032
877581083956711424
877581153867227136
877581268019531777
877581787328782336
877582421805355008
877582480215334913
877582855626510339
877583339254718464
877583519228219392
877583982140858369
877584066836647940
877584739938553856
877584836587913216
877587017814728705
877587114832961538
877587322132459520
877591637546876928
877596378498715648
877596768665444357
877596868720635904
877596954712088576
877598589031075840
877600532625408000
877602084119396352
877604505302511619
877605554192920576
877606070818156545
877606203895033856
877606231418040321
877606279946088448
877606504718716928
877607078268870656
877607496407326720
877608118624112640
877608156905459712
877608755961057282
877609181959868416
877609221092659200
877610703850356736
877611090464649217
877611238766858240
877612817502707716
877613481838522368
877614300940058624
877614333219319808
877614515809955840
877614566368309248
877614939233439745
877614987472187392
877615003037122560
877615745378549761
877617261934133248
877617844891951104
877617947887321088
877620232323559425
877620346274406400
877620384400629760
877620701288595458
877621683187834880
877621751974252546
877622134226518016
877622792530931712
877624014360813569
877624684317097984
877624950269464576
877625800987729920
877627442000666625
877627724042555392
877629339281440770
877630762928951297
877631777929670656
877631952727277568
877635202293649409
877635672827465729
877636942959181825
877637074840686593
877637351492775938
877637357960388608
877637926061867008
877640616674435072
877640748585201666
877641238651912192
877641475475066880
877641765498621952
877641804044132352
877641951603859456
877644219892080641
877652758190489600
877652831729311744
877658408119226368
877661292084903937
877669715824566272
877670062068568065
877670105571872768
877674598472568833
877674617778950144
877674637018243072
877676345425375232
