860647586881048581
860650234447372288
860650511422423040
860651456008945665
860655266009722880
860656084968628224
860657841060839424
860657908194828288
860658167302168578
860662783049740288
860672144367341568
860677600816939008
860691802218786816
860695332497354752
860699764706463745
860702984962953218
860703181352906752
860704659756822528
860705589122310144
860706665745846272
860711290117009408
860711314129399808
860711337772666884
860711357540429825
860711381758337024
860711392982249472
860711416810139648
860712465788801024
860712674522529793
860713691930603520
860715189506801664
860717073319833601
860723846193852416
860724620219088896
860726144856883201
860731663202082821
860732841654669313
860732965646721026
860733278776688640
860733411387944960
860733527343673344
860733699817603072
860734390187548672
860735787855491072
860737945950728192
860737990699692032
860738421823860737
860738530900889602
860739108464975872
860739174076485632
860739574179483649
860740304722427904
860741707230523392
860741874344226816
860743294560739329
860744205689376768
860744560498151424
860745796962144256
860745914897625088
860746698418769920
860746979160317952
860749804015689728
860750561867685888
860751289789157376
860751692199063553
860751929483374593
860752136220659712
860754282823512064
860754940079218692
860755530599600129
860755799819341826
860757152499191808
860757576090341376
860758795915583488
860759320010661888
860761522557124608
860761868792725504
860761881073659904
860762537704513536
860762555266084864
860762617043931136
860762832341741568
860764491331588096
860767882308964352
860768007949365248
860768898060361729
860769837362139136
860771178742525953
860771638538850304
860772153444249601
860773265794629632
860773296173969409
860774075328856065
860774737210998788
860775590055387136
860776470733443072
860776601889452032
860776794600984576
860776954081009664
860776978713989122
860777150814851072
860777344973328384
860777462241931264
860778040066019328
860778101642379264
860778534507294720
860778583723212800
860778936468426752
860780345444233216
860780349722431488
860781003199184896
860781715165503489
860782873762119680
860783196803411969
860783668373200896
860784684359446528
860784805755199489
860784921450827776
860787669164576768
860787757869920256
860787829760294913
860788051496316928
860788244170121216
860788913245491201
860788962109120512
860789548959375361
860789596594077697
860790823906095104
860791235308605440
860791630214946816
860791972319113216
860792327908069376
860792369049853953
860792754112266241
860793238038474754
860793733364809728
860794292633292800
860794996701745153
860795044609110016
860796594647478272
860797974707818496
860798116617789440
860798875434725377
860799712718462976
860799763616321536
860801030375833600
860801097920917509
860801351932137478
860801764953538560
860802328013795330
860802707795431424
860802894299365376
860803009126813700
860804104490242048
860804338402414592
860805043330703360
860805081532219392
860805217448800257
860805537679769600
860806195837370368
860806242964561920
860806875742449664
860807169544998912
860807367792795649
860807607283568641
860808634099519491
860809709510692864
860809944525815808
860810115523514368
860810174491238400
860810571024932865
860810900873379840
860810969546719234
860811249545879553
860812356766617600
860812702276620288
860813104061480960
860813931119431681
860814988247695361
860816256663990272
860816600030740480
860816648223305732
860817069616627713
860817214827618308
860817226227748864
860817242015006720
860817249040560129
860817268678287362
860817288722874372
860817304090759169
860817319458729984
860817326605824000
860818344169021440
860818391585533952
860819022509621249
860819101975023616
860819553097568257
860819706910867456
860819750573805568
860819909844008960
860820390909808641
860820677154287616
860820921543774208
860821241015480321
860823159892738049
860823339169873921
860823361085095936
860823840665948165
860824878282412032
860825067718037504
860825488960475136
860825506241019904
860825709312438272
860826865904365569
860827084289126401
860828240650182656
860828467620917248
860829290467872768
860829359174807553
860829603757264896
860830890221600768
860832421687767040
860833169792172032
860833635926237184
860833659812810752
860834292989128704
860834928803663872
860835536302460930
860835591210115077
860835683107127296
860835787281235969
860836046363385856
860836596152754177
860836929885155328
860837196034482177
860838212994035712
860838510609039360
860838518049972226
860838922770841601
860839198621937668
860840293381406721
860840685695533056
860841341953216517
860841950718644224
860842137897906176
860842924220850176
860843798707961857
860844306126516224
860844599555883012
860845077547159552
860845230026883073
860846154480852993
860846325574889472
860846543888412672
860846612733734913
860847334380490753
860847358220881920
860848869739048964
860849722315214849
860849890288644096
860850539634053121
860851822528999424
860852293419368448
860852840151093248
860853249125089281
860853597793378305
860854302151200768
860855397783146497
860856262501838848
860856499903627264
860856518249467904
860856762215411712
860856775704182788
860857083352240128
860857378866159616
860857751236263936
860858054111363072
860858128098840576
860858167575453697
860860894699540480
860861584410849280
860862201653080065
860864355570778112
860865836004855809
860866277002416128
860866425325584385
860866580577648641
860866918382698496
860866926180007937
860868494719569921
860869908137218048
860869983726964742
860870097723961344
860870535600758786
860870655201468418
860870757303422976
860871326789226496
860871689147744256
860871820765003776
860871850708148225
860872620270645249
860872682056945664
860873292537667586
860873493843456002
860873567763931136
860873695522430984
860873733698977795
860873826212737024
860874440174948354
860875936371265536
860875963013500929
860876050007560192
860877317551403009
860877362078130178
860877461688594432
860877761749110784
860878110144815104
860878145263632390
860878349480206336
860878594142294016
860878616628002819
860878653235884036
860879056681795584
860879261728690176
860879662393819137
860880079760629760
860880485383376896
860880837826490369
860882048868913153
860883039689338880
860885558435786752
860885582825828352
860886046900449280
860886665790992386
860886722867023872
860887944198066176
860888922397822976
860889298375192578
860890331461677057
860890924708220928
860891135195131904
860891232834387968
860892034391056384
860892664488751104
860892710470864900
860892951169429504
860893087173836800
860893196427067392
860893931671875584
860894082414944256
860894245149868032
860894370937090048
860894430739300352
860894660679548929
860894822516895746
860895540321464320
860895588925063168
860895698669252608
860895709733818368
860895784803414016
860895950231007233
860897493826940928
860897699092193281
860897711540842497
860898106212327425
860898422848729088
860898440838074369
860898822263844866
860901018535567361
860901228355743744
860901859594305538
860902447484686337
860902583082209280
860903572564828160
860904219859193860
860905134951469056
860905876474953730
860906071208206337
860906074408398848
860906777663197186
860907667530829825
860907684484304896
860908120310247428
860908258277642240
860908314388856834
860908368403324928
860908990015959041
860909136439111681
860909664602599424
860910244318367744
860910317076873217
860910341512941569
860910801988853760
860910906070503425
860911227417055232
860911823167598593
860911923537350658
860912409514393600
860912792009928705
860913194239438849
860914105716064256
860914290273824768
860914356745248768
860914376202747904
860914973614145538
860915026525392898
860915122474299392
860915966758109184
860917275569696768
860918492308099072
860918898400649221
860919468809170945
860919708115185665
860919732324663297
860920185439563777
860920266842660864
860920335033667585
860920758553513984
860920948102397953
860920999725891589
860921172199919616
860921172925591557
860921230051995649
860921316345610241
860921345999327234
860921652661628928
860921847390420992
860922111833124865
860923264331386881
860923384624013312
860923525779030016
860925609882525696
860926492770844673
860926839665156096
860926970334523392
860928475519123456
860929030970789889
860929423180263426
860929501403992064
860929666680598529
860929990006890496
860930046705508352
860931296738127872
860932000332623874
860932573601513472
860932751909892096
860933516183298048
860934404738363393
860934636096172033
860934837481476096
860935389401538560
860935458196533252
860936460115075073
860937449312317440
860937760655495168
860938369613914114
860938456326746112
860938619929939970
860939387147739136
860940021460762624
860940226528784384
860940536324149248
860940834145009664
860940988591636480
860941491883192320
860942099293904897
860942371235799041
860942984963125249
860946214702985220
860946304977051648
860947022907658240
860947308938227712
860948484068921346
860948738591928320
860948959086469120
860950162008625152
860950771919179776
860950881918996480
860950974571188226
860951269455921152
860952045762867202
860952920136790016
860953364842115072
860953749593915392
860954160279285761
860956266008649734
860957791728566274
860958157455187969
860958815696674816
860959092507947008
860959525809029121
860960601396432896
860960799392636928
860962178546970625
860962363062857728
860962809110306821
860963315060789248
860963758163865600
860964041845559297
860964783872516096
860965341215772672
860965439182036992
860966478383853570
860966977057304576
860967236747571200
860967456369758208
860967713136672769
860968415242178562
860968415242178562
860968604086534144
860968797368233984
860969438090231808
860969537558204416
860969921290915840
860970685694345216
860970709710929920
860970923658293248
860970936589221889
860971934221303812
860972390372823040
860974312999706624
860975268340666368
860977723950469120
860978481970196480
860979715942764544
860979905873543172
860980423752548353
860980679127040001
860980855333900288
860981241516044290
860981468302110720
860982019022606336
860984699912585216
860985196274831360
860985788233916416
860985788233916416
860985815454932992
860986934184824833
860988616092340225
860988891171622913
860989367803838469
860989666476032001
860989885728964610
860990043682459648
860990118341070853
860990645858598912
860992159427817474
860994533710024704
860996276233666560
860997068122456065
861001019274256384
861002661616898048
861003443246419968
861003576394567684
861004003114614784
861004352043048960
861004543420715010
861005130401026048
