895435462889938945
895436144921395200
895437754603122688
895439474389172224
895441217546313732
895446976489246720
895450024582066176
895450372772216832
895453052936871936
895470560792236032
895481770212294656
895488529593245700
895488662376509442
895489576399011840
895497452412964864
895498535411601408
895500567916797952
895500578041860096
895500583519608833
895500589060304896
895500598761705472
895500621004103680
895500630797799424
895500652079706112
895503223628410880
895503775498211329
895507007926677505
895507798892720128
895508556228820992
895508648776093697
895508691985805312
895509434633523200
895511751839625216
895512237930139648
895513801692512256
895514547552964609
895516005077843969
895516701432975360
895516982530985985
895517569368686592
895519809793818624
895523296866971648
895523862414213120
895524075745030145
895527311856078849
895527408698363904
895527578525675520
895527593776095232
895527675120451584
895528179816910849
895528354924900352
895528857880727553
895528986792656898
895529497264631808
895532135767044096
895532446384566272
895533679325401089
895533971983007744
895535677156282368
895536607910141952
895538236025708544
895538893717737472
895540744282353664
895542833842728960
895543743088033792
895545538589990912
895546188572893185
895546390830620672
895548959938285568
895550491807162368
895553547290501121
895555178283364352
895555823476277248
895557419098624000
895557446307110912
895557960704774145
895558628136144896
895558792909402112
895560461491556352
895560684246880256
895561304387223552
895563070864367616
895563215492571140
895563350611984388
895564807029575681
895565033697980416
895565130720833536
895565925218439169
895566141497671681
895567398392262656
895567648309870594
895568950360031233
895569158603235328
895569673588273152
895569675211468800
895569914567806976
895572147032047616
895572156867850240
895572523680768000
895572603309617153
895572731990691840
895572899725279233
895572941760598016
895573486768459776
895574160960872452
895574485872525313
895576448089546752
895576469157560321
895579453241397249
895580382514556928
895585451595223040
895585758505046016
895586539660607488
895587389917335552
895588823006052352
895589306861047808
895589516098113536
895590324973834240
895590512383676416
895590952634638336
895591103138869252
895591200677388288
895591846738407425
895593208234868738
895593386404704256
895593423146766336
895594268018036736
895598852937580545
895599608830853120
895601277119475712
895601321688150016
895602059885588480
895602117070790656
895603201159954436
895603746427682816
895605934042603520
895606319415250944
895606337832443904
895606360229982208
895606370531246080
895606393000136704
895606415431217152
895606437807886337
895606452404060160
895606466341740545
895606655227973637
895606823545384960
895607774306086912
895608185519824896
895610624654422020
895610935259299840
895611737495539712
895613429167403008
895614698653134849
895614841993404416
895615147355623424
895615675036729344
895616194098671616
895618030381793284
895619552628924416
895619737664851968
895619742425284608
895620073490198528
895620999076610048
895621256371896320
895621267440766976
895621456310259714
895622305002422273
895622634058256384
895623101408477184
895624314191347712
895625586835697664
895627024982847488
895627079106146306
895628067950940162
895628157944029185
895628641945534464
895629016958455808
895629566684909568
895629685631188992
895630447618646016
895630468271534080
895631065834024961
895631288513818625
895631362178396160
895632716242329600
895634427627192323
895635284699865088
895635859810258945
895636479887757312
895636856913657856
895637529810137088
895638392293253120
895638484215623680
895639168042270720
895639287227711490
895639450646003712
895639608033026048
895639727587475456
895639910492901376
895641143677001729
895643686104690688
895644589973000192
895645249535606784
895645316787179521
895645466456621056
895646017126838273
895646061922066434
895647923341578244
895648229093556224
895649402118967296
895649430698938368
895649470590984192
895649636920303617
895650624976691200
895651375799054337
895651991736733696
895652711537950722
895656747884531712
895656887080898560
895657462639902722
895658235323088896
895660594992259076
895662565132566528
895663565629272064
895664146536177665
895664212919431169
895665246391676928
895665706448158720
895665918789001216
895666021675216896
895666145855930368
895666469203189760
895667415811465216
895667955417186307
895669942518923266
895670155216400386
895671370042023936
895672016119922688
895672610805166080
895674075472945152
895674382382747648
895674500364345344
895674550167506944
895675781267034112
895676165217824769
895676882766753792
895676886017298432
895677193807908864
895678313812905985
895678495556345856
895678659876589568
895679489161691136
895679646666297345
895680835478802432
895681222852190208
895681602507952130
895681882339373057
895682055220023297
895682508028825606
895686183652667392
895686684565745664
895686936320331777
895687940311068673
895688205193936896
895689103198629888
895689542245769216
895689864229920768
895690030110453761
895690244296671232
895690412106682369
895690418205151232
895691114518376448
895691202812665857
895691427329564673
895691705344765955
895691836320296960
895692021465272320
895692330036015104
895692494201122817
895692896090849281
895693375298453505
895693716706426882
895693809857835008
895693874441715713
895694636924248069
895695863875371008
895698315484024832
895698342474371073
895698718430777344
895700809702354945
895701327493439489
895701998896640000
895702300232122368
895702538179284993
895702703237734400
895702733398855680
895703854234382336
895706407718268928
895706748920758272
895706870521839616
895706925614215170
895707036910067713
895708012966555648
895709439415787520
895710264544374785
895710325537767424
895712228153937920
895712390494511104
895712401466720257
895712958252232704
895713336968359936
895713844215115776
895713966692892674
895716328874659841
895717356877623296
895717880028909569
895720558997811200
895720642019868674
895720848484708355
895720918768652288
895721102730776576
895721514691158021
895721849090437121
895722001373028355
895722101960781826
895723039626801153
895723876830859264
895723925761556481
895724307703320577
895725009351696388
895725551520018436
895726186680156160
895726447641473025
895726578981896192
895726774344089600
895727086811336704
895727624902684672
895728221550989312
895728430804873216
895729160714420228
895730343713681408
895731341165301761
895731813531828224
895732531814858752
895733362001838080
895733464925958145
895734513350828032
895736212782280705
895736744951160832
895736876543463425
895736946424762368
895737714024353792
895739163659706368
895739570137866240
895741197645357057
895741577745780737
895741843412996097
895742115296292864
895742231319019524
895742736954933248
895743003259785216
895743836596645889
895745556101902337
895746013713100800
895746463732563969
895746708356964353
895747325058060289
895748442152161280
895748643172626432
895749548945137669
895749755598516224
895750859866460160
895751919091798016
895753959146737664
895755723157778435
895757377642876928
895757951234965505
895760732163387392
895764725480534016
895766330149916673
895766703778529281
895773428925517825
895774222311727104
895774749502169089
895778485716881408
895778745847615488
895779477283852288
895781068724461568
895783230779125760
895788098797305857
895790482118385664
895790600192237568
895796244131586048
