921527383576006656
921527834085961728
921529739831140352
921530542411145216
921534479503708161
921537130173751297
921539510562934784
921540434735792130
921540514557693953
921540595750965248
921544803212546048
921558290789646336
921561866744111104
921563701311823872
921564500784046086
921584079212032001
921590054836932608
921592443845439488
921592450199752706
921592464212987904
921592478066708481
921592483586469888
921592493220786176
921592511277293568
921602105202397184
921611187229483008
921618393794355200
921618637869301760
921619331594592257
921620645368291328
921623891726004224
921624287680847872
921624902913921024
921625778311143425
921626265529958400
921629240688283648
921629788502097920
921633619109703680
921635730555797504
921636526680870912
921637326777995265
921637594890371072
921638135058006016
921639068093550592
921640277583986688
921640390691835904
921641426588504064
921644328476430337
921646104281866241
921646860753948673
921648719048699904
921648841065205760
921649538292748293
921649787790942208
921649887946604544
921650171657809920
921650717471002624
921650788795146241
921650883980558336
921650980948758528
921651196586274816
921651426434146304
921651575520743424
921651676829888513
921651849500884993
921652496090746880
921653327993147393
921654498204028928
921655370225016834
921655948200042496
921655967552548864
921656218770436097
921656984314810368
921657018016026624
921657632708005888
921658565798125568
921659145597616128
921659753058783233
921660484230811654
921660509971275777
921660943288987649
921661165620596736
921661969320554498
921662032809742336
921662080159064064
921662813218721793
921662892063313923
921663821240029184
921663967927390211
921664051914199040
921664201214570497
921664339903434753
921664850463375360
921664910949535745
921665099751968768
921665105905045505
921665428648284160
921665461707853824
921665770744147968
921665886431346688
921666174949187584
921666756908810241
921668502859239424
921668578138521601
921668747634540544
921669917790781440
921670009067393024
921670475822092289
921671357938749440
921671684217823233
921672430141235200
921673466432180225
921673959174582272
921673991538069504
921674380756897792
921674580678254592
921674637024595968
921675057444868096
921675643049467904
921675924944367616
921676493704572930
921676982923943938
921677617652228096
921678572900835328
921678767159787520
921678864224468992
921679149877678080
921679674278862848
921680623328219136
921681821292785664
921682053695000577
921682700938948613
921682736137625601
921682982334877702
921683645643059200
921684650392682496
921685289864781824
921686429008367616
921686743895760896
921687345212116992
921688191425490944
921688232206700544
921689197517443072
921690669600727040
921691147004760064
921691230924402688
921691235039006722
921692702533615617
921693353930121216
921693480489046017
921693973172932608
921695644800000001
921695706154524677
921695845870919680
921695969124679680
921697853147353088
921698094294503424
921698227803455489
921698235797909505
921698245637754880
921698259441192961
921698269188812801
921698283017424897
921698301111623680
921698306803322880
921698321311391746
921698336301830144
921698426538033152
921698700828794880
921698766507343873
921699758888177665
921700259255943168
921700673992970240
921700869984440320
921701012540461056
921701359577165824
921701636745105409
921701675827679237
921701770786693120
921701941314383872
921702183128756224
921702555457130498
921702939600793601
921703240894435328
921704216623812609
921704467426435072
921704489157058560
921704885279776768
921706904677732352
921706899195777024
921708548693872640
921709552499875841
921709757727207424
921710019808133120
921715308817272832
921715682047381505
921716074172870657
921716587752710144
921717322267742208
921717453230690304
921717602547916800
921717811063422976
921718790173413381
921719016334462976
921719306894954497
921720003338100736
921720144547713024
921720888793419776
921721327815462915
921721776614400005
921722928466624512
921723157123358725
921723180045148161
921724115219656704
921725311821238273
921725326031511553
921725557938835461
921726306810761216
921727102319251456
921727128898555904
921728480521306112
921728958080716801
921729418359386113
921730987700228096
921731206886121477
921732200600690688
921733045442490368
921733149163511813
921733415447285761
921733529037410305
921733679151534081
921734606931550209
921735198886199296
921735903755800576
921736616200286208
921737264509702144
921737439932239873
921737694035705864
921737905005047808
921737906687004678
921738986602881024
921740233858781184
921740418873733122
921741714968244225
921742903671689216
921743124564795392
921744719905939457
921745635149254656
921746097814597634
921748130827251712
921748130827251712
921748626120077312
921748782274039808
921749065121128449
921749280620150784
921749635902910464
921749727074553856
921750657882836993
921753151644033024
921753298700513281
921754175708499968
921754854028120064
921755006633684992
921755133297426433
921755827899387906
921756118703071233
921756205336420352
921756529937829888
921758232640618496
921758388224233472
921759154544443392
921759467708010502
921759700240293888
921760554104053760
921761001443278848
921761096763092992
921762028947165184
921762554157981697
921763238395736065
921763788650663937
921763930300698625
921764533571604482
921765349808369665
921765762053885952
921765988059709440
921766848038916096
921766901973438466
921767717190950913
921767933864566784
921767940369928193
921767965506396160
921768489932570624
921769901110579200
921770073701961729
921770348764282881
921770684086472704
921771343003181057
921772064171798528
921772533132812288
921772767665631232
921772774900854784
921773225457143808
921773433071001603
921773846398631936
921774605890736133
921774746064191489
921775001480646656
921775044933627904
921775195135922176
921775449478516736
921775661991256064
921776243254599680
921776308408987653
921776999542247424
921777776641921024
921778652861345792
921780169349783552
921780170503131136
921781159712968709
921782575433224192
921782767922360321
921783943854219264
921784417768554496
921784406272086017
921784775911886849
921784876382031872
921785188241367040
921785735652487168
921785891793850368
921786186821177344
921786272250810368
921786342308241408
921786588992102400
921786710886887424
921786817673822209
921787158708523008
921787910046744576
921788110198931457
921791420838629376
921792947481432065
921793603155918849
921793788678246400
921793844588445696
921794916245745664
921795391531700225
921795423689461763
921795492480249856
921795672457793536
921795733212233728
921796199291564032
921796213741154304
921796843142631429
921796960075632640
921797777130246147
921798885990903811
921799002403852288
921799002403852288
921799114844786690
921799704706461704
921799933069615104
921800168902668288
921800295243493380
921800518967623681
921800616011272192
921800662551269379
921800913882435584
921800994786222085
921802124203307008
921802296354361344
921802299021910016
921802853454360577
921802917610483713
921803691853627393
921804413986938880
921804506387636224
921804716945833984
921804743189712896
921805271349055493
921805906760912896
921805943817625600
921806783005577220
921807563112501249
921807648596488192
921807716791783425
921807948883558412
921808146439524352
921808195496087558
921808787815698433
921809048806273024
921809450650034176
921809500386054146
921809534301147136
921809718905106436
921809828162560001
921810095717072896
921810231130279938
921810406145798144
921810417021865984
921810521447333889
921810734618763264
921810963313123330
921811082020130817
921811166619369472
921811296995201025
921812214276861953
921812306421534721
921812529218715648
921812878994395136
921813530067816451
921813925250842624
921815285115637760
921815882715852801
921815883923836928
921816189478850562
921818615275577344
921818646581739520
921818674549444608
921818745445797894
921818780933685248
921819007237394433
921820168745095168
921822164587655169
921822177908985857
921823006091042822
921823336526700544
921824480774717441
921824889044127749
921830013363728384
921830311197102080
921830490759364608
921830542903054337
921831563620438017
921831741127524353
921831878906318849
921832278619312130
921833030704132096
921833057438576641
921833992403476480
921834762045657089
921835572502544384
921837302128656384
921837343539163137
921837534275137542
921837709609590784
921838441079308288
921838749998309377
921839247434354689
921839334030041088
921840346836824064
921840866884575234
921840966499258368
921842126165385216
921842519335346176
921843004440240129
921843622361706496
921843951178575872
921844070535774209
921844834448625664
921845924590161920
921847101176160256
921848172435116037
921849340968259590
921849338174803968
921849870280933376
921850264210083840
921850366182019072
921850604573675520
921851534081536000
921852195124989952
921853080211197952
921853483967500288
921853584693751809
921853809307070464
921861244759478272
921861535257038850
921861861032824834
921862892537942016
921864094633820163
921865593040535553
921866598591488000
921866954671099905
921867242559635456
921867718160240640
921869328978464769
921870091423240192
921870540608024578
921875766194794497
921875889717161985
921880717273059328
921880737808355329
921882275620454401
921883433940475904
921884803028447233
921885387286568960
921885924396380160
921887655708774400
921888152700309504
921888827848974336
