907406126492381185
907417693275516928
907418900790476800
907419110060982273
907419923294687232
907420342104326144
907432834973011968
907436159743049729
907441411070537728
907443421861830656
907449027352039426
907453866312073217
907458642743582720
907459251702059008
907459274141511681
907459292265054208
907459314562072576
907459336875778048
907459355087458305
907459368978919424
907459643768586240
907462491495649280
907462764725235712
907463901184495616
907465836453154816
907465875762159617
907466279547744262
907466497982849024
907467463117430790
907467494939643904
907469446620393474
907470450841620480
907470519326437376
907473388565917696
907475395464847360
907475905903251456
907475931178168321
907476618167373824
907476685561454592
907479043305562112
907479485884387330
907480746662735872
907481411497623553
907482127129878528
907483098727817216
907485575544016896
907485745887301632
907487579099893760
907487890900492288
907488904093220864
907489130761900032
907493294502006785
907495329012035584
907495476349620224
907496828895059968
907497883775258624
907498022363426816
907499359679533057
907502829497184256
907502854943985664
907502854537187329
907503021042683904
907503459053776896
907503583926644736
907504177450029056
907504801163948032
907505588489388032
907506681835347968
907507479503831040
907507571623329792
907507858807443456
907508030442414080
907508498786869249
907509632972632065
907510015426220032
907510613030645761
907511101079932928
907511437509185536
907511914254753792
907512023235391488
907512333555130368
907512375926026240
907514395042992129
907517378904424448
907517525554069505
907518184026202112
907518918536962048
907519796652204032
907519951988293632
907520322336956417
907521819997036544
907522154614460417
907522658501369857
907523151558520832
907526736233070592
907527281450647552
907527501118885888
907527765632716800
907527923892146176
907528321717633024
907528933003939841
907529080626610177
907530426004144128
907533109951832066
907534583817785344
907534932750336000
907535336103964672
907536020513619968
907536180387962881
907537867991384071
907538201136508928
907539395972038657
907539970772148224
907540007748960256
907540375652519936
907540970304102400
907541225150058496
907541834636910592
907542139931910144
907543505232433153
907543627014053888
907544365442138112
907544404822433793
907544841747173377
907545612111028224
907545723805220864
907546414124806144
907547369021038592
907548561444917248
907549286296145920
907550528690905088
907550686967156737
907550939212603392
907551581855473664
907554494283751424
907557238906212352
907557258661384197
907557273538572288
907557292874268672
907558965600538624
907559131359404032
907559330387341313
907560034623787008
907560587021996032
907560993097752577
907561241769472000
907561404625977344
907561448498503681
907561719102394368
907561736584261632
907561829379002368
907562468171501568
907562895340425216
907563888371216384
907564436575186944
907564600467578880
907564917426987009
907565151695642624
907565170171547649
907565192648839169
907565202522206208
907565220750602242
907565234994532352
907565240811905024
907565263373193221
907565286152339456
907565415227904000
907565633952534528
907568237138911233
907568597979066368
907568993212366848
907570043751411713
907570780447412225
907572363088351232
907572392494551040
907573653562384386
907575104514772992
907579278535151622
907579812600057856
907579833454133248
907581439033581568
907582460648677376
907582472652709888
907583044193845248
907583227489112064
907583736681771008
907583846891364352
907583944312401922
907584618353881088
907584913658073088
907585121045250048
907585339434336256
907585460003917826
907585483273904128
907586822959747074
907587229819789312
907587271637041152
907587441934168065
907588731082854401
907589180166983682
907589205706067968
907589263289708544
907589295183200256
907589556345733121
907590992836132864
907591160469782529
907591561046839297
907591728261189632
907591763359133696
907591840089636864
907591890693971968
907592399924363264
907593129842405376
907593215548772354
907593333366763520
907593437180055553
907593616746565632
907593775437856769
907593915469123585
907594339555135488
907594451094265857
907594920667557888
907595124464594944
907595579743723520
907597506770599939
907597714199904256
907597800388653056
907597881049317378
907598067284705280
907598148138409985
907598152831782915
907599974082498560
907603232020725762
907603233761320961
907603896402677761
907606856520146944
907606858394996736
907607002599354369
907608277718106113
907609216491442176
907609309365903360
907609332522655744
907609412977807360
907609531148115969
907610701837074434
907611647488950272
907612141326348290
907612278740090880
907613351576051712
907613800412717056
907614011990183937
907614262859792385
907614352932524032
907614535275642881
907614606356557825
907615800181305345
907616133691449344
907616661947154435
907616853484347394
907617078873661440
907617128811024385
907618123972362240
907619128852316160
907619305990316032
907619535469125633
907619586002046977
907622318289104896
907622472299708417
907623266377981953
907623622377951233
907624395866226690
907626176730030087
907626873751977985
907627307950657536
907627639107502084
907627925041762305
907628666317934592
907628840570126336
907629099652325376
907629739057324032
907630984400687105
907631885442064385
907631895428698114
907632830397784069
907633102889070592
907633243587055618
907633341175926784
907633692771790849
907633866009178113
907634284638416896
907634474749513728
907634594010226693
907634693482467328
907635349744242689
907635596595691526
907636184192618501
907636287342993408
907636639069024256
907636697940230144
907637183397457922
907638075580395520
907638208263057408
907638236461322240
907638943381954566
907639501257891841
907639554651377665
907639889558204416
907640590673829890
907641087963140096
907641247468343296
907641257454948352
907641262249037827
907642194919608320
907642472674856960
907642777265164288
907642885549563904
907643176311193601
907645396570316800
907645643837059073
907645932984045570
907646117977915392
907646156141989890
907646225914220545
907646637551636481
907647369348612097
907647869687132160
907648331312230400
907648608324988931
907648739736784896
907649350955945985
907649774383452160
907649846185783297
907649944173076481
907650026318569472
907650902777110530
907651586683490304
907652023700553730
907652614258659330
907653451831824386
907654606997598208
907655163913142272
907655437339774978
907655570508976129
907657421404950528
907658943639498752
907659367461384192
907659628594569216
907659675914702850
907659722999857153
907659943582584832
907659960171065344
907660087585624065
907660156237905922
907660228128362499
907660358944522240
907661920416653313
907662224369623040
907662381907619840
907663072428527616
907663141043163137
907663974392414208
907663976707842048
907664203175079937
907664262637776898
907664403453153281
907664480619913216
907664542766952448
907664628112556034
907664702314094592
907665094858891264
907665202858090496
907665790048010242
907665837007540225
907666116926881792
907666549556871168
907666752594759682
907666784957943809
907667295278903297
907667526527672320
907668415132958720
907668708193181699
907668773506879494
907668973231243266
907669173081440256
907669285379682304
907669291323011072
907669584265838592
907670307665838080
907670344810541056
907671023058915328
907671517617684480
907671891074265088
907672397393866752
907672812248166400
907673038963068930
907673961131061249
907674152038834176
907674395736465410
907674413536993280
907674655896555520
907675941249437698
907676147248357376
907676210813181959
907676534223273990
907677000915136514
907677539174363140
907677802547208192
907678081833422849
907678236372475904
907678478878752768
907679530747351040
907680176858959874
907681223371366401
907681291231010817
907681339352211461
907681508793753600
907681585096482816
907682074420760578
907682958466789377
907684271900577793
907684782749782016
907686187334291457
907686460131856385
907686587512877058
907687183586398208
907687790644809728
907688612241793024
907689329346191360
907689505771069441
907689871585804289
907690418535530496
907690791023378433
907691284659425280
907691993828151296
907692283792945153
907692573514452994
907692842704949249
907693965666906114
907694246790029312
907694254297772033
907694397919305728
907694976368353281
907695532734369792
907696008519438338
907696627795873795
907697719459934209
907697767212048384
907698673898967045
907699086979158016
907699107954913280
907699877882335233
907700259081551877
907700792991391744
907701122793476096
907701941286862848
907703076127158275
907703264174538753
907704968634884096
907705430813626371
907705482936307714
907705948986335233
907706500394766343
907706678191153152
907706831287529473
907706953077534723
907708235569917952
907708971330543616
907709528405413888
907709548538064896
907709932040015873
907710315986669568
907711137055158273
907712279415869440
907712436383477760
907712537222832128
907713061229867009
907714335866343426
907716819535978497
907717668366581761
907718154545192960
907719889221148672
907723320153518081
907723497262211077
907724008908566528
907725138971418625
907725329111896067
907730472305917952
907730747045421056
907730806440960000
907731676767424512
907732465363681281
907732644380717056
907733299073650688
907733387133276162
907733594633904129
907734734410846208
907735530854600705
907736892388585472
907737011779510273
907737552299417600
907739559051620352
907740170648252417
907742299035242496
907742802834010112
907746208902520832
907752661650427904
907753695068160000
907754768336146437
