901232885646204929
901233113245896705
901233990652317697
901234102476484609
901235193247412225
901236372056416256
901236393053233153
901237573032353792
901238909996290049
901239804049883139
901241265567694849
901242559762112512
901244323269939200
901256759595196417
901257723282632704
901264615421693953
901267240573702145
901267879642968064
901268012384301056
901268840256086024
901272827944476672
901274086680260608
901277631747948544
901277980491735043
901280269482823680
901284236363264001
901287206752591872
901287598546575360
901290208133615618
901292314114621440
901295663618588672
901297106245308417
901297391260893184
901298653821902849
901298676089442304
901298694150135808
901298699694899200
901298722088394752
901298731974348800
901298745970749440
901298852308951040
901300448312819712
901302586216775680
901307797211680769
901310188677976064
901311663139377152
901312086915121152
901312131714359302
901312751783391232
901314049417388032
901317461596831744
901318438379020288
901322864619659264
901325412617375745
901326340313501696
901326796070768640
901327418803269632
901328231684591620
901328239762837504
901329353400868864
901330630524448768
901330954438021120
901330990664175616
901332342953967617
901333458655600641
901334188879626240
901334918197907456
901334946069045248
901334976880312320
901335045415346176
901335985908314115
901336556903989248
901337195390398464
901338927281434624
901339248183451649
901339469009301504
901339924879863808
901340091406315520
901340489399631872
901340751484858368
901340962009489408
901341553301606400
901342256933818370
901342601835683840
901343162924486656
901343320277995520
901344250528505858
901344438349443072
901344462626062336
901344856903213056
901345152152862720
901345837447618561
901346567986311168
901346782189367296
901347725840613376
901347993315667968
901348633894952960
901349476740321281
901349723625451520
901350302619717632
901350674188955648
901350833153036288
901351202306183168
901352819638358017
901352877100158976
901353037805080576
901353696499572736
901353797980696576
901354113979600896
901355051859542017
901355053809889283
901355234793897985
901355664060100613
901355987944255488
901356109667209216
901356525150752770
901357157534269441
901358024568320001
901358417352077312
901359018056318976
901359217231134721
901359535339839488
901360059090956288
901360142624538624
901360496187756544
901360643244040192
901360874933374976
901361017464160256
901361525042139136
901361565420539904
901362083349938180
901362192053923840
901362759912312832
901363111747309568
901363348754898944
901363962800988160
901364125229568000
901364192191684608
901364225154703361
901364522010763266
901364647118462977
901364858280701952
901364888936828928
901364923489554432
901364992200646656
901365123163447297
901365486268579840
901365487421894656
901366434709819392
901366536530776064
901366697692717056
901367983410425856
901368186997805056
901368805632487424
901369381686521856
901369528730480640
901369756414087168
901371226073038848
901371434441822208
901371482550480896
901372055542779905
901373406796406784
901373587550076928
901374515267162112
901374658905333760
901375030151524352
901375420473462785
901375623746260993
901376129369505792
901376440519630848
901376478310522881
901376755906338817
901376962563887104
901377011658235904
901377304986648576
901377466836582400
901377518665691136
901377818411622400
901378096586137600
901378324395696130
901378406528552960
901378652683808769
901378779318276096
901379114610851840
901380104923758593
901381203449786368
901381402922426368
901381524699963392
901381697752637441
901381752312221697
901381932956647425
901382286767267841
901382467810197504
901382484818104320
901383048884887557
901383078362439683
901383707080232964
901383854489051136
901384229359165440
901384429121265665
901384839630290946
901384966755450880
901385503097749504
901385606432817152
901386256063528960
901386297536905216
901386896747745281
901387780672045057
901388067294130177
901388561362153472
901388570224676864
901388709358174208
901388836030251008
901389032407650305
901389382782988289
901389384678756354
901390419824590848
901390484056178688
901390898671628288
901390901863436288
901391426784833536
901391544258883584
901391918013136897
901392469413199873
901392779443613696
901393010990219265
901393385176649728
901393388196552704
901393403342139392
901393451614433280
901393483126239234
901393752660611074
901393853596528640
901393911943507968
901394183813869568
901394385404919808
901394534780874752
901394651428659200
901394668247699456
901394705975476224
901394990743650304
901395276539285504
901395970533072896
901396096475443202
901396406350557185
901396615826636801
901396849789210625
901397071831412736
901397264157081600
901397423360290816
901397570643251200
901397692378689540
901397697223053312
901397863732842501
901397912042721281
901397918976024576
901397953964900352
901398212795396100
901398343502442496
901398580614844416
901398643583987712
901398731978944512
901398878423011330
901398893665153025
901399196388937730
901399404321529857
901399704772136960
901399859890184192
901399863358877696
901399985132113920
901400089733869569
901400238577135616
901400386950639616
901400742656962560
901400750680571904
901400872424529920
901400893064695808
901401089983033344
901401140566405120
901401169393745920
901401299400495104
901401462353387521
901401607933370368
901402206624239616
901402234902241281
901402498375843840
901402604768571393
901402942934323200
901403374154907648
901403754020220929
901403958874394625
901404149643915264
901404264102318080
901404347115950080
901404521775206401
901404531556327424
901404537717739520
901404555753213952
901404561176506369
901404583439761408
901404601546625024
901404615446540289
901404637915471876
901404914936676354
901404934960283650
901405325911261184
901405400238522368
901405741071958016
901406025106034688
901406461816909825
901406538572673025
901406632093118464
901406634848735234
901406693094957056
901407273221750784
901407409066975232
901407970205904896
901408203124158464
901408828222308356
901408846337495040
901408965673799680
901408977598251009
901409118602362881
901409117360857089
901409373955776514
901409385406238721
901409504130211840
901409968318009345
901410066691239936
901410866620506112
901410885784281088
901411359480586240
901411565093736448
901411597465288706
901411682026704896
901412047962984448
901412226233511936
901412340301795328
901412436481384450
901412863490871297
901412965932576768
901413043397066752
901413718638161920
901413987903995906
901414010935021568
901414182939131904
901414230888509440
901414411188838400
901414774046642176
901414882876289031
901415627159732224
901416116534358016
901416307450552320
901416360353333248
901416411179909121
901416809181609984
901416891964588036
901417024479518720
901417696293683200
901417918940024833
901417918180753408
901418774129250304
901419248198746118
901419627313582080
901420353934823426
901420747977093120
901421761429983232
901421770317737989
901421865138311168
901422150233583616
901422398674796544
901422573732409344
901422575439536128
901422619865513985
901422773280616448
901422827122958341
901422856814415873
901423121684627457
901423169420107776
901423380292812800
901423506700869632
901423594974183424
901423777216647168
901424474662350849
901424621848801281
901424664626556929
901424700198465536
901424726270255107
901425016591581184
901425099542331392
901425339544612865
901425370653745152
901425407190343680
901425903099662336
901426005625196544
901426028584857600
901426215277404164
901426235296948224
901426321603145730
901426379752964096
901426392717459457
901426522841530369
901426532324790272
901427447161397248
901427571241472001
901428088206229504
901428471712276480
901428521423314946
901428699114987520
901428878312448003
901429047120588800
901429112828559361
901429145443459073
901430103498006528
901430334348296193
901430439679799296
901430481136365568
901430892333330432
901431070456815616
901431176153387009
901431577938464768
901431740367081472
901432050821058560
901432168240603136
901433022221885440
901433506789720064
901434008122339328
901434326545465344
901434378005381124
901434455793053696
901434521773584386
901434844273659904
901435045646393346
901435727195639810
901435739954720770
901435865465016320
901435945441951744
901436173347934209
901436919103594497
901437134913105921
901437192677072897
901437388001619968
901437763123372032
901438778094620672
901439323366719489
901439418740899840
901440309384687617
901440440603467778
901440971107389442
901441191471980544
901441353099378689
901441379943022593
901441605428817920
901442006303592449
901442537986109440
901443160496386048
901443288309301250
901443316956508160
901443486729342978
901443605990187010
901443630946283521
901443746948153347
901443811557203968
901444021117214722
901444340295368704
901444702121193473
901444720131526656
901445062948790272
901445102769516544
901445372769431552
901445491350802432
901446028741750785
901446567898615809
901446569601511424
901446798417506304
901446846605819904
901447065854783489
901447283300077568
901447737408925697
901448088912621572
901448139063689216
901448208639037440
901448419557986304
901448647962972160
901448648663474177
901448696453255170
901448953136373760
901449173521780738
901449285757095936
901449447976128512
901449638980583425
901449677299621888
901449718735220736
901449734207950849
901449763467530241
901450082725240835
901450102354694145
901450157287276544
901450181266165760
901450307485478916
901450627909382144
901450919673462784
901450957283872770
901451013302788098
901451236616097792
901451386973552641
901451559896309762
901451660437987328
901452624230305794
901452851192492034
901453030268207104
901453096718671872
901453197373583361
901453235461947392
901453244471398401
901453515146616834
901453641080602624
901453677449416704
901453816327024640
901453842096816128
901453844651102209
901454011014012928
901454176965865472
901454297740824576
901454460551127042
901454566214049792
901454762876575744
901454791162908672
901454857365626882
901454959937564672
901454963204923392
901455392517099522
901455404537925637
901455675242532868
901456177711652864
901456454418403328
901456466468642821
901456468729356289
901456762058027009
901456868844814338
901457126773673984
901457187805024258
901457249897459712
901457303462981632
901457349797265408
901457352326615043
901457523353550849
901457605092032512
901457886966145024
901457894100672512
901458166885601280
901458345852317696
901458549708128259
901458828318969856
901458896212176898
901459170205073409
901459558622736385
901459738998734848
901459914270420992
901460141207425024
901460276222078982
901460658113449986
901460943661522948
901460997470384130
901461126130610176
901461181847576576
901461620278398977
901462244160135168
901462476683923457
901462584934584320
901462692115906560
901462735107575808
901462780640755713
901462845786918912
901463178940481536
901463553097519104
901463892492251136
901463933780844545
901464013250363393
901464415966461952
901464422618673156
901464619465756673
901464774801862657
901465493185458177
901465645220605953
901465681329352709
901465857435590656
901466059848527878
901467631701676032
901467728539787265
901467915974832129
901468033025273857
901468320246923268
901468797374271493
901469156352176128
901469171468337157
901469197854814208
901469353610272769
901469457419296769
901469780330369025
901469821862150149
901469955937325056
901470116524707840
901470212557385729
901470654683168768
901470997672538112
901471136692793345
901471482441867264
901471566000771072
901471838945116160
901472087298248704
901472479327260672
901472487464161280
901472528652091392
901472629714030592
901472902389932033
901473380834127872
901473758606741504
901474102778761216
901474524025237505
901474673720004610
901475023898071040
901475436705849344
901475467471073280
901475508080308225
901475679283404800
901476609047318529
901477332636061697
901477902255927298
901477969725726720
901478278690504704
901479035481575424
901479117832499202
901479372644917248
901479539406241792
901479637917855745
901479680649424896
901479779228057601
901480401402769410
901480428070154241
901480487012663296
901480549931515909
901480581376212993
901480668210712577
901480674770784256
901480832191410177
901480893084250112
901480903225950208
901480985262534656
901481095836962816
901481328390135808
901481589930168320
901482093947047941
901482107226267648
901482290873868289
901482463964409856
901482529789628416
901482747046371328
901483064496340993
901483079256199169
901483688621260800
901483817038434304
901483836696961024
901484383932207104
901484728691417089
901484752821243904
901484855191535616
901484925664337920
901485354548637698
901485376841318408
901485437885313024
901485551802621953
901486111750594561
901486444132261888
901486521387290625
901486641432461312
901486654032052226
901486901584154627
901487066193825792
901487104705933312
901487111425183744
901487179683295232
901487236176281601
901487468830130176
901487833604665344
901487953037471744
901488549748285440
901488683882344449
901488969149493249
901489204013797377
901489506305662976
901489536538222598
901490206393724929
901490627011063808
901490892074344449
901490921686130688
901491234186948608
901491402609229824
901491428609597440
901492187342483457
901492299129131012
901492321925124098
901492441219575808
901492489147695105
901492577953828864
901492843025502208
901493153202655233
901493281841971201
901493483063595008
901493626391363586
901494026930716673
901494083071430656
901494358603689984
901494465256452096
901494511603507200
901494724598657025
901494814788726787
901494910230155264
901495207249760258
901495275273023488
901495533075869696
901496063546314754
901496594985504768
901496806881845253
901496894773506048
901497186038550529
901497276677341184
901497298248581120
901497348450332676
901497469388959750
901497494726684673
901497501198336000
901497503408955392
901497677820461056
901497745776803840
901498144491323392
901498161595768832
901498200921714688
901498348808675331
901498457751519232
901498513002868737
901499057331240960
901499364962705417
901499408679931904
901499435036925952
901499560295583749
901499916845023232
901499963867312129
901500357255319552
901500514348781568
901500554446327809
901501218559856640
901501431915708416
901501518318366725
901501600577060865
901501733662322688
901501841686634498
901502036696379392
901502138748219393
901502303164825602
901502329005916160
901502440796594177
901502537039175680
901503091912187904
901503129073721344
901503202260119553
901503396091441153
901503905154117633
901504452141527041
901504597780348929
901504623437107200
901504673571581952
901504724163338240
901504738772082688
901504983027396609
901505217790955520
901505842075193344
901505936568832000
901506002746580992
901506043443900416
901506077946257410
901506327700275200
901506386294657026
901506418435600384
901506493694050304
901506502539620352
901506917733982208
901507185997475841
901507636130074624
901507672045998080
901507712730705923
901507747228692480
901508035792842754
901508209583820801
901508316572024846
901508398629441538
901508465536811008
901508650904301568
901508983642615812
901509169223798784
901509359577948160
901509645046607872
901509705553629184
901509719810072576
901509916766220288
901510043337502721
901510274422910976
901510374150635520
901510445206564864
901510526991290368
901511211551948800
901511492465512448
901511653291954176
901511703606812672
901511832611037184
901511937393143808
901512077881290753
901512100543168512
901512126929481728
901512543939829760
901512831950102528
901513040176304128
901513128936181760
901513175878823938
901513286168059905
901513529265672194
901513542398091265
901514577011257344
901515164570308609
901515420632571904
901515524810604544
901515864113065986
901515987320811522
901516412761538561
901516837552304128
901517048735555584
901517504316674048
901517556611239936
901517680246763521
901517929853980672
901518031288844288
901518269500272643
901518409439084547
901519086533869568
901519111917899776
901519140803850240
901519846181146624
901520579370655750
901521416209739778
901521519209136128
901521842103402496
901521910667915264
901522353473146882
901522440718868480
901522537456164864
901522783007592449
901522810966753280
901522822039818241
901523329915420672
901523501777113088
901523715338506240
901523984621207555
901524530233057281
901525174704537605
901525569531150337
901525817469087745
901526622158766080
901526793575948289
901526992654389248
901527586756599808
901527593194749952
901528302787018752
901528823744917507
901528996516593664
901529000559955968
901529008180953089
901529193007263744
901529285143416832
901529298384941061
901529463942500352
901529734907125760
901529759875715074
901530086809116672
901530359707439105
901530395795173376
901530495728726018
901530845881696257
901531111070642176
901531129974599685
901531549409136640
901531573023100928
901531743353700353
901532062053740545
901532108111269889
901532200272875520
901532367143260163
901532395987492864
901533084151156741
901533253219307520
901533290808475649
901534082756001792
901536285373976576
901536401069494272
901536815919902720
901538590261485569
901538863595884545
901539921525125120
901540096385720321
901540225771614208
901540582585122817
901541449413656579
901541807745585152
901541920006180864
901542083969900545
901542128337268736
901542220054106112
901542474497372161
901542583087837184
901543063809662976
901543626152529923
901543782616711168
901544124540633088
901544988521230340
901545309410648064
901545990783721473
901546270787067904
901546602820771842
901546911999635456
901546958828978177
901547129528877093
901547179088728064
901547352607084545
901547789204807682
901548020336128002
901550364763144192
901554153431937025
901554165691719680
901554453907738624
901554464447922179
901554648804470785
901555045077880833
901555117937135616
901555366558879745
901555620062654471
901556449054253056
901557274505871365
901557767009427457
901557888971411458
901558240634429442
901558433861832704
901558474806628353
901559209627717632
901559492973821952
901559517825073153
901559724172292098
901559830875451396
901559856271941633
901559962903748613
901560132324265984
901560276809654272
901560447668822016
901561152215371777
901561331001819139
901561352959012866
901561623361359873
901561927712768002
901562184123244552
901562536922894336
901562989450539008
901563406351609857
901563599700844544
901563962923339776
901564121359011845
901564800299401216
901565276457750528
901565352982847488
901565364169060352
901565501624680448
901565977724424193
901566433708183552
901566824579457024
901566883136229377
901566970054750208
901567095896502272
901568087132180480
901568506591948800
901568817733742594
901571583709466624
901572530800025600
901572814083416064
901573709319872512
901576727889104896
901576741961035776
901579493818716160
901579827312021505
901580146171359232
901580559499055104
901581012400054272
901581569063825412
901581707824029696
901581835213340672
901582148972539905
901582223014539264
901582334457241602
901582723172716544
901583391262482432
901584124137365504
901584203506208768
901584339942723584
901585099782668288
901586181804175366
901586440039129090
901586766389542912
901587376006455296
901587983144497153
901589556146962433
901589936624869376
901590043114033152
901590840228945923
901590861221429248
901591313946210304
901592069294235648
901592468839424000
901592537122701313
901592751548092416
901592867524587520
901592976299872257
901593346572918784
901593565129822210
901593840645283843
901593989962489856
901594136947683328
901594334973358081
901594338240729088
901594421417869314
901595109761929216
