890732075854295040
890732711530422272
890732937465016321
890741138465980417
890742693550325761
890746304162410501
890747451602337792
890761441875197952
890762591475204097
890781783909736449
890782117046747137
890782784163241984
890789430943940608
890789440758706176
890789463139508224
890789485469892608
890789503559979008
890789517522849792
890789522996416512
890791702260088832
890793961098555392
890794642966536192
890796335141502977
890796369211932672
890798234486099969
890798932707692552
890799038747918337
890801732938342400
890802919125073920
890805721410879488
890808837929750528
890809016225603584
890809128301375488
890809180960940037
890809324410372096
890811471025668096
890811791504162817
890814121611902976
890815624468975616
890817505006170112
890817686975807488
890819498424586240
890822449457188865
890823785435234304
890825662482620417
890825984634753024
890826082915667968
890826694898176000
890826727592775682
890826850594955264
890827154170068992
890829215775502336
890829240098111488
890833414009401344
890833951937499137
890834612783656961
890835500239659008
890835678615007233
890836103200198656
890839145618313216
890840158244933632
890841358612803584
890841566184648705
890841914269945856
890842137948037120
890842591218069504
890842779793985537
890843076947841024
890843274453372928
890843798628184065
890844469804896256
890844781085175809
890845506536001536
890845679102435329
890846292322209797
890846793709342724
890847418312511488
890847801093083136
890848345547304960
890848842501038081
890849816384868352
890850314076778497
890850571321737216
890850689794150401
890852138447982594
890852302843719681
890853302644113408
890853370264735746
890853434622189568
890853458466811904
890853717028859904
890858902514012160
890858984495886336
890859458741587968
890859514324557824
890859919922081792
890860290962796544
890860491878387712
890860669100326913
890860674653585408
890860833231839232
890861132533161984
890862017552187392
890864277996941312
890864655786233856
890864689034481664
890865156921581571
890866186015174656
890866875302891520
890868001918115840
890868022214316032
890868444710797312
890868950829080576
890869242815549440
890869442825138176
890869693736771584
890869695561203712
890869741245562881
890869952751824896
890869954358251523
890870199649525760
890870233522737154
890870412053270528
890870448384339968
890870449999163392
890870793361555458
890871259004899332
890871446309924864
890873076702994433
890873300448141312
890873502701694976
890873718704152576
890873736756441092
890874727660761088
890874729824997376
890875126073487360
890875198160986113
890875371268304900
890876605916209152
890876995751600128
890877564826382337
890878072739700738
890878246883033089
890878711511306240
890880334623014912
890882765020946432
890885100841435136
890885355041431552
890885938640900096
890886309581127685
890886318888280066
890886695834484737
890886709260558336
890887726609944577
890888010820079616
890888286687940609
890888337581629440
890888370024591360
890888793686933505
890893138746847232
890894152854106117
890895329670942722
890895352135634944
890895370305372160
890895393378193408
890895403104817152
890895417239629824
890895439632977920
890895454245969920
890895459824357376
890897708034265088
890898885027213312
890899071216603137
890899080154464256
890902700757577728
890903418512048129
890903886889984000
890904163864981505
890904413572878336
890904681886752768
890904762769702912
890905213426520066
890906535349682176
890906541473255426
890906973662785537
890908240774664194
890909433093554176
890909798702731264
890910010129227776
890910155646304256
890911350196764672
890912309681324032
890912694538309632
890912924583251968
890913186198814720
890913713934536705
890914941728948224
890921017740283904
890921259244167168
890921921348595713
890922319639715840
890924130165567488
890924646664720389
890925438662561792
890926051639140353
890926859713744898
890929030840692736
890929745394905093
890930288334954496
890931522991206401
890932260819668993
890933330568519682
890934587630772224
890936948117950465
890937373160333312
890937735904710656
890938068244541440
890938174305738754
890938243520368640
890941519338676225
890941803314151424
890942287747756032
890942459714326528
890943172947447808
890943691266953216
890944082364772353
890945958397267971
890946454411411457
890948814089199616
890949005102002180
890951428885417984
890951713087262720
890952024510124032
890952653114679298
890953033693237248
890953278468628480
890954905745317888
890957811622047745
890957912809639936
890957945348931584
890957992287498240
890958193781862400
890958289642569728
890959590325501952
890959705937412096
890959866780635136
890960118057242624
890960374178205696
890963807400579072
890963872311595009
890964309211312128
890964960834138115
890965192246296576
890965802672955392
890966925509091328
890969638733062144
890970202485264385
890971593966460928
890973176733343748
890974391164485632
890974736259457024
890974994938941441
890975069035524097
890977627179278336
890979034699399168
890979256834117632
890979662570172416
890980116175761408
890980714145075200
890981409216540672
890982253127512068
890983569048449024
890984114203107328
890985964985831429
890986103196590080
890986203234934785
890986652579098625
890987302897557505
890988662099505152
890989317530812416
890989335591432195
890989812928442368
890990065836597248
890990339175006208
890990883356631040
890991848541573120
890992088770371585
890993559050088448
890996442697011200
890997894425260032
890998307048312832
890998484622508032
890999834848657408
890999942428446725
891000000771129345
891000130475876355
891001489753288704
891001528420642816
891001545256468480
891001815575273472
891002410461786113
891003134423822337
891003416079728641
891003938140561408
891007203313729536
891007320611835905
891007803221037060
891008290443993089
891011162460041216
891011610889801728
891011747619975168
891012049618296832
891012301029072898
891012935539150850
891015773258469378
891016006478561282
891016015936720896
891016571916779520
891017138663804929
891017639069396992
891020968092553216
891021072589438976
891021732307505152
891022804904292353
891023177740058624
891023751713894400
891024640184901632
891026508608921601
891028096081645574
891030443298086912
891030612710236160
891031140332695554
891031938819133440
891033747285561346
891034920545533952
891035474990682113
891036281421144066
891037062803181568
891037088690429952
891037151672098816
891037529985748993
