992555146520551424
992555792208457728
992556761251889154
992557400799567872
992559139640442880
992562471612436481
992569758590668802
992570557886550017
992570841031376897
992574014508945413
992575821285076992
992579215311753216
992579669231841281
992595417492803584
992595703703769088
992597354648952832
992598146848083968
992598435219103744
992599410939965440
992599920166260738
992600411730337792
992600947087077376
992601711704465408
992602641611022341
992603009275265024
992603202557267968
992604146556702721
992607044216684544
992608771737374722
992614380020756480
992615493830766592
992617755173097474
992620384230010880
992620406505959425
992620428689575936
992620447261970432
992620457076711424
992620479272902657
992620493101502464
992623253138132998
992626308508241920
992630525142630400
992633327688540160
992633453026926592
992633633537253376
992634594364096512
992635052344389632
992635148565966849
992635788444815360
992636364867940352
992638115213922305
992639133477634048
992639640975753217
992640965457346560
992641633995968513
992641992357285888
992643106402127873
992643186886676480
992643833816059904
992644103820034049
992646180076220416
992646291158159361
992650712852172801
992653339170164736
992654936302333953
992655618573029376
992656448063586304
992657191961231360
992657791188791296
992658037998579712
992658877744328704
992659708870840320
992659777749741568
992660578547195904
992661575621382144
992663897600651269
992664193982545920
992665623808196608
992666072712130561
992667170344787969
992667285058981889
992667814350770178
992667832612769792
992667872362205186
992668732307705857
992668961056665600
992669607344443392
992670422708772864
992671250609827840
992671298215186432
992671327902486528
992672059963723776
992672913940779009
992672956768808960
992673417886359553
992673560421437440
992678071575625728
992678740999143425
992679724601266178
992681090501496834
992682050556780544
992682077245014017
992682522952781824
992682571577348096
992682858929147904
992683407871217664
992685449863925760
992685550430838784
992685710019874816
992686231451553792
992686518635499523
992686674047102976
992686684583194624
992686937969315840
992687603383226368
992689106911154176
992689188880420864
992690924059840512
992691001591558144
992691121288630272
992691235658838016
992691673959366656
992691683971264512
992691714539257856
992692904605966337
992692934167420929
992693256461934592
992693345884561409
992693769530200064
992693858545827840
992694133033787392
992694813559574528
992695251340025856
992695412568936448
992695426104090624
992696390164844544
992696722739679232
992696766595297280
992696827664355328
992697269119062017
992697653292040192
992697662112763904
992697805125931008
992697848465625088
992697966308876288
992698919900663808
992699059138899968
992699126742700032
992699566523895808
992700289068228608
992700713619935233
992702134419427328
992702591669850112
992702692828041216
992702954993004544
992703150460162048
992703308597952512
992703827034955776
992704037433823232
992704206653083649
992704655250554880
992705868306288640
992706061042962432
992706394913755138
992706446784630785
992707002974556160
992707010088103936
992707656711327745
992708917124886529
992708948603162624
992708998725013504
992709687907938304
992709966451695617
992709982771646465
992710153718980609
992710813071958016
992711287510634498
992711543216377856
992712533210476544
992712900681838592
992712940687151104
992713645737070594
992713873613574149
992713893498834945
992714829260513280
992714866506063872
992715533303808000
992716269185990656
992717521282371584
992718078860513286
992719641112928257
992719708611923968
992720017350414336
992720962893287424
992722152406298624
992722663008362496
992722844915240962
992723482353045504
992723769859944449
992723824239169537
992723836645855232
992723986348937217
992725529345314816
992726187058302976
992726192506703872
992726210517061632
992726232902131712
992726255069007872
992726273154838528
992726287012847616
992726292377239552
992726301969657858
992726675455692800
992726841868857344
992726852895739904
992727316601061376
992727342891102208
992728153536819205
992728670820290560
992728736473763840
992728989419552768
992730358536921088
992730362353717253
992730413977276417
992730436794281984
992730619636604928
992730958917971969
992731061930156033
992731380554465280
992731525811666945
992733348333309952
992733419615539200
992733419602874368
992733506026557441
992733647756128257
992733681402892288
992733802194710528
992733977130741760
992734165652164608
992734299052011520
992734492640071681
992734516329484288
992734522369368064
992734558859689984
992735247656566784
992735348693364741
992736078560980993
992736362171334657
992737315918266368
992738099573686277
992738469737893888
992738604886749185
992739092285837312
992740229856612352
992740313285480448
992741078125236225
992742688297574400
992743247255654400
992743402432319489
992743720301842432
992743766623694849
992744040255848448
992744140847763456
992744579714646016
992744869704683520
992744948914106368
992745375466508289
992745554584092672
992745704060784641
992745898093563904
992746068805906432
992746411501367296
992746565067530240
992747236252676098
992747654886121473
992747739661283328
992747761157263360
992747944792092672
992749471783182336
992749558387134465
992749792781651968
992749874755063808
992750726207168512
992750859141419008
992752694510092288
992755094851653632
992755230587670528
992756183059623936
992756488451100674
992757228435378176
992757461928079360
992757974073511936
992758804302491650
992758853262561280
992759995312889857
992761473259724800
992762383327088641
992762605826658304
992763178873491463
992763341796986881
992764563312533505
992764865210142720
992765454782488576
992765716574162945
992765880135225345
992766223350992898
992766290405314560
992766946482540544
992767093421391873
992767609748803584
992767664593481728
992768086314045440
992770127132352512
992770213518217217
992770368497647616
992770916152201217
992771122096754689
992771911275958272
992772117530923008
992772243611627521
992773122645528576
992774534259462144
992775344804507650
992776798676144129
992777170354364418
992777433320476672
992777980006096898
992778315009331200
992778398689824773
992778890941751296
992779254231388160
992779859666579456
992780539152293889
992780571586846720
992780863728439297
992781071266742273
992782226936029184
992782440723877888
992782757674868736
992782868802875392
992783485453656064
992784022605582336
992784042453094400
992784069577662467
992784534482636802
992784995340181506
992785132724645893
992785266606829568
992785421850628096
992785460182372354
992785913175519235
992785995773956098
992786406643728386
992786647975628800
992786658029441024
992786731970826241
992787090898411520
992787350219608064
992787408671399936
992788238116024320
992788615729119232
992788852652720131
992790084553461761
992790364485509122
992790911200489472
992791221193052160
992791929225187329
992792089611161601
992792235250012160
992793331221581827
992794233932275718
992794616780017664
992795053415436289
992795221015629824
992795466168401920
992795978397831168
992796071712690178
992796688220762113
992796735629090816
992796823550156800
992797259350839301
992797849191624704
992798093585379330
992798107980255232
992798355343446018
992799001526222858
992799020656578565
992799585230884864
992799857806118913
992800515795902464
992801012418252800
992801043338727424
992801280245542912
992802143257145344
992803629118775296
992804549214777344
992806299455967232
992806710258565120
992806719993581568
992806972687822848
992807144566247429
992807812303605761
992807849117016064
992808879854706693
992809234013343744
992809364254797824
992810757090836482
992810799977639943
992810830084345862
992811560207822848
992811570399936512
992811757688295425
992813069595115520
992813559750037505
992813712451960832
992813765472251904
992814303257427968
992814472820555776
992815038619582464
992815564010741760
992815654016307202
992815735805239297
992816387553980416
992816682140864512
992816770418429952
992816954170925056
992817868202012672
992819229123661831
992819268826910723
992820102973321216
992820167624216576
992820183273213952
992821332256620551
992821773979832321
992822415083401217
992822585422381056
992822624236572679
992823451072258048
992823802789793792
992825133352992768
992825684149010434
992828077951549440
992828242687033345
992828577770037249
992829048207355906
992829767924830210
992830335040749568
992831794356637696
992833357145825280
992833624507547648
992833896470343680
992837539361968129
992838742674198531
992839457194864640
992839599780192257
992841236020015104
992841496452710400
992841943758573569
992842298500136960
992843762262069248
992844902152228864
992845048667561984
992845284488118272
992845724617465857
992847517732700160
992848118726225920
992850566052302848
992851114444771328
992852434933420032
992852469020545025
992852583822888960
992854295983861760
992854646086553600
992856559599439872
992857230092390401
992857418542534656
992858640196530176
992858682030542849
992863013488218112
992863082262290432
992863748691021831
992864790828781568
992865992706576384
992867557530009600
992871289260998656
992872013155917824
992875441768796162
992875810964099074
992875855004229634
992875905826598912
992877007905189888
992877118009872386
992877382053736448
992877472789213184
992878824584073216
992880439680536577
992881768641507329
992882305181069312
992882426203590657
992882526396936194
992882540481531905
992882678147018752
992885003246817280
992885497835020288
992885593460953089
992886150741331973
992886708260794368
992886783464665088
992886968097951745
992887049425506304
992887356935098368
992888080620310529
992888114342326272
992888396208070656
992889112905568258
992889291247321093
992889740822183936
992891224251039745
992891833863766017
992892056841474052
992893175260958721
992894930438811649
992897493569556480
992897987532673024
992900459382919168
992902697350258688
992904573013676038
992905242189746182
992907402608611329
992907529847009280
992907741051092992
992913537130467328
992914388746231809
