955592047280435200
955592205451911169
955592675897630722
955592706763476993
955592760505061377
955592874644488192
955595867754516480
955596570447278080
955597000287969280
955597734429495297
955601378088488960
955601729583796230
955602853720150016
955603334873993217
955609725890068480
955615405183328257
955629564713230336
955631123882823680
955631551026515973
955631828920164352
955636474581585920
955638173299863552
955638960604221441
955640592209412096
955644509831991296
955648270965116929
955654647833944064
955659686484807680
955664187585425408
955671889770315776
955671895252393987
955671909169029120
955671918920785922
955671941377126400
955671959525842944
955671981818597376
955673107888529408
955675100233248768
955676813191245824
955679262148874240
955681134339387393
955681343744036865
955681962433372160
955682001079726081
955685618050371584
955685622773055488
955690423405678592
955690431848898560
955692431898562561
955693416494583808
955693966942523392
955695437251571712
955697316039659520
955697751764979712
955699529042530304
955699664241725440
955699882785951745
955701175613042688
955701611770384386
955701677536849921
955701709770248192
955702598761250816
955703288606937088
955703949952241664
955704558591840256
955704597238173697
955704683896737792
955705912408334336
955706760093937665
955707559238922240
955708055760637952
955708126568820736
955708133954998272
955708448133574656
955708762207158272
955710948005773312
955711737562566656
955712198566965248
955712812122329089
955713155644215297
955713821930393600
955714431161335808
955714541949681664
955716155485949952
955718096404275201
955718675729977344
955719854425649152
955720565263912960
955720965580886016
955723532041883648
955723745360072704
955723946007105536
955724501127442432
955724549261283328
955724699673284608
955725577159348224
955728921118507009
955731075539570688
955732089906876417
955732883930574848
955734860181725184
955734993925533696
955735916978561024
955736818863001600
955737194110611456
955737754096283648
955737868139401217
955738551127347200
955739389627387905
955741592714924032
955742767791198208
955743735245148160
955744831770365953
955745461943533568
955745588846518272
955748950392344577
955749015043403776
955749264180858880
955750473784610817
955750974731227136
955751463946477570
955751719211806720
955754098279755776
955754351204630529
955754435787001856
955754763114700800
955754844211511296
955754986335588352
955755847556194304
955757811962662912
955760683551019008
955762559637835778
955762793717870593
955764590331203584
955765637405659137
955766307227602945
955766602561216512
955768064137547778
955768085641859072
955768576664788993
955769031079923712
955769384567484416
955770186816212994
955772282860986368
955772389052305410
955773696760844288
955774631163645952
955775887168991232
955777863189397504
955777886967029762
955777897985462273
955777909050011648
955777933171445760
955777953060872192
955777968604958720
955777984048390144
955777991220563968
955780407118753792
955781108716617728
955781838257229825
955782820265365509
955783273598287872
955784052350574593
955786846323265536
955789567612858368
955789840993329152
955789970501001216
955791877596381184
955793239650553857
955796523178131458
955796677608247296
955797636585373696
955799915342565376
955799947441573889
955800930410115072
955801930030338054
955802376404918278
955805826748440587
955805978095751169
955807497583030273
955807711442100224
955810448976351232
955810851306516480
955810927001075717
955811240974176258
955811917347655685
955811997224001536
955813651952340993
955816733289443330
955818758509092865
955818796450709505
955819401323995137
955819438636519426
955819700067471361
955820329103962113
955820519823151104
955821660908740608
955822460372504576
955822691445084160
955822718502559745
955823996800512002
955824488297492480
955825633346670592
955826897895686149
955827686647230465
955827796600852480
955830271265341440
955832056440860672
955832190398377984
955832492954615808
955832670667378688
955833156032221184
955833629783011328
955834494161862661
955834872446226433
955835180526301184
955835218954473472
955835394590945280
955835531912359936
955837259898675201
955839499111628801
955839826842046465
955840370209906688
955840455987654657
955841120335998976
955841583659868163
955842081435586560
955842264953245696
955844835214331904
955845286127120386
955845687735996421
955845728399749120
955846116322443264
955846694293340161
955847012234203136
955847866693668865
955848290481983488
955848546380591104
955849259911467010
955849505861226502
955849587960500229
955849760140943361
955849940672172037
955850218666381313
955850360815538177
955850468420448256
955850965592272896
955851341376696320
955851844315697153
955851892319555584
955851959965310976
955852410915835904
955852854622859269
955853471290359808
955853886451077121
955854468654030849
955855023367475200
955855552604762113
955855556467744769
955855841026101250
955856251006672897
955856464303853568
955856647381045254
955857301549789185
955857460685877249
955857789804597248
955857794791505922
955858286963806213
955858334678224896
955858702367641600
955858895074885638
955859061693698048
955860185955885056
955860688358072320
955861114994200577
955861301384941568
955861505450348544
955862005214302208
955862664986624001
955862719516827655
955862978062110721
955863465855475712
955863782680559616
955863801097867264
955864176370561024
955864572233207808
955865739092746240
955865960937934848
955866527554732033
955867014555455488
955869356646428672
955869780518559745
955870023796580353
955870380748615680
955870641206562816
955872229979492352
955872774513414145
955873713035063297
955873803049099264
955874218205503488
955874611169841153
955875334582358016
955875751781421057
955877423257616384
955877806323445760
955878761085497349
955879200753319936
955879797216940032
955879826384130051
955879966155198464
955881359750332416
955881647223820290
955881790140485633
955881802970927105
955882009343283200
955882556439842817
955884684701044742
955884745107353600
955885334562246656
955885427482865669
955885786896855040
955887770261651458
955889062212227072
955889827387355136
955890477357830151
955892627055968256
955893167735189504
955896000270479360
955897406872326144
955898334627221504
955899110770577409
955899320301006853
955899381168922624
955899780475088897
955900355094765574
955902284197703682
955903386536292352
955903875432828928
955904510962159616
955906107192610816
955906207268638721
955906757821427713
955907670137036804
955909555040473088
955910969439543296
955911694005555200
955912483222577155
955912851654365184
955913906408443904
955913998444228608
955914162638606337
955914590948347904
955915081577005056
955917801574797314
955920040146165760
955921023542726657
955921717712637953
955921803452567553
955923381660147714
955923726851190784
955923816173142018
955927257880678402
955927783976423427
955928108380688384
955933414884036608
955933447536685057
955935430440079360
955935631204593664
955942217008508928
955947933395976192
955948512436523008
955949814054883328
955950265663832065
