991105782329507840
991109169427222529
991111041739382784
991112827346784256
991113035749167104
991115008804315136
991115389953302528
991117115724914688
991117706664521728
991119853640732673
991121261844627458
991130818822189058
991140268148707329
991141471020634112
991141952203706369
991142737620676608
991143097215184896
991145956602273792
991154270488678401
991157553752047617
991163883187515392
991167221400461313
991167755435954176
991168610398867456
991170948027092992
991170966087757826
991170975646527488
991170993572995072
991170998979489796
991171021217681409
991171030751342592
991173293402189824
991173631576301569
991180304361709568
991185050849959936
991190733167190016
991191368000094208
991199271033634816
991199305389223937
991200147676778496
991200397795713025
991203661043945472
991208153122590721
991210315806371840
991211013193289728
991216997156511744
991217876970373120
991218998913261568
991219774553288704
991220675191816192
991222189042098177
991227139067432960
991227358907682816
991227681927716865
991228183281221632
991228871814074368
991232711225495552
991234135153836032
991234499299115009
991235198464512001
991235898900602880
991237763197321218
991240720110387200
991241307703177216
991241590172717056
991242469990744064
991244383197446144
991246637849894912
991248008309280768
991248815935107072
991248826274058240
991249322405744640
991249565348257792
991250750239133696
991251033031610368
991251637535731712
991252623977140225
991253402654068736
991253472031969280
991260623836151809
991262473624981504
991263577909678081
991263887759638529
991264593388408832
991265205991571456
991265580589215745
991265779139084292
991265790270803968
991266390073102337
991266875119210496
991267090819624961
991267217064038403
991267225695936513
991267560250331136
991267949922177024
991268083389075457
991268790812991488
991268889429409792
991269150382350342
991269846779383809
991269914165104640
991270619558924288
991270769102589958
991270941253689345
991270968583753728
991271246586372096
991271633082986496
991271767804207105
991271796421865473
991272167483609088
991273436226965505
991276760602787840
991276778944716800
991276801237356544
991276815099596800
991276837258125313
991276855423590400
991276873601691648
991276891658162177
991276905549754368
991277303094304770
991278769628434433
991280174330134528
991280650811518978
991280715122794497
991281744442617856
991281832015646721
991281969525809152
991285281922859011
991286687807389697
991287332350414848
991288644043530243
991288852932382720
991290348642209793
991290404048986112
991290467395489792
991292840197148672
991293133886492672
991293362153181186
991293668282773504
991294121909342214
991295312026316801
991296192964452352
991296525845352448
991297938910535680
991299419713802241
991299677084626944
991299823499468801
991300853163352065
991302422109749251
991303689825644545
991304008340983808
991305493728694272
991305493728694272
991307036163002369
991307234708684800
991310431800123392
991310602927837184
991311105824870400
991311313384169472
991311341351817217
991311846928998400
991312509146664960
991312628323676161
991314919860518913
991316216429113344
991316695271772160
991317893471260674
991319006727503873
991319752948748290
991319896221863936
991320419885027328
991323506762711041
991323939291922432
991324803830374405
991324960827301888
991325235881357312
991327230646280199
991328709742415877
991329163591208961
991330505294524416
991330882823839744
991330942127165440
991332099041918983
991332704233951232
991333099001794561
991333555535040512
991334565779255296
991334750794211328
991335178994962432
991343985602969600
991344033229344769
991344290575069184
991344741747953665
991345662280306694
991345936336072706
991346669173248001
991346945968033793
991347464094527489
991348607424126977
991349154956890112
991350158305779712
991350601127735297
991351142213963776
991351293947076608
991351778208862209
991353239898640384
991353275969691650
991353855207264258
991354528850210818
991354744638705665
991355027783606273
991355662423732224
991356698928566273
991357173371457538
991357756375433217
991358121888112641
991358364209819649
991358668649230339
991358945762729987
991359023256670208
991359141963694080
991359499129839616
991359824712622080
991360487341346816
991361549066493952
991362351013089281
991363202675101696
991364076700872704
991365935624802305
991366195218649088
991367146067365888
991368652011294720
991368846920601600
991369967126839297
991370373202694144
991371664125444096
991372070188601344
991372414935322624
991372811980673024
991372823389261825
991375340282015744
991375565834866688
991376440066273280
991378056815304704
991378146313170944
991378388085563392
991378623608258560
991379333917888515
991380221738864642
991380491239608321
991381010167271424
991381039640711168
991381677497880577
991382799910363136
991384347193364480
991385832325074944
991387086572982274
991387521224531969
991387741005996033
991390174805344256
991390540573880320
991390921047625733
991391151218483200
991391220441071617
991391511060385793
991392619442909186
991392887987490816
991393036864192522
991393091423784969
991393471838769153
991394766813360129
991395309774393344
991397664729296897
991397793574064130
991398660595421187
991399249026994178
991399447279095808
991399502610358272
991400352493826048
991400616890175489
991401392161067009
991401599330340864
991402162696654848
991402607494270976
991404068043096064
991405325910708224
991405527556075520
991406076099776512
991409154286931969
991411125584613379
991411326667894788
991411767719931904
991412573538045953
991414265180454912
991414803825557504
991416693174960128
991416809533394946
991419641783308289
991419965453557762
991422506803318786
991424732301086721
991427010911178760
991428576384897024
991429553510912001
991430682273607685
991431865516089345
991432256903368704
991432754939224064
991433268745601024
991434412570152966
991434821061705733
991435067552616449
991436805173055489
991442112855109633
991444848334041095
991445511235391488
991447833210273792
991450154183127040
991450776764669954
991451513154392065
991452916681707520
991452919772930048
991457072108720129
991457485549645826
991458060429352960
991458769837215744
991460099452538880
991461128508248065
991462300069629953
991464191151214593
991464481447440385
