1011765776951455744
1011791355486482432
1011796824485580801
1011812555923206144
1011812831279308800
1011817320782663680
1011822746332999680
1011823100097368065
1011823201813491712
1011826984819847169
1011827003060903936
1011827021117304834
1011827026632863744
1011827044647342080
1011827050498359296
1011827060074041349
1011833100567969792
1011836270853656576
1011836609208217600
1011838053550379008
1011838803668078592
1011841912486187009
1011845066124652544
1011845853437485056
1011846976252542976
1011849057604722688
1011849074176348160
1011849573516632066
1011851619648995331
1011853048946229249
1011853198385131520
1011854064588656640
1011854520270360579
1011854812080721921
1011855335118827520
1011855603482931200
1011856145248587777
1011858165900640256
1011858165900640256
1011861309678288896
1011861576515772417
1011865276525301761
1011866849636732929
1011867070965805057
1011867155422466048
1011870314668544002
1011872574001831938
1011873442935828481
1011874591491477504
1011875031947898880
1011875748112752640
1011877406230138880
1011880139716812800
1011880917202325504
1011881022563278849
1011882233844469760
1011882998256623616
1011883222542798848
1011883946840293376
1011884499586699265
1011885424615264256
1011885582740541440
1011885848013541376
1011886198758039557
1011886672706002944
1011887334424367104
1011887526229839872
1011888488877379584
1011889595271860224
1011891430716035073
1011892937922314240
1011895341489287169
1011898575888871424
1011900135515803648
1011900143241760768
1011901338383462400
1011902964607389697
1011903371249238016
1011903839635738624
1011905824141258753
1011910043627909120
1011910052414775296
1011911265172836353
1011914025737867264
1011916164212183040
1011916949834657792
1011918436971220992
1011920901082841088
1011925146511306752
1011925463957147649
1011926060164886528
1011926767756595200
1011927582604812288
1011928686294175744
1011928967618719745
1011929415956213761
1011929941817032704
1011930171195215872
1011932641665409024
1011932644081315840
1011932645440270336
1011932843273080832
1011932857177137152
1011932862529011712
1011932880971366401
1011932899065593857
1011932913007460353
1011932931152019457
1011932955105812485
1011932945207185408
1011934246536032256
1011936103824125958
1011936252638253057
1011937730677411841
1011938389057142784
1011938836107137024
1011938906462355457
1011939710665678849
1011940962837450752
1011941213770051585
1011941824527728640
1011942024092770306
1011942178589958145
1011942894234525696
1011943864976969728
1011944011744137216
1011944313025069060
1011944494227513346
1011947322174005249
1011948742478462976
1011950272158097408
1011950309990682624
1011951043327004674
1011955086409519104
1011955156164935680
1011955389167030272
1011955412675915776
1011956481011474432
1011956822603976705
1011957080864026626
1011957112208011265
1011959516638957570
1011959850916511745
1011959971960033285
1011960216739598336
1011960251439112192
1011960561209430017
1011960906073419776
1011961190979948544
1011963363562225667
1011964825159852032
1011965043947208704
1011965194300416000
1011965664439996416
1011966459667288064
1011968122432180229
1011968261536219136
1011968573672230912
1011970422173298689
1011971719152766977
1011972491852558336
1011972684933054466
1011972790650630144
1011972960092065794
1011973044565430277
1011973542953529345
1011973951155769344
1011974333454016512
1011975520764989440
1011975850646962176
1011978511408680961
1011978909741658113
1011980220797210624
1011980431045033984
1011980454671585280
1011981163332866048
1011981332107448320
1011981521014738946
1011983306366152706
1011984543161647104
1011985678324961280
1011985915672080384
1011986233801576448
1011987896843296768
1011988074828652545
1011988146190536704
1011988231292940289
1011989060884180992
1011990058713436160
1011990667285889025
1011991288621731840
1011993746689257472
1011997022205947904
1011998542225924096
1011999048872624128
1011999940539658240
1012000462738993152
1012000560294383616
1012000764804452353
1012000893892481024
1012001113879580674
1012001323095592961
1012001527861522433
1012001600603336704
1012001649223786499
1012001910059126784
1012002076799496193
1012002106188943363
1012002146030702592
1012002208966160384
1012002319473487873
1012002616212185089
1012002625670320135
1012002648608952321
1012002725817708545
1012002760882118662
1012002976293105665
1012003009205817346
1012003063207481347
1012003139376091136
1012003429382844416
1012003879544815618
1012004036701286401
1012004224245301249
1012004488901783552
1012004634121011200
1012004928007663616
1012005413846384641
1012005432683089921
1012005525549182976
1012005904835923971
1012006405707051008
1012006410429845504
1012007163156488192
1012007566233276418
1012007802649264128
1012008237514838018
1012008913984737284
1012008959270707202
1012009602815266820
1012009807094706177
1012009945301123072
1012010088557678592
1012010104818987009
1012010145025613824
1012010196988825601
1012010270464643078
1012010482960564225
1012010569854046209
1012011172277743616
1012011317278969856
1012011599178223616
1012011712692867073
1012012333827227650
1012012491872854016
1012013223321784321
1012013353479254018
1012013368662790146
1012014074354438144
1012014389338263552
1012014691160338432
1012014976473686016
1012015264752439296
1012015443014508549
1012015667711807492
1012015861018873856
1012016465598349313
1012016985486569472
1012017105326272512
1012017235752374274
1012017256941924352
1012019087306657792
1012019318962335745
1012019353859055616
1012019575427293189
1012020038960807936
1012022182195748864
1012022403394777088
1012023210374844419
1012023486787866632
1012023756619943936
1012024640443645952
1012024691257692162
1012025877293682689
1012026444967530496
1012028174136496132
1012028856407089152
1012030277244407815
1012031184212250624
1012032791465295873
1012034487419621376
1012034972750897152
1012035592903946240
1012035785648955392
1012035938292289536
1012036379822338048
1012037221715795968
1012037255836454915
1012038752204619776
1012038901664542720
1012039581963898888
1012040439715844101
1012041391432609792
1012042574020956160
1012042899293425664
1012044295464017920
1012046435334926336
1012046706777653250
1012047959918370816
1012048180610064384
1012048287749328896
1012048395660349440
1012049158163914752
1012049626063671296
1012050091459268609
1012051650473857024
1012053137530683398
1012053572069068800
1012053746484948994
1012054139092729856
1012056902182821889
1012057714720215040
1012057718750711808
1012058273753829376
1012060594344636419
1012062437896544257
1012062535321714688
1012062632617152512
1012064006968930306
1012066510586699776
1012066988108197889
1012069529353154561
1012069552128131072
1012069557056561152
1012070293228011520
1012071656360173570
1012072035298705410
1012072483103571969
1012072760221237248
1012074272511156225
1012074945034235904
1012076521509380098
1012076882026614784
1012077032170139649
1012081755208273920
1012086902357454854
1012088976243613696
1012089313159499777
1012092187419521026
1012092731311546368
1012093686413447170
1012094756262957058
1012096397091340288
1012096909673205761
1012097082516176899
1012097310145286149
1012099386640396288
1012100420985122816
1012101023899488257
1012101167025926146
1012101321774784512
1012101516721868800
1012101680626888705
1012102042209439746
1012102291497869318
1012102427217219585
1012102777609293824
1012103040344756226
1012103182414204928
1012103367567474691
1012103590574477313
1012103763358834688
1012103983111000064
1012104424444096517
1012105022434369543
1012105372864303104
1012105728159633415
1012106452343951360
1012109082067472385
1012110520239837184
