874054160378888192
874057159767707648
874059643248672768
874065124105080832
874066579893473280
874087847250341889
874088880584175622
874089586020012032
874100764821639169
874101733760356353
874104056033292292
874105992203710464
874106346475597824
874113878543794176
874116247616729088
874118517917966336
874118893635346432
874120332314984448
874121008336252928
874124337804169216
874125268880957440
874127384508846080
874127645595881472
874127894385238016
874128105304195073
874131413058170881
874132495436058624
874132548854665217
874132583461912576
874133515859841024
874133577507766272
874133824678092800
874134138508410880
874134806317191171
874136159198343168
874136862482341888
874137275998900225
874138014154358785
874138487959715846
874138977351204864
874139123023568896
874140054863495168
874140371269414912
874140783367954433
874141003527196672
874141221236690945
874143771495198720
874143879221653509
874144268012498945
874144532534833152
874145230383181824
874145351879577600
874145926188867585
874145983180840960
874146721772826625
874146882062348288
874147260208214016
874147383919218688
874147922438483968
874147981976645632
874148133026103297
874148755393703936
874148864219127808
874149067999334400
874149578664226816
874150995504312320
874151542928154624
874151866959114241
874152128088076289
874152290638344193
874152374897659904
874152462776709121
874152529919135744
874152780671397888
874153289578934272
874153354821324801
874153507955380224
874153544575729666
874153657675239424
874153662188314628
874153810842791936
874153846251114498
874153845164826624
874153895928451072
874154243174924288
874154440932155392
874154483395309568
874154485060431872
874154509228003328
874154627071184897
874155261287641092
874155267998527488
874155547154632704
874155791313448961
874155913980108800
874156520728088576
874156758515810304
874156872361791488
874156943451070465
874157332128612352
874157596307066880
874157887022481410
874158022225952770
874158278158188544
874158337235005440
874158870998003712
874159087860162560
874159438193500160
874159476575789057
874159546293518336
874159850032431104
874160172201070600
874160409321717760
874160584509366272
874160668878024704
874160805717192704
874161054967881728
874161301647437824
874161465909022720
874161526147383298
874162157813944324
874162455261347840
874162898658000896
874163037351137283
874163363969998848
874163638445199360
874163938505748480
874164675553918976
874164731015200768
874164933755371520
874165474459889666
874165502070988802
874166244244684801
874166484662050816
874166564995690496
874166715474731009
874166769551908864
874166974015827968
874167211128180737
874167279369564160
874167494185021441
874167522001641472
874167640083898368
874167809160491008
874167923270725632
874168088803102720
874168105316081664
874168618128474112
874168669118640128
874168761795915778
874169473149882368
874169524563697664
874170228875329536
874170561882148864
874171433420816384
874171871436165120
874172390686818308
874172468126261249
874173244806483972
874173312477401089
874174112616390656
874174636703068160
874174801258188801
874175214468292609
874176103715414016
874177333405655040
874177768975732737
874178044956749824
874178062895783936
874178251337453568
874178789999341569
874180087284998145
874181211777839105
874181485321965568
874182036558200832
874182575979364352
874182735266533378
874182900601716736
874183368585465857
874183623259414528
874184334160179200
874184421452242944
874184602130296833
874184768962797568
874185092058550272
874185265140482048
874185269573857280
874185741592428544
874185865542516736
874186356456423425
874187362925912065
874188175970680832
874188217226076160
874189538213715968
874189694661275648
874190050078183424
874190060803031041
874190284254531584
874190509543223297
874190709594755072
874190918655647744
874191062381809664
874191231823335424
874191379106287616
874191541010649088
874191777674260480
874191955688910849
874191993890639873
874192008683954176
874192084168826880
874192163806085121
874192192155394048
874192364121837568
874193134300934145
874193283152453634
874193394914000896
874193482776285184
874193561968881664
874193678016925696
874193914059784192
874194058897481728
874194249847361536
874194587622965252
874195570273001472
874196615074131968
874196657465851904
874196764634615808
874196815356317696
874198047609192448
874198455069138944
874199395360796673
874199400565919745
874199701263978496
874199924384169984
874200834011275264
874200884670058496
874201398262550528
874201689766715392
874201720213078016
874202425879650304
874202710689624064
874203396940726273
874203561437081602
874203578851880960
874204341548273664
874204944328519681
874205029397352448
874206477422088192
874206516517195776
874207594025541632
874207739530096640
874208681650511872
874209712186810368
874209970891444225
874210091209248770
874211695878696960
874213999679811585
874214742927310848
874215091738206210
874215631247335425
874216349333155840
874216534809485314
874217028030091264
874217077976051712
874217591908306944
874217669406359552
874217752835366913
874219104378466308
874219827950497792
874220714538283008
874221470385410048
874221514001874944
874222687576633344
874223275387310080
874223294899261440
874223757425909764
874225010109554688
874225167538561024
874225905329029120
874227498082598913
874228098161680384
874228720004980736
874228869942870016
874230306882060288
874231487884922880
874231605442818049
874232152078110720
874233712044650497
874234304230023168
874234517254545409
874234680886689792
874234913037398018
874235694411108352
874235999806795776
874236021306732544
874236474643841025
874239025686745088
874239516344815616
874239771824066561
874241123052552192
874242044700622849
874242540383477761
874242702426198018
874242979283832832
874244971523657728
874245981600088065
874246090803081216
874246185346891776
874246326187302912
874246646896504833
874246956339654656
874247549338525698
874247656167677956
874248048075001856
874249001025114113
874249910744489985
874250255700828161
874250437410648065
874250501386379264
874251325411696642
874251355015204864
874251615766761472
874252014783537152
874252102083768320
874252421119324160
874252431126908928
874252943800905729
874255056501080065
874255318959763456
874256130716950528
874256689427607552
874257067535630337
874257958087032832
874258375156150274
874258533415563264
874258546757599233
874258797325430785
874259027248787457
874259088401674243
874259792600215553
874260726294224898
874260753058025474
874261740632068096
874262181478633472
874262616654450689
874263188275113985
874263191500591106
874263469457121280
874264509304778752
874264993805545472
874265049765949440
874265253298753536
874265551081701376
874265976790974464
874265976862388224
874266333197869057
874266352747503617
874266582737969152
874266642934530049
874267806333898753
874269359526612995
874269656395259904
874269969915285505
874270113226215433
874271369650950144
874271863773548544
874271976893952000
874273043094396930
874273340587991040
874273569638944768
874274345878728705
874274551747805184
874275035111936000
874275275747594240
874275411903041536
874275554224111618
874275594049118208
874275629893550080
874275917404700672
874275926569361409
874276182308651008
874276548039278593
874277507570307072
874277663044763649
874279798872387584
874280333830754304
874280753936334849
874281053300563972
874281415352954880
874283671804559360
874284088642994177
874284237482020866
874284652575567872
874284821899616256
874285662891061249
874285703097704448
874285902771744769
874286290006667264
874286340703211520
874286395677962240
874287679650897920
874287706880212996
874287982605455360
874288134535688192
874289584095494146
874289778052796416
874290381663457281
874290612471820288
874291557486252033
874291558425776128
874291853549588480
874292209641717764
874292438059409408
874293644374810625
874293858384924674
874294148978941952
874294258618048512
874294484250636289
874294511467409408
874294881300172800
874295252563243008
874295473112317952
874296985997766657
874297810639835137
874297846333403136
874298029750325249
874298104652201984
874298245517856768
874298419061436416
874298434739740672
874298689338183680
874299054712377344
874300331567525889
874300383203647488
874300811878248449
874301392567009280
874301599140761601
874301727045976064
874302202696749056
874303711249563649
874303808901230592
874305989096427521
874306016313266177
874306092863500293
874306644112527364
874307090621370369
874307908447744005
874308239055360000
874309354626920450
874310167533408256
874310941269217285
874311846265847808
874312200386752517
874314123508568064
874314538530865152
874314955813666816
874314997333200896
874315204565364737
874315367279202304
874315504932061186
874315720808640512
874316103694123009
874316716754575360
874317369325359104
874317726562619392
874317765418659840
874317858880323584
874317918338777089
874317989981691904
874318122140012544
874318172006084608
874318340289966081
874318660675960833
874318815726841857
874318876342923268
874319429546512386
874319759688577024
874319859806593025
874320525140602881
874320699065806849
874321389276209153
874321528501936128
874322186202357760
874322219203252224
874322785870458880
874322981916422147
874323421919936513
874324139321982976
874324388132343813
874324939314257920
874325249231171584
874325676668727300
874326108531019777
874326135777230851
874326609909747712
874326904899346432
874327391912550400
874327920273182720
874328073444892673
874328679228243969
874328804092596224
874330469629919232
874330746181349379
874330787981799424
874331536820232193
874331613949300736
874333352752553985
874333358825902080
874333982611189761
874334235225710592
874334676231520257
874334865637953537
874335910174875649
874335935630106626
874336914421276672
874337215853322240
874338025098051586
874338204912156674
874338321648033794
874338859093553152
874338997253918720
874339039507361792
874339080326303744
874339185066479616
874339234617974785
874339735359156225
874339942889029633
874340001684828160
874340862335098881
874341462116380673
874341523592183809
874341733194223617
874341805713653760
874342267372408832
874342272627859459
874342447614238721
874342969553420288
874343846393630720
874343891461439488
874344005785583616
874344298002739200
874344436049870849
874344486289231872
874344520154066945
874344528207110144
874344804553027584
874345059864457217
874345547410407425
874345661042438145
874345787190366209
874345892521754625
874346187918389250
874346199330861056
874346316595376129
874346325294407680
874346781106155520
874346785677991936
874347127077568515
874347577369559040
874347638245785600
874347749554008064
874347791983706116
874347993985691648
874347992567996416
874348059999834112
874348145186091008
874348631071092736
874348989050695680
874349048773443584
874349173717561349
874349263484014592
874349879459553280
874350118862028800
874350362689515520
874350795894005761
874350798049878018
874351276628344832
874351815596355584
874352271836028928
874352546575417344
874353936341323777
874354957331431424
874356791659962370
874357126415691777
874358343044935681
874358930578735109
874359786615312384
874359975572852737
874360061224734720
874360370118479875
874360996021903360
874361229631930368
874361474470346754
874361490085748736
874362726172295169
874362762771795968
874362901045399552
874363651527933952
874364107083984898
874364266467532800
874364660350406656
874364660350406656
874364759231090689
874365551317012480
874366368908550147
874367032006987777
874367907437961216
874368232513167360
874368525376385026
874368694805286912
874368810840621063
874369105389867008
874369252891009024
874369713375240194
874370784315224064
874370993179021312
874371190374096897
874371964328185862
874372520077660161
874372796201263104
874373176377176065
874373389061947393
874373695220977671
874373734295117824
874373802708406272
874373984200142855
874374300358389761
874374570148548609
874374625907675136
874375138355142656
874375405310013440
874375812342054914
874375878976966656
874375933272227845
874376025966346241
874376141280301056
874376291017003010
874376440984285185
874377205735927811
874378367906271233
874378401548783616
874378739454443522
874378914893791233
874379609977925632
874380071578087424
874381950177366016
874382933980848130
874383393399635968
874384305602125824
874385009708347392
874385385648005120
874387170873704449
874387950641057792
874387951257608192
874390533099196416
874390662292156416
874391072943689728
874392750489260032
874395951007444992
874404178520616962
874412388375724032
