905583616880771073
905585101685260288
905585797331550209
905588440170946560
905589898366898178
905591441094782976
905592651872960514
905595750255656960
905595950873419776
905596881614536704
905597845134331904
905598710662537216
905600238886547456
905612066446344192
905613721183117314
905614288143962112
905620822810820608
905621001450479616
905622214409584644
905623474282127360
905624007709515776
905637173554184192
905641132348006400
905644946379595776
905645993697226756
905646163113656321
905649657627287558
905649752263467008
905653790400851968
905654449086935040
905654864557948929
905654911639027713
905655126408364033
905655139603587074
905655201125744645
905656058718281730
905656091777703936
905656158916034560
905659083012714496
905659981784948737
905660804942282752
905660847027920896
905661400265089025
905662469527429120
905664459368222720
905664619355660289
905665832402927616
905666225304371201
905666450588913664
905667470001922048
905667914690215936
905667925712842752
905668970455302145
905668977451384832
905669053234143233
905669334327902208
905669361569906688
905669607347732480
905669621734301697
905669760624373760
905670029462593539
905671957844172800
905672628781817856
905672711476797440
905672748378099713
905673625528705025
905674606597558273
905675240436404225
905675508649783296
905676115217408000
905677851197878277
905678010266910720
905678664553005056
905678904643477506
905679237197307905
905680001927970816
905680364156399616
905681651920982016
905682572709154816
905683228064968704
905683890005790720
905686155810799617
905687443449540610
905688684456022016
905689146144026626
905689208127410177
905689991329800192
905690008799109120
905691121786945536
905692634651484160
905692646152310784
905692698799169536
905693154246090752
905693516919164928
905693954297008128
905694216692658176
905694512420356096
905695738880958464
905696292462002176
905696394157203456
905696845845774336
905696985335902208
905697025437687808
905697055540162561
905697097701314560
905697478468657152
905697872452231168
905697917117321216
905697920489533440
905698983229706242
905699017425903617
905699607782592513
905699917854892032
905700067444539392
905700282365087744
905701017626562560
905701524730458112
905701626798903297
905701748249112576
905702209219854336
905702418272444417
905702481879027712
905703625531543552
905703685292007424
905703767118680065
905703867698040832
905704282615369728
905704629920550912
905705434643877889
905705909418065920
905706081753686017
905706857007902721
905707701136756736
905707928983937024
905708110387564544
905709157084528640
905709719066746880
905709804215263232
905710493314285568
905710592232697856
905710914648854528
905711104931876864
905711997257437184
905712212869828609
905712226501349377
905712256364765185
905712495247183872
905712935921733632
905713134970839040
905713213458845696
905713286217428992
905713962867716097
905714048372789248
905714440783503360
905714752244023297
905714804706377729
905715074333016064
905715103655485441
905715418249261060
905716375146160129
905717074034601984
905717135867080704
905718281901940736
905718657594134528
905718678800527360
905718703093948416
905718809901883392
905720782621433856
905721044706754560
905721550401404928
905721851841794048
905722028111560704
905722172315979782
905722191337095168
905722202452090880
905722246974595072
905722343426797568
905722362863243266
905722417955438592
905722898060632064
905723356581908480
905723378929090560
905723791489294337
905723957772378113
905724101888790528
905724740165349377
905725077530058752
905725801596952576
905726813552484355
905727921674956800
905728643984265216
905728749425057792
905728842614149121
905728969986777088
905729537610321920
905729878363967488
905730415964676096
905730767745101825
905731204380581888
905731344910692352
905731346722680836
905731389080965120
905731395498201088
905731399877091329
905731454524678144
905731480206356480
905731913322782720
905731980943384576
905732108857073664
905732180885864451
905732238536519681
905732460918579201
905732644218036224
905732753265762304
905732951228514304
905734108764147713
905735487813509122
905735501407281152
905736217928634370
905736280574537729
905736359142445058
905736383289057280
905738255311790080
905738401407803392
905738679662063616
905738812361502721
905738883262021632
905738971732475905
905739201223806976
905739210275119104
905739345314840577
905739399220129794
905739462818357248
905739488403611648
905739539293106177
905739714661158912
905739817274806272
905739865203101696
905740029183623168
905740580059217920
905740796971945984
905740871303405570
905741144172232705
905741430181810176
905741619042934784
905741636365365248
905741679877124096
905742021641547776
905742103971549184
905742268463812608
905742313238011904
905742367101214720
905742556625031169
905742574958338048
905742773260836864
905742797810085888
905743129424400384
905743212995899392
905743246378270721
905743298639388672
905743561471258624
905743583625572352
905743846323171329
905744069468532736
905744267448111105
905744795406086145
905745281907613697
905745310093332480
905745510589501441
905745563886522368
905745598510497792
905745976643735552
905745979726479361
905746398532030466
905746630372204544
905746715847872512
905746751142760448
905746864460455936
905747021683986432
905747150763683840
905747187245645825
905747898201198592
905748757257478144
905748916544647168
905749329373212673
905749352852979712
905749888805343232
905749963266805761
905750119466852353
905750127834484736
905751816553603075
905751924238114816
905752182351437824
905752219714289668
905752614142443520
905752784254844929
905753882348924928
905753931283869697
905754561704587264
905754722287722496
905754760510353409
905755242058395648
905755960416714753
905756981574688768
905758560557998082
905759042815098880
905759410173169664
905759814822834179
905760071749160960
905760700278198274
905761035008794624
905761057448370177
905761094249185281
905761237090410496
905761436781207553
905761517689339904
905761535443828737
905761602649157632
905761711738806273
905761770488426500
905762055264903168
905762114777776128
905762137972363264
905762160487391233
905762285318262784
905762419900907522
905762471780253696
905762759366848512
905762831844462592
905762946801905665
905763189190787072
905763299693912068
905763612341542913
905763816893538304
905763854155747328
905763976801288194
905764101221122048
905764206934450177
905764392159076353
905764646619156482
905764741263613952
905764946939703296
905765012244975617
905765278772023296
905765484498485248
905765607311888385
905765952884805632
905766132086444033
905766169390534658
905766550707298304
905767225348550657
905767348707237888
905768013949018118
905768495488667649
905768854491725824
905768941250805760
905768993868406784
905769492306907137
905769525114757120
905769570908168192
905769633931780097
905769909380141056
905769939243544578
905769997770924032
905770017018478593
905770306559770629
905770459651866624
905770605089361920
905770915023249408
905771272239538176
905771329470812161
905771377554272257
905771419010813952
905771574602735616
905771634539323392
905772485496504320
905772694007799809
905772789658943489
905772821569253377
905772915555278848
905773011395104768
905773036720316416
905773047386386432
905773374999326721
905773398801965056
905773504917884930
905773734191128577
905773740193005569
905774207124033536
905774257715732480
905774315760693249
905774362959151105
905774452646039552
905774755592245249
905774803398926337
905774894260121601
905775158320914433
905775285836107776
905775315468914689
905775625570578432
905775764691456001
905775908379906048
905776702772711424
905777320056815616
905777840829943808
905778038234902528
905778097454272514
905778098750320641
905778133332320256
905778438883201025
905778741900660736
905778758736637952
905778846867312640
905779262703243266
905779284178067457
905779312145649664
905779360887693312
905779390663024640
905780193809354752
905780658273964036
905780669514747905
905780849832054788
905780920401178624
905780950772187137
905781000227127296
905782443143294976
905782547979874306
905782564903763968
905782604762361856
905782792788873216
905782865539067905
905783000931192832
905783119357378561
905783131957055488
905783252807536641
905783446425018370
905783756543463424
905783995086069760
905784146064236545
905784679290241024
905784733103263744
905784875571171329
905785036196151296
905785083960938496
905785267998654464
905785287233679370
905785554528239616
905785628448755713
905786591599316993
905787303938981888
905787914675728390
905789023125479425
905789594381279232
905790120208592896
905790327113605121
905790351528660992
905790449004277760
905790460182106112
905791045371351040
905791173608001540
905791272463601666
905791443360468993
905791508057653250
905791656150126592
905791750681362433
905791811796557825
905791865567547392
905792211907903488
905792304195280896
905792345303592960
905792373304811524
905792599675592704
905792734073688066
905793139037917186
905793164774174725
905794073319145472
905794329633071104
905794424118104068
905794497220620288
905794566846128128
905794681140912128
905794819884277760
905795142489165825
905795165306187777
905795182725038080
905795202442563584
905795510459662336
905795549621874689
905795696082771971
905795737711235072
905796526227820544
905796567935836160
905796572558094338
905796781241495552
905796807644635138
905797086075113472
905797290471952384
905797344951717888
905797361598840832
905797619783307265
905798161545003008
905798522150277120
905798561027248128
905798659866062850
905798850098671616
905798986828828672
905799406959644672
905799457639452672
905799973446537217
905800082288726016
905800281107116033
905800353907662848
905800424434913280
905800651451588609
905800739997569024
905801078981222400
905801468384616449
905801550387453954
905801991783419904
905802666688880641
905802866748686336
905802983853752321
905803159829975041
905803512117854208
905803954000465920
905803995184287744
905804576804175872
905804653220253696
905804770992168960
905804885857357825
905805189055172612
905805506228432896
905805550583259136
905805632284106752
905805798437261312
905806020672442369
905806120014540800
905806168722989056
905806217544687617
905806569660710912
905807000344383489
905807793252425728
905808297592324096
905808412012838912
905808607417131008
905808839613837314
905809043758964736
905809473222180864
905809732589506560
905810068175761408
905810196211146753
905810238019960834
905810292709478401
905810305049141248
905810336787427329
905810350733393920
905810728933879808
905810774853128194
905810873419227142
905810949612998656
905810967308664833
905810991451136001
905811039320760320
905811052566372354
905811120472117248
905811127963090944
905811167716810752
905811198079365120
905811213225000965
905811231600193542
905811288907022336
905811389687717888
905811420570378240
905811562081943552
905811585175773186
905811614405971969
905811664188178433
905811826050568192
905811884795973632
905811968841408513
905812080858628100
905812093651341312
905812348232925191
905812365454827520
905812400032673792
905813151932874753
905813197453758467
905813336893345793
905813406338486272
905814210579484674
905814313595801600
905814452808933376
905814583994183680
905814892262944768
905815153047998466
905815591365332992
905815730482028547
905815878243143680
905815891962626049
905816011399671808
905816018005757953
905816108334272512
905816144212320261
905816592751235077
905816826457845760
905817145963106306
905817377337638913
905817517863657472
905817567910088705
905817697010810884
905817992482750464
905818038792056833
905818051635019776
905818524056158209
905818678217801730
905818689496383488
905819014152237056
905819406407655424
905819791893680129
905819858985725956
905819887452512256
905819908130439168
905820116763496449
905820221570732032
905820310540308480
905820377728913409
905820393595797504
905820575221895168
905820712723783681
905821113527263233
905821416301486084
905821430746664961
905821475600564225
905821590503526401
905821888781451266
905821932150501376
905822146533961728
905822439246094336
905822909989613571
905823016965296132
905823451444895746
905823528024408065
905823545615421440
905823747113963521
905823804139634689
905823942459445248
905823967977496578
905824249465667588
905824568593575937
905824626718248960
905824672100560901
905825284095692800
905825396112936960
905825449607094273
905825635892961280
905825700267126785
905827228390449152
905827435240882177
905827612550975490
905827921624940544
905828336492056577
905828526347223041
905828626087731201
905828896414859264
905829030431207424
905829206537506816
905829392458407936
905829651683139588
905829746747076608
905830096497467392
905830304350441473
905830399112355840
905830533120319488
905830595716055041
905830833180827648
905830865309196288
905830901837422592
905830980052758528
905831029298081793
905831097312915456
905831113502982145
905831119249170436
905831168746168320
905831186341220352
905831207891607554
905831268662829057
905831280994082817
905831293644152833
905831434673418240
905831485458046978
905831597781417985
905831714475429888
905831733928525824
905831772306509826
905831800848699392
905832116520353793
905832158706757633
905832371970330624
905832401041022976
905832428333404161
905832577562546176
905832839383580674
905832872430505985
905832916315508736
905832944689750016
905832959151923200
905833006337847296
905833030618685440
905833344067362816
905833356058877957
905833363499601920
905833446966263808
905833449243766789
905833506319761408
905833703775010817
905833706283290625
905834043656286210
905834206508576768
905835118052421633
905835264097918977
905835514993020928
905835541886902272
905836039700402177
905836315916341248
905836724009537536
905836819333480448
905836860303429633
905839367482114050
905839730759229440
905839779664801794
905840057860358145
905840431195443200
905841744327127041
905842069998108672
905842136557420544
905842206153613312
905842263971987456
905842558319898626
905842753677950976
905843004820393984
905843189952770052
905843283406069760
905843803063545856
905843852413677568
905844090897653760
905844101135945728
905844203606958080
905844475880251392
905844821855756290
905845064433270785
905845391647703041
905845622984597504
905845908167946240
905846622520827909
905846675163549696
905846726342438912
905846761847234560
905846786262261760
905846916302426112
905846939916410880
905847171802648576
905847203935260672
905847230451654657
905847431916605443
905847525118181377
905847657922473985
905847724280602625
905847774629036035
905847797068509185
905847879457263616
905847900563013632
905847925061951488
905848148479893504
905848305804079104
905848770872705024
905848826128240641
905848945716457472
905851120043614208
905851218991439874
905851417239461888
905851426001256449
905851668042014721
905851836128776192
905851865644097537
905851906588684288
905852284692779008
905852333594202112
905852563949539330
905852903625179136
905853214385475586
905853215475937283
905853564018466816
905853750681763840
905854354137206785
905854353080242176
905854410546454528
905854447376531456
905854776151334913
905854846523371520
905854863548043265
905854888537710594
905854927939014656
905855060374147074
905856796522409985
905857041599795202
905858656448761859
905858678032658433
905859589190672384
905859618680819714
905860075704770564
905860473597435904
905860698479230976
905863087206555648
905864048595656704
905865159960395776
905865813839753216
905866042282577920
905866391617667072
905866508366163970
905866713585127435
905866778286456832
905867304176640000
905867390214430721
905867565460844544
905867637497978880
905867653209886720
905867747254562816
905868442171002880
905869590475001856
905869747962695681
905870373618675713
905870733682847745
905871024759209985
905872160677384192
905872441074909185
905872684227145729
905875279893155840
905875937442619393
905876010654162946
905876369405566976
905876674994212864
905876746960084997
905876943328960514
905877216831123456
905877390101970944
905877791312416768
905877942697373696
905878342850809856
905878824210096128
905878984541556736
905879042825621504
905879262636503040
905879684998684672
905879853668470784
905880173333106688
905880949128298496
905881861569859584
905882193632866309
905882470305935361
905883248894640128
905883286379122688
905883449239584768
905883572468408320
905883599165161472
905884336779649024
905884461623074816
905885312538304512
905885623130738695
905885934658490372
905886091663859712
905886122831732736
905886182575366144
905886294655590404
905886493926973440
905886717940465664
905886780649590784
905886846080704512
905887646232322048
905887702305923072
905887741719846912
905887745964466176
905887885999603713
905888391086137344
905888718652940288
905888941097840640
905889041194917890
905889875622318081
905890100940333059
905890238891003906
905890277323407360
905890509759148033
905890570865954816
905890761941667840
905890774814007297
905890805272993794
905890804006363136
905890954653179904
905891100304531464
905891444820463618
905891699242803204
905891745375944704
905891793144774656
905891861096628224
905891923927367680
905892183240212480
905892387800715268
905892462337679360
905892581049081860
905892582475145216
905892883756191744
905893726886690821
905893822021992448
905893974912720896
905893988330348544
905894096392347649
905894306837356544
905894593530433536
905895402502795264
905895457423024128
905895516818599938
905895542072516609
905895560653230082
905895640131088384
905895875494502401
905896086988103681
905896488412352512
905896717131939841
905896791211741185
905896889341632512
905897025501323265
905897144195960832
905897318737727488
905897588381147136
905897752177106944
905897930552430592
905898021145194496
905898105236795392
905898252498808832
905898430660259841
905898709711560704
905898884756537344
905898891996008452
905898912329891840
905899105825808384
905899212503752704
905899347476406272
905899718433271809
905899918346387456
905899969047134209
905900091428544512
905900304494989317
905900454177071105
905900665792323584
905900666295603201
905900803982057472
905901258283905024
905901346381070336
905901356866818049
905901396221972480
905901443869224961
905901476823932929
905902109358526472
905902210923581440
905902788064022528
905902959216689158
905903079740059648
905903330282655744
905903841597632512
905904690214428672
905904978094641152
905905646452830208
905905752971337729
905906309274488832
905906704889589762
905906810804154369
905907075536084994
905907122872967169
905907740203241472
905907762642739202
905909187183566849
905910417972748293
905911221152608256
905911430217650177
905912894600163328
905913447262670850
905913684190482436
905913714322366464
905913732924104705
905913783348076544
905914392491028480
905914413852577794
905914428650119168
905914716366700544
905917320547241985
905917520934313984
905917541335359489
905919525979336704
905919725900881922
905920036535230464
905920264785027072
905920287933440000
905920583430545408
905920645040570368
905920674929266688
905920747352100864
905920758785990657
905920969998553089
905920994149363712
905921049975554053
905921178472210432
905921225909833730
905921281413050369
905921392071380992
905921554697125893
905921971371823104
905922234593808386
905922424167858176
905922838242222085
905922886166249472
905923276031045636
905923709067816960
905923934830329857
905924226288410625
905925460558741505
905926076119089155
905926244637839361
905929241765625857
905932210322030593
905938040618614785
