929861778175078402
929862671679262720
929862683024809984
929863440142872576
929863638126682113
929866211315269632
929866452743499776
929868158277578752
929868607151996928
929868974640238593
929869337049161728
929869995202564097
929870394936487936
929872020426448896
929872240472133632
929875266394120192
929875605356728320
929876856513417216
929880740837449728
929881669808611328
929882852547686400
929890725151592449
929891184960565250
929908193806790657
929914568100413440
929918816569774085
929922753540407296
929932392755793925
929932593159725057
929934930922029056
929935356690161665
929936705746034688
929943059000737792
929945099622146053
929949317720428545
929949926158725121
929950103330328576
929950196041166850
929950578020581377
929951715088060417
929952901513936897
929952909332242432
929953276765900800
929954874141364224
929956918159970305
929957291331325952
929957892177977344
929958784939671552
929958806825721856
929959021062303744
929959417898061824
929959710622494720
929959975362973696
929962070971506688
929962437712973824
929962610568646656
929962675295129601
929962726247616513
929962769184706560
929962804781768704
929962838805884928
929962849916637184
929962874470064128
929962920305446912
929962959891247104
929963390780563457
929964388429238273
929964804063875072
929964886288945152
929964991603548160
929965304737927168
929965456890388480
929965798914973696
929966119489765376
929966141384151040
929966398469701632
929966821536546816
929967187753828352
929967385880252416
929968045950492673
929968082499637248
929968422758305792
929968635430436866
929969353986060293
929969356154556416
929969526988566528
929970422300446720
929970582019608576
929971411963338754
929971605106778114
929972267005677568
929973664887472128
929974126613319680
929974207634657280
929974261514756096
929974482000805889
929974848121602048
929975672260489216
929976680529190917
929976841196142593
929976932036423680
929978093921595392
929978109251727361
929978472780517376
929978578229481472
929978662795005952
929978983529279488
929979094774804480
929979254594592768
929979330939142144
929979335481745408
929979786038071297
929979867789234176
929980089479192577
929980361592987648
929980393339703296
929980767064788993
929981149312618496
929981268984516608
929981597071429632
929981980221034496
929982662734962688
929983242643607553
929983920115978240
929983980241391616
929985428584878080
929985575955730432
929985770403893249
929985863521656833
929986504948174848
929986547276972032
929987162711515136
929987686768791552
929988274730479616
929988682614009856
929988847383007232
929989089042010112
929989675535790081
929990170228637696
929991927247884288
929992181032595457
929992535090528256
929992648307429376
929992658445103105
929992677818585088
929992716146167813
929993139334582273
929993850160078848
929994390923370496
929995205155139585
929995263690895360
929995424659922944
929996444714516480
929997010303844352
929997327053582336
929997330362830848
929997385811578880
929997446326956033
929997598257176576
929997790805098496
929997933600223232
929998151758614528
929998250920349696
929998340200296450
929998559377743872
929998594790354944
929998923321757696
929998954498019330
929999360334745600
929999589196910592
930000015996616704
930001503414341632
930001653532708866
930002525587234816
930002599549587456
930002779178979328
930003232163794944
930003285242732545
930003937444364288
930003974928982016
930005065011810304
930005479052496896
930005627438616576
930005759999410176
930006001922781186
930006185578655744
930006306668339201
930006505495052288
930007201619603461
930007485959852032
930007529438007296
930007592486821888
930009021851029504
930009147436863488
930009832819740672
930010115469651968
930010857018482688
930010996302929920
930011284824887296
930011345197641728
930011473287540736
930012424203390976
930012441660002309
930013195632349185
930013469725913089
930013657903149057
930013687729082368
930013778032381953
930013920668024832
930014079330250752
930014570831400961
930015244008808448
930015353790435328
930015558963286016
930015924584878080
930016138372755458
930016498860601344
930016958074023937
930017929189568512
930018242546020353
930018430786433024
930018746793590784
930019094258208768
930019619552755712
930019759386648576
930019819767910400
930020498557325312
930020612935909376
930021992828370944
930022270898024449
930022383397883904
930022907564224512
930023550001582080
930024033722294272
930024151921975297
930024314769936384
930024359166664704
930024727648796672
930025217048612867
930025364029607936
930025481612791808
930025755697926144
930026132065406976
930026233567547392
930026553827889152
930026721335689221
930026728587714560
930027404533354496
930027520556224512
930027699732664320
930027714563670018
930028083138252800
930028167405895681
930028424294486016
930029132934721537
930029372651827200
930029454717579264
930029623437434882
930029816140537856
930030309017518080
930031247358914560
930032877948956672
930033324009148417
930033825761120257
930034313286037505
930034731365945345
930034798671925248
930034818062143489
930036083211096070
930037387626995714
930037424079728640
930038704646901760
930038811840712704
930039867081359367
930039973461610496
930040702532284416
930041093454024705
930041299830558720
930041316213493760
930041402972622848
930042020965634048
930042288490844160
930042664610807809
930044001725624320
930044164024229888
930044716036575232
930045309425737728
930046539795398659
930047864000122880
930048075778936832
930048506810851328
930048759798648833
930049211252527105
930049340588126209
930049725545549826
930050268137447424
930050788080144384
930050856015233024
930050901796163584
930050913657675776
930051294831706112
930051390591860736
930051432753106950
930051536268513280
930051566920523776
930051703340240896
930052161756717056
930052426731851777
930052474714644485
930052800851140610
930053083907936257
930053185988907008
930053531352039424
930053571516731392
930053723010752512
930053799607259136
930053857933131776
930054012178542592
930054289405435904
930055172113432576
930055191117942784
930056221423472640
930057392347336704
930057668500303874
930057718240567297
930057724687212544
930058107123879936
930059021003960321
930059201581387776
930059453117890560
930059608139489280
930059759008583680
930059789748580352
930060343421952000
930060604206911493
930060729054584832
930062056627359745
930062870104113152
930062908888928257
930063345289519104
930063443515858945
930064240525836288
930065260647559169
930065368541999104
930065606254178304
930065791181049861
930065908432764928
930066005056999425
930066087156355072
930066846405025792
930066888071303169
930066997949403136
930067133568094208
930067135627431937
930067884176560129
930067927495249920
930068036840804352
930068139882278914
930068291854438400
930068425753448448
930068700455211008
930068800057298945
930068989832843266
930069019197169665
930069301738041347
930069871089651712
930070112064942082
930070397378277376
930070411127246848
930070720478109696
930070875486945281
930071530528223232
930071630587531265
930071694210994176
930071932099354625
930071999338221568
930072007173115906
930072516911075329
930072785166196736
930073312847454208
930073393084424194
930073847478419457
930074015389093889
930074030777995264
930074089204658176
930074213364453376
930074621977726976
930074962194567169
930075366705844224
930075580103626753
930075989870284805
930076322101125120
930076858569428992
930076978606198790
930077208760258567
930077256969580544
930077289966129153
930077386326073345
930077467557101569
930077760768303104
930077952049590275
930078091828957186
930078485934215168
930078556222361602
930078563809841155
930078975875051520
930079723333484544
930079735283142656
930080222095003648
930080892730658816
930081076537634818
930081235204038657
930081382688350209
930081594915934208
930081695138795521
930082428869279745
930082673703444480
930082999273705472
930083032060526592
930083155201200128
930083441948921856
930084441971679238
930084460254646272
930084531666866177
930085777891123200
930086311461048320
930087265421930498
930087597803757568
930087854331645953
930088047198310400
930088372835700737
930089478965858305
930089549069541376
930090169881030656
930090361107767296
930090445446832128
930090655782666240
930090670500532224
930090711474737153
930091155123068929
930091603154358275
930091903428780032
930092008487751680
930092015139901440
930092277980188673
930092298754543616
930092846236958723
930092878721728513
930093012725719042
930093716928434178
930093937808805889
930093969391980544
930094247612702720
930094482829316097
930094545706078209
930094803274096640
930094986158399488
930095611445170178
930095998545858560
930096381682962432
930096503405735936
930096844264361984
930096894835023872
930097022090272771
930097340307902465
930097425016066048
930097825651798017
930097880836313090
930097978668470272
930098097707012097
930098171912622080
930098273943261184
930098425466638336
930099012534927360
930099397525983232
930099498382168064
930099556544589824
930099610223247361
930099802590900224
930099813038911489
930099837911076865
930100021835550721
930100074717368324
930100952304103424
930100978795233280
930101331238498304
930101384304889857
930101471110197249
930101561170251783
930101664538923008
930101705554976775
930101857464152065
930102432604082176
930102485502525440
930102991230849024
930103067076329472
930103355279540226
930103362015629313
930103569839206400
930103866183553025
930103878779064321
930103957317455877
930104146811871232
930104175119228929
930104305557876736
930104602854395904
930105163045593088
930105874504474624
930105893416521728
930107024934932480
930107506474520577
930107827078737920
930107933244968967
930107992296574978
930108015470137344
930108323701149699
930108735653072901
930108988536033280
930109029405339648
930109524748460038
930109624522543104
930110192146092037
930110456618016773
930110526742548480
930110694149718022
930110762072395777
930110955236847616
930111374994362368
930111527612493824
930111563075375105
930113003080466433
930113173151129600
930113484087492609
930114080928681984
930114189183586304
930114229285392385
930114363112947713
930114429848641536
930114534873944064
930114935559946240
930115214149935104
930115396082044928
930115838522417152
930115851327504384
930116256530862080
930116707510833152
930116843804573696
930116890646777856
930116934821122049
930117309049470976
930117674339880960
930117683328245760
930120435005644805
930120448892956672
930121257990983680
930121760258838534
930122092581879808
930123380241653761
930123784916537344
930124004333096960
930124914513891328
930125471072874498
930125905292296193
930126028839837696
930126364296077312
930126612720443393
930126821848469504
930127431633199105
930128035088687106
930128511993606145
930128567278669825
930128955201474561
930129025418350592
930129055592132608
930129260920131585
930129322488336389
930129400829497344
930129761711554560
930129817697226757
930129845123723270
930130174523461633
930130776150233089
930130836686540800
930130914738425856
930131754786217984
930131781638123520
930131797912031233
930132719224401921
930132781774057475
930133274676092929
930133568185126912
930133644596924417
930133836113080320
930134166410231813
930134475907960833
930134595449835520
930134733287317511
930134737452261379
930134755093483522
930135764444352512
930135890952933377
930135894312587265
930136336232800256
930136464930820096
930136785795145729
930137030964793344
930137176691564544
930137195884752896
930138054186201088
930138753858965504
930138817180372994
930138894892445697
930138980896477184
930139192927096837
930139329229357056
930139622700666885
930139656943030272
930140048804270081
930140717367857152
930140723734818818
930141202434920448
930141626248454146
930141731194064896
930141919761575936
930142938377547776
930143258096828416
930143335112638464
930143399084257281
930143481892360192
930143633336094720
930143670531186688
930143748792684544
930143876865773568
930143983614951425
930144007723913218
930144008659193857
930144122681339907
930144308073844737
930144968332726274
930145461830410240
930145924545904642
930146067261411329
930146223620853760
930146372812189697
930146538810159105
930146591729700864
930147313665835009
930147506196971520
930147554603433984
930148995556548608
930149304257392641
930149838716637184
930149867309207553
930150049853661184
930150224026316801
930150227712995328
930150772494557184
930150922721943553
930151169745440775
930152116714442754
930152511876554752
930152813589606400
930152850235232261
930152872762920960
930152920091451399
930153044834123776
930153165873434624
930153466206572544
930154371207266304
930154686283436032
930154692511981568
930155824714080256
930156210757799936
930156285294673920
930156333793513472
930156593831915520
930156644037791746
930156699901710336
930156868621754369
930157319274618881
930157355597168642
930157456461844480
930157516285272065
930157644819718144
930158316201836544
930158347499769856
930158352809824256
930158389971357702
930158538667823109
930158910664794113
930159046589603840
930159057431879681
930159192526254080
930159284582866945
930159325666070529
930159494784520193
930159525319102465
930159668411977731
930159719846699010
930160072252055552
930160204225925120
930160714106462211
930160757337182208
930160920210403328
930161214746976256
930161761252192261
930161953372327936
930162181957718021
930162334454157312
930162438951067648
930162546421747712
930162558350348289
930162834461331456
930163011947565057
930163158794334210
930163323064258560
930163477003620352
930163585510146054
930163995864158209
930164110175756289
930164441500483584
930164501508476929
930165188942270464
930166325183418368
930166484042764288
930166493559521280
930166729640202240
930166742374146048
930166887526359040
930166895864696832
930167506228170752
930167579053887489
930167869354266624
930167873775038464
930168039139631105
930168176020721664
930168381973647360
930168674304086016
930168834044125184
930169123266596864
930169256414793735
930169374606012416
930169651157446657
930169917948674048
930170462180642817
930170869606961152
930171435817095169
930171727237255170
930172112828026882
930172499911901184
930172879706062848
930173516263157760
930173530234413056
930173650053017600
930173751714615298
930173976889974784
930174110600134656
930174126295220230
930174284366008320
930175025159786496
930175324075319296
930175580347105280
930175786421833729
930175860560355329
930176122683346948
930176489903022080
930176910449152000
930177262254772224
930177447848546304
930177786890870785
930178194250043392
930178198767357952
930178561016782849
930178707720941568
930178844325240832
930179107622739968
930179557977620480
930179921242148864
930180058584625154
930180431101726720
930180470213611521
930180763936546816
930180833138405376
930180875983171584
930180975153352704
930181210319589379
930181665065926658
930181789259304961
930181962219839488
930182159251464193
930182960732663808
930183069532852224
930183162348691456
930183645306019841
930183855960707072
930183980577587201
930184600638418945
930184658154872832
930184660713443329
930184691608584192
930185042407690240
930185330346614785
930185471073947648
930185782463221760
930185901979914240
930186222647037954
930186240544116736
930186299738345472
930187000203874305
930187007321665538
930187191560671233
930187652728590336
930187772165488642
930188117381967874
930188138009518080
930188874655158272
930189290457452545
930189311777132549
930189394753056768
930189876787589121
930189998376222722
930190611889696768
930190740726206467
930190755414626304
930190936474378240
930191231942053894
930192001995280384
930192086351122432
930192118890582016
930192177573122050
930192329566244864
930192597422870528
930192769175445506
930192804726345729
930192811475038209
930193063913361408
930193143722594304
930193368252022784
930193801146175489
930193848281726976
930193951302266880
930195307866083328
930195719746551808
930195974810632192
930195979004993536
930196462583140354
930197168039841794
930197364714942464
930198026727063552
930198758402519040
930200113829634053
930200115406606336
930200719533076481
930201192646537216
930201378647105537
930201559165698048
930201615994408960
930201619609866240
930202327230959616
930202643183685632
930202682266177537
930202904530706433
930202978480517121
930203523962363904
930203705340841984
930203733312593920
930203977412694018
930204006290526208
930204099630551040
930204184883924993
930204893805203456
930205229483732998
930205543767199744
930205560997339136
930205651237777408
930206136606822400
930206304194514944
930206510147428352
930207538120986624
930208010647015424
930208772026486785
930209272746729473
930209307098009600
930209487390113792
930210673547673600
930211107968638976
930212077419028483
930212237247242240
930212388544098304
930212469754220544
930212637698330624
930212810801459206
930213571799240704
930215092616122368
930215564752154625
930215642040586241
930216033012604928
930216438132105217
930216706328399872
930216778243944448
930218506813100032
930218511070310402
930218589109604354
930219013350805504
930219129616912384
930219763984244736
930220412981665792
930220561233514497
930220776275529733
930222587203997697
930223527319437313
