920439501138354177
920439745464950784
920440477811388416
920440681591721985
920441334984560640
920442036599259137
920442663341568002
920442955453911040
920443304780664832
920443441775042560
920443705592614912
920443867949948928
920444187878846466
920445024600510465
920447027099684865
920455754188034048
920476257900412928
920501163199488000
920502254267797504
920506539781312515
920506605602590721
920507408841101313
920507887428014080
920510769430753280
920511660267274240
920512206504120321
920512249135030273
920512336011685889
920512842071232512
920513313913606144
920513453701455872
920513572802912256
920513896007524354
920514578617954304
920515190130663424
920516869060210689
920517568770859009
920517717580550144
920517920601661441
920518309287747585
920521380722077696
920521651871199233
920522274289213440
920522852130086912
920523461591797762
920524460259729408
920524575611514886
920525144862478339
920525846502346753
920526193962647553
920526774764802049
920527127778349057
920527214550159360
920527438588891137
920527590913380352
920527715828158464
920527813068849152
920528123606831104
920528201687928832
920528815549542400
920528905550917632
920529282702696449
920529640694919173
920530083420438530
920530333497520128
920531363220082689
920531916658536450
920532469149036544
920533084956749827
920533113679306753
920533125633060864
920533201319354368
920533415153283072
920533554811101184
920533730745290752
920533811762524160
920534544683552770
920534668503605248
920534891279933453
920535746099974144
920537238404063232
920538242646147073
920538299462311936
920538471953059840
920538556921274368
920538734852009984
920538817030967296
920541190180786177
920541374402920449
920542146356269063
920542360861380608
920542779859718144
920543244869660672
920544033222660096
920544817142263808
920544851120283648
920544861236887552
920545018221355008
920547083266023425
920547865268768768
920549432231260162
920549801229520896
920550194944626688
920550614299496449
920551003036045313
920551059319177216
920551576879714304
920551595041021952
920551656827342848
920551724900810752
920552454030159872
920554593548771328
920554842116050944
920555525082959872
920556001064914945
920556103926153216
920556236139040768
920557614316097537
920558468951666689
920558978567942144
920559092925698048
920559326988816384
920559457263849472
920559716081774592
920559856825794561
920561677204107265
920561759798296576
920561986185912320
920562379729096704
920563190995484672
920563656177471488
920564132772016130
920564333804912640
920564459000786944
920564657013907457
920564691977539584
920564933221404672
920564967023218688
920565891129118721
920566826102349824
920567355385827328
920567655966191617
920568587928121344
920568651962609664
920569146932330497
920569204306300929
920569344362467329
920569449740144640
920569506648518656
920570012942897152
920570399708143616
920570868560007168
920570899367161856
920570975107911680
920572555295117312
920572588560125952
920573651266682881
920573739036798976
920574164511150081
920574742494679041
920574839232106496
920575013836730369
920576031861432320
920576114958970880
920577215502405635
920578002576175105
920578891814703104
920578892259319808
920579022924537856
920579346443722752
920579648546844672
920580241415966722
920580382348673025
920580681813635072
920581301736001536
920581458208673792
920581511954518016
920582523654148096
920582710460141568
920582741284020225
920582762351935488
920583248354279424
920583268860354560
920583284572278784
920583761397518336
920583927999488000
920584183013093376
920585249020661761
920585662138650624
920586666259177473
920586864129605632
920586890490851328
920586942831562752
920587758699151360
920588011800231937
920588242784800768
920588429213229056
920589003740602368
920589400987316224
920589707246944256
920589820946276353
920590455095644160
920590519725633538
920590527321591809
920590820348186626
920590994822909952
920591116264542208
920591832672866304
920592336261976064
920592430008881152
920592497130246144
920592496303931392
920592547315159040
920593031207809024
920593287588786176
920593338587156480
920593711406383104
920594498798936064
920595048617652225
920595064212148224
920595139621539845
920595179677077504
920595221615751168
920595808101081091
920595852799995904
920596147349217280
920596452069560321
920596607493603333
920596610081607680
920596927284170753
920597010327228418
920598147835072512
920598882500927488
920599509301956609
920599581943123968
920599925293027328
920599957895372800
920600056058843136
920600150736867328
920600553679355904
920600663637331968
920601653576904704
920602042095325184
920602217010335744
920602247033184262
920602459076210689
920602546791739392
920602554542804992
920602796566695936
920603098200068096
920603436814651393
920603847948754944
920604880674480128
920605151160913920
920605303468634112
920605336381169665
920605825038774272
920606091121184768
920606131122253825
920606430033600512
920606632773668864
920607430995775489
920607889156395008
920608176780730368
920608323413536768
920608457342050306
920609043630215168
920609053474213889
920609112362246144
920609164652679168
920609184697249793
920609214065790976
920609751834288129
920609893073203202
920610140298055681
920610284963815424
920610795809107968
920611016479772672
920611164018626560
920611179650830337
920611296734740480
920611374333644800
920611683038621697
920612302101106688
920612552224198658
920612602400649216
920612697871446016
920612718947782656
920613059437178880
920613131361116160
920613496504582144
920613649332436994
920613711294943232
920613750121496577
920613784649175040
920613924936015872
920613975808757761
920614006779457536
920614108424278016
920614209976786948
920614956097310720
920615183701172225
920615232904495104
920615511582498816
920615568042012672
920615712846176257
920616554735292416
920616638176808960
920616816313028608
920616902187212802
920617238754971648
920617500966117376
920617711373357056
920617746001485824
920618083827494913
920618091037552640
920618143340552193
920618230892449792
920618277784735744
920618448769765376
920620155960426496
920620273698734080
920620527751958528
920620545279963136
920620863900278784
920620950432907264
920620980468371456
920621026106642433
920621164862599169
920621286690316288
920621350817030144
920621857879085056
920621963059613696
920622220464050176
920622356736995329
920622366656475137
920622608223260672
920622750112407552
920622794559447040
920622800041324544
920623063066177536
920623186563215360
920623309443751937
920623566927917056
920623764446023681
920624043845476353
920624958425980928
920625886063362048
920626066213031936
920626207229693953
920626565762961410
920627278173884416
920627545204297728
920627744916037632
920628189541601280
920629319873024000
920629540917006336
920629864511819777
920630481846177793
920630795101982721
920631235117846529
920631289790779393
920631477699796992
920632080182206469
920632154123628546
920632225456119808
920632406348042240
920632478045474816
920632485616275456
920632559620501504
920632699370528769
920633584905609217
920633664454778880
920634316333420544
920634442351284224
920634895193530368
920635278552895490
920635458668978176
920635601174630400
920635806922039296
920636712807796743
920637459788173313
920637718350254080
920637874629988352
920637899787374592
920637954686619649
920638107858427904
920638325291147265
920638796781191168
920639269974237184
920639336315543552
920639490565210112
920640786936598528
920640973163524096
920641544822116352
920642113557086208
920642180800237569
920642558602211328
920642709215436800
920642730799312896
920642780103311360
920643382556454912
920643382657060864
920643526311972864
920643587477590017
920643619446386688
920643638908063744
920643876230135809
920643919355944964
920644369652129792
920644400736362496
920644482441326593
920644534492651521
920645112367140865
920645520929972224
920646644139470848
920646645880184833
920646682563497985
920646705791619074
920647435168477184
920648575293493248
920648954748039168
920649021978501120
920649074042425344
920649269773787136
920649567397392384
920649669889417216
920649948114378753
920650242210529280
920650491809460224
920650858240593920
920651101451546624
920652134185660416
920652357083463680
920652371130310656
920652399815135232
920652829152415744
920652989890809858
920653790046511104
920653849395908608
920653865120403456
920654136751861760
920654505280143360
920654750378614785
920654774697103360
920654875977019392
920655132982784001
920655233017106432
920655569765183489
920655596713660416
920655838678790145
920656130342301701
920656342678999040
920656409104089088
920656773559799809
920656773668843523
920656998689013761
920657131120087040
920657468782534656
920657831384289280
920657834127347712
920658873773633542
920659720440090627
920659733723406336
920660119423213568
920660459040247809
920660728960385025
920660912809365504
920660930475773953
920661141638057985
920661344935927808
920661354897465345
920661614428409858
920661688973742084
920661886999449600
920662532716744709
920662793031946240
920663313675059202
920663384097353734
920663424455110656
920663663320682497
920663667775037440
920664002006482944
920664421638160384
920664513984319488
920664642485145600
920665049353588743
920665404908933121
920665515747696642
920665517953822730
920665526082457606
920665569694756864
920665731443896320
920665847106080769
920666604412731392
920666880276353024
920667067971489793
920667113538441217
920668058317934593
920668462082641925
920668551069032448
920669571371208704
920669717395853312
920670819784839168
920671348049022976
920671521512701952
920671830117142537
920671948211814400
920672522827390976
920672568797024256
920672720022638592
920672723063525376
920672960540704768
920672978731487232
920672992761450502
920673325214552064
920673971913322497
920674015097839617
920674143095410689
920674433647464448
920674661200998400
920674829895983104
920675611198103552
920675767452921856
920675795735056384
920675956028780544
920676315497459712
920676570720849920
920676798215602176
920676920404185088
920677911568494592
920677968430673920
920677981273587712
920678530547040256
920678599488704513
920678752593555456
920679127841157120
920679153782939648
920679359949746176
920679475301486593
920679565541953537
920679631883243520
920679651072249858
920680200358322181
920680375457808384
920680404557983744
920680515040145408
920680760637607936
920680927570866177
920681496515698688
920681825412046848
920681829627285504
920681855334146048
920682101887946752
920682188223508480
920682635088809984
920682665782710272
920682758200090624
920683536096595970
920684124096073728
920684953653915648
920686033871802370
920686208027471872
920686517756088322
920686642591133697
920686809583161345
920687331870420998
920687442717560837
920687538792292352
920687856212946944
920688435819663365
920688636399636482
920688874971471872
920688927895379969
920688934706917381
920689013878607873
920689164919693314
920689259236900864
920689498815680512
920689768463138817
920690132612628481
920690137679273984
920690541989322753
920690726048096258
920690857325494272
920690922853228549
920691103204069377
920691154684923904
920691182912581636
920691288441278466
920692050193940483
920692134679924737
920692569776033792
920692751896899584
920693422167592960
920694857097797633
920695479880568832
920695537338331136
920695697485287425
920695930025857025
920696644311683073
920697015943749634
920697269942353920
920697942985474048
920698633724579840
920699355425730560
920699378800656384
920699505791643648
920699717641801728
920700876808912896
920701329730932738
920701779058331648
920701956305440769
920701992112197638
920702606246404097
920702933003657216
920703176503898113
920703179666395139
920703296230363138
920703519065280512
920703761160564737
920704021916155909
920704060969377792
920704184814637057
920704201398849536
920704222475067392
920704523156455424
920704919216316417
920705098874994688
920705106424815618
920705283965546496
920705445291024384
920706346571276289
920706778911797248
920706798457425931
920706823774117888
920706858767339527
920707500881731585
920707800774381573
920708436572213257
920708707146706944
920708759114190850
920708778433105920
920708847752314880
920708933785980928
920709004069875712
920709072340635648
920709180696211456
920709259670818817
920709374645080065
920709782775980034
920710017518637064
920710751676923904
920711053692035073
920711880225763328
920712494590685185
920712707967401985
920712843628089352
920713232389738505
920713491941658630
920713761115193349
920713912932339713
920713962009890816
920713966288097280
920714032297979904
920714134978777088
920714140032827392
920715180119658497
920715439029850114
920715494327574528
920716270730956800
920716470677536769
920716761804234755
920716813587140608
920717585402007555
920717870002311186
920718042518249472
920718048918736908
920718890166079488
920719007606624256
920719366857134085
920719461153419264
920719735557324801
920719830432538626
920719919918059521
920720067817549824
920720108644917248
920720313683505157
920720410634850311
920720433460236288
920721023816912901
920721477250449409
920721639431704580
920721673975992320
920722224855879681
920722318166552576
920722884032544768
920723331304841216
920723563396698112
920723569146986497
920723806645256193
920723904989102080
920724381776728064
920724631157460993
920725103016542209
920725267450138624
920725917458141184
920726043165691904
920726809062330368
920727475705008129
920727915779670017
920728065336074241
920728281602756608
920728737246842880
920728771522592768
920728790946467842
920729092902842376
920729094848999424
920729247383158784
920729571510706177
920729583275663361
920729610773565441
920729670974345217
920730033332813824
920730048382095361
920730102010384384
920730416939786240
920730635894951937
920731087273451521
920731164285001728
920731260540121088
920731363296374785
920731420246585350
920731684856827909
920731767677448192
920731973408186370
920732233979387909
920732270067159040
920732497121554432
920732663216005120
920734450950033408
920734750096216065
920734847873806337
920735124244877313
920735940187959296
920736055044857856
920736487871787008
920737011077488640
920737289168478208
920737569398231041
920737734473539586
920738535401017344
920738924003074048
920739023794077702
920739139862937600
920739641069920257
920739977692106753
920740270190276608
920740879219986432
920741083457511431
920741358553452545
920741850625044480
920742103629664256
920742648385884160
920742886316085248
920742954024783874
920743250239066117
920743290097586177
920743318006435840
920743426018201600
920744123694567424
920744961884282881
920745423974912000
920745458342952960
920745736794406912
920746091229917184
920746158611460096
920746178752516096
920746274516885504
920746362685280256
920746374974595072
920746381479948294
920746640897650689
920746743804973057
920747255220580352
920747551711727618
920747842976845824
920748789727670273
920748805875687424
920748882778353664
920749758779678720
920749788940955649
920749820037308416
920749820960223232
920749943631106049
920749957098983425
920750090091945985
920750858358444033
920751033684459521
920751180623556609
920751381170008064
920751491421560832
920751521301762048
920751630450085888
920751710821285894
920751708485181440
920751786771800064
920751790555099136
920752030712463363
920752114753785857
920752216113369088
920752472054030336
920752616426090497
920752875038441475
920752940146667521
920753045931249664
920753229251731457
920753639542677505
920754084428369920
920754190154108928
920754314985000961
920754545990488070
920754580832641027
920754601313304579
920754627225772034
920754901361274881
920755225597808641
920755253657694208
920755267444334593
920755405982183424
920755668629540867
920755818752106496
920756874730983424
920757204617256960
920757214318661632
920757851571785728
920758061559623687
920758120187654144
920758517849645056
920759559257509890
920759779143888903
920759894919262214
920761061682192385
920761139700600833
920761244344299520
920761773854248960
920762254546669569
920762290475012097
920762321680699392
920762871381942273
920763438141493248
920763614973366273
920763628688740353
920763726155751425
920764134056189953
920764410402140160
920764422192320518
920764555852206082
920764789353320448
920765629812142081
920765979998728192
920766239919796231
920766697895849985
920766725280489472
920767513377542144
920767721981337601
920767972255453189
920768037233594378
920768406999191557
920768505615708160
920768565334167554
920768729096556544
920768980075401217
920769696139567109
920770270302015495
920770469451780096
920771191987679233
920771789936046081
920772504356098048
920772517899448320
920772748628168707
920773325655347201
920773995695394817
920774443340791808
920776349329092610
920776443713466368
920776793229025282
920778038626861056
920778187885502464
920779206396661760
920779744337154049
920780492663873537
920781757372395522
920782386656415744
920784021960962048
920786184246358016
920791788918468608
920792120566300673
920793205234266112
920795116519923712
920800247911084032
920800813907185664
920800831120728064
920801501827571713
920801565488791552
