971174050868400129
971174333002452993
971176519824478211
971176723940282368
971177225319010305
971179102370783238
971179399944032256
971184753247424512
971185076775129090
971185382141448193
971185943406358528
971186588272267264
971188551185465344
971188864219078656
971189341774106625
971189467666149376
971189639905251328
971189765956669441
971190052305932288
971190193742123008
971190607271153665
971191564230852609
971194419432054784
971196129558908929
971200288827805696
971203167282081792
971207163203944450
971211591625555968
971232234836582401
971242392396484612
971246544035942406
971248783702089729
971251060953272320
971253401911726082
971254234523070465
971257651505098752
971260120704446464
971260649643880448
971261158949867520
971262379609788417
971263008402964480
971263020843364352
971263031756886016
971263385689083904
971263753470783489
971264600284024832
971265228750114816
971266779162075142
971267195174047747
971270906034180096
971271159412133888
971271268686336000
971272839847391236
971273077219909634
971273566246391814
971275440194248704
971277491691229185
971277958785757184
971278032978808832
971278042076274688
971278067174969347
971280224460660736
971280313749004288
971280596319244288
971280630062469121
971280949542563840
971280967754280960
971281084309823490
971281487449477120
971281613186269184
971281751615197185
971282091899064320
971282239496577024
971282437429956608
971282813449318411
971282882332450820
971283070723686401
971283243319398402
971283742160490499
971283943805898753
971284307515002880
971284439161626631
971284737921871873
971285434700529664
971285570956783617
971285830177259521
971286483498864640
971288274080804866
971290121227169794
971291785392721923
971292653903114240
971292867871330309
971293331438362624
971293959925399552
971293992683016192
971294442161344513
971294974443651072
971295140802387969
971295525231349760
971295582848520193
971295686791712768
971295694395985922
971296044322639872
971296090871009281
971296112823980034
971296231870869504
971296453833486336
971297320364052480
971297378505494536
971297421044133888
971297563436568581
971297576841596929
971297683880243202
971297752230621184
971297759620890625
971298039477436417
971298274907959296
971298463844655104
971298500561506304
971299105501827074
971299134685794304
971299442178580480
971300315684368384
971300367714615296
971301231602913281
971301619970256898
971301823691870211
971302024364134400
971302322415562753
971302421443031047
971302564804354049
971302847173287937
971303050114715650
971303142049681408
971303318197866496
971303703549501440
971304521698816002
971305004878516229
971308662848442368
971308881275211778
971309065732280320
971309350752055298
971310768380628994
971310844754702336
971311739773030400
971311910871355394
971311918781739009
971312254577758208
971312750516371462
971312762197565440
971314807193391106
971315201067962368
971315215764803584
971316921734967296
971317301755736064
971317771375185922
971317927168311296
971318140675248129
971318140771749889
971318457508737025
971321802197798914
971323731049099264
971323793078738950
971324092916879360
971325588656087041
971326086968676352
971326659298320385
971327148920332289
971327579348197376
971328064167862273
971328222897016832
971328944699068417
971329584401657856
971329600285478912
971329819404316672
971329864824442880
971329931325136896
971330162624212992
971330649998098433
971330784949886976
971330827899596800
971331253302591489
971331266678263808
971331537525465088
971332192331796481
971332281410473985
971332497991700480
971332684797661184
971332691122688000
971333476346712064
971335115468103680
971335158531022849
971335916991238144
971337076871483392
971337186602762240
971338581036929024
971340360843751424
971340537029677056
971340725559406592
971343392948015106
971343575979057152
971343616403738624
971343931882524672
971344006197272576
971344304974323713
971344681274458113
971345789707370496
971345809311748096
971345880287760384
971345901557075969
971346532782940160
971347645611630595
971347841800114176
971347938453712896
971348295955243008
971348323650154496
971348397230903296
971348472506060800
971349000019496962
971349205284478976
971349681463689216
971350088357433356
971350882704134144
971351057128452096
971351064266997761
971351949185638401
971351983541096448
971352051723751424
971352063329406977
971353778401218560
971354859386626048
971355006338306048
971356175001366530
971356855418179586
971357394671489025
971357411146698757
971357686641168384
971358656372592640
971359011420430336
971359754487566336
971360870298210309
971360978347708416
971361573104246784
971362086638014464
971362717419257858
971364333639864320
971365231266996225
971365233020231680
971365993040801792
971366261987926017
971366354916990976
971367474133389313
971367586234535937
971367658024263681
971367915315441664
971368504493592576
971368531131551744
971368777605615616
971369902668791808
971370107749437442
971372661178855425
971372790371799040
971374177096753153
971374493716402176
971374680505503744
971374917047472129
971375084853227521
971375997441454082
971376222935674881
971377142046117889
971377868809887744
971378186561998848
971378769725480961
971379300514574337
971379343946641411
971379434929336320
971380705853784064
971381508459171840
971381598573785088
971381693281075200
971381849401561089
971381920692080640
971382182320201729
971382348997525504
971382528576753664
971382845871656961
971383081537015808
971383240173826049
971383289607962624
971383669268021248
971384142809137153
971384443092037633
971385540921638912
971385567924707329
971385964630339585
971386725946798085
971387118940454914
971387139421278208
971387366454767616
971387740024602624
971387808836390913
971391785648959491
971392155838279680
971392654662602752
971394796446240774
971394844999417856
971395049115316224
971395151728861185
971395175212900357
971395715946762241
971395966229151744
971395985636315140
971396028682461184
971396622511783936
971396737775624192
971396967971545088
971396968202170368
971397119960600576
971397546307407872
971398202242019330
971398790757388288
971399294669508608
971399535154081793
971400896356655104
971401051571179520
971401309827059712
971401323194322944
971401531059818498
971401580007297024
971401727915319296
971402165502783491
971402271006306304
971402553815482369
971402991868809216
971403255413690373
971403908135510018
971404033238978560
971404442506612737
971404495358976000
971404871697141760
971404956468162561
971405262794969088
971405848152039429
971406483798855680
971407012436340736
971407285510660096
971407779721306113
971407842669465601
971407927344025602
971408094608740352
971408443985858562
971408632658219008
971408697682530304
971408924137213953
971408958903799808
971409293613371394
971409908041175040
971410489623367680
971410532296208384
971410798047387648
971410869702799361
971411234007474176
971411772019179521
971412084335497222
971412974287106048
971412994499411974
971413571773935616
971413829044375552
971414126252756993
971414230841876481
971414814395310080
971414961678376961
971415185532612608
971415976410464257
971416205729943552
971417405959430146
971417432924532743
971417493075095552
971417932390699009
971418448399077376
971418700942381057
971419153994219520
971419325784576000
971419773698543616
971420149722046464
971420357985996800
971420437665206275
971420484779888641
971421541933215745
971421865678966784
971422202578067457
971422226649141248
971422462780026880
971422538499837952
971422541599465473
971423416346591232
971425234426281984
971425439129440257
971425788535951360
971425965766299648
971426122092163072
971426408034643970
971426721064013824
971426887162564609
971427326847279104
971427620972843008
971428378770329600
971428636665491456
971429254520074241
971429894713462784
971430086388928514
971430401662124032
971431361507725313
971431510200012800
971432131271512064
971432455017254913
971432517516562432
971432697775230977
971432854256222208
971433351277105152
971434192407056384
971434520720363520
971434611954896899
971435363116859392
971435546521333764
971435695691755526
971435756383342592
971436416189124608
971436838979342337
971437024526983169
971437098178957313
971437103811883011
971437218391785472
971437255549124608
971437330472079362
971437374294167553
971437984255041537
971438224706101249
971438255018307591
971439331855536128
971439337589141511
971439653801795584
971439845951369217
971440328191434752
971440476237848577
971440484496404484
971440719218008067
971441049565630465
971441698315407361
971441762559553538
971441916989632515
971441966981570560
971442814008504320
971443558220693504
971443628542496768
971443732166914048
971443974476128257
971444379431907329
971444747087867913
971444762510323717
971444943851057161
971444977808171008
971445096775381006
971445836172455943
971446094721929216
971446343339298816
971446576706187265
971446745568657408
971447317474799617
971447842400284673
971448163818237952
971448394442072066
971448466336514054
971448638584033282
971448933078708225
971448945724575744
971449024241946624
971449678154911751
971449706600542208
971449876537053185
971450302225420288
971450507205079040
971450792296222721
971451077743841281
971451362541277185
971452245693771778
971452859773607942
971453459617796096
971453714589474818
971454182237573123
971454193511927809
971454201099415553
971454712955441153
971454882489274370
971454994477191168
971455259381059591
971455312954880002
971455907635908608
971456491034238976
971457306042011650
971457425759973376
971458326646132736
971458506074263553
971458868457934848
971459079330762753
971459550430756864
971459996708950016
971460421004783618
971460456408862720
971460476067549185
971460646410903552
971460723783151616
971461544704970758
971461736309116928
971461887429922816
971461991356403712
971462400204591111
971462682179264523
971462729990066176
971462930054176769
971463252646465536
971463387749240833
971463734844674053
971463769904820224
971464820225699840
971464849229262854
971464952472096769
971464986563366914
971465074161405953
971465101332148224
971465101470552064
971465793195167744
971466028789260288
971466871785574403
971466938361708549
971466940844773377
971466993449750531
971467031399845888
971467122755989504
971468108237017088
971468231868329984
971468628569837573
971468954202984448
971469591133245440
971470337916448769
971471300454768640
971471447460929536
971472670297538560
971472786215628800
971472976905293824
971473667245912065
971473711512637443
971473746019135490
971473837488447488
971473884523454464
971473920443469825
971473958859132933
971474179001339904
971474221653217280
971474264036651009
971474595457970180
971474759123984384
971474942620467200
971476023920545792
971476060327108609
971477986888372224
971478470202183680
971479079663923201
971479602387398657
971480919210168320
971480948054294528
971481294122246146
971481368009027584
971481431292760064
971481488087756801
971482541730484224
971482887311806465
971483042643574784
971483283237326848
971483402569506816
971483453739892747
971483549500170241
971484430232637442
971484815429169152
971485964924223489
971486532539437056
971486842687246336
971487547095420928
971487581291638787
971487917825654784
971487917825654784
971488454566727683
971488592966094849
971489197143089153
971489221738401792
971489339959017472
971489476974432256
971489527855566849
971489751936262147
971489974825598976
971490056295809024
971491381066813441
971491619437498368
971492004365590528
971492392057688080
971493140459933697
971493792636391424
971494325048750082
971494724925362176
971495390712393730
971495900379009024
971495981706604545
971496361974747136
971496745208369153
971496907108507650
971497677560143874
971497722644697089
971497871995437056
971498188942315521
971498572670750720
971498846458171392
971499034367184901
971500078660751360
971500590957199360
971500988875132934
971502059282419714
971502095303151616
971502100453699586
971502165314428928
971502683386507266
971502981953851392
971503041030557702
971503045371682818
971503287840145408
971503665608609794
971503808772759552
971504674506502144
971505085967667200
971505164623499264
971505477300432897
971505556438515714
971506855531991040
971507508459245569
971508525095620608
971508785700368384
971509069872795648
971509622979866624
971510050786304000
971510807677763585
971511038918234112
971511145541636096
971511172829728768
971511516020297728
971511631422291970
971511967864279040
971512714148360192
971512880368685058
971513315217289216
971513441973342208
971513837987024896
971513871235239941
971514004249174016
971514350904201216
971514433691373569
971514726390882305
971514784150638592
971515770177032192
971516211505844224
971516287443767297
971516603752906757
971517686164459520
971518824725078018
971518932136923138
971519912282746880
971520182907756545
971521101774942208
971521613416968192
971523508294574081
971523574900187142
971525800527826944
971528016118546435
971528407581372416
971528544168960000
971529434401517574
971529531189276672
971529996098572288
971530368749797379
971530384986034176
971530455790088194
971533152299683840
971533840186355712
971534157246619649
