953055349006741505
953055426303676416
953057239455227906
953059472120995841
953060156992090112
953064922983911424
953064966441127936
953066323776589824
953075341748260864
953075358668083200
953087477455249408
953088191808098305
953090061179998208
953096232951480320
953099456211234816
953102146593009664
953104382786142208
953111177038573568
953113363659329538
953116250867150848
953120890111299585
953121256362176518
953122226110427136
953123779277926400
953127863166873600
953128540995809282
953129405789990912
953129885622587393
953130802446991361
953132279135600640
953132498539728901
953132807274016768
953132847480664064
953133291657400320
953133490664607744
953133665655062530
953134072150228992
953134729095778306
953134863204302848
953136057524064258
953136566242893825
953137941345374208
953138122665193472
953139412090617856
953139988635545600
953141221798576128
953142074852995074
953142856503394304
953143830689255424
953143964743487488
953144040853209088
953144293505556480
953145121301848064
953145570654343168
953146204271112192
953146502821613568
953147634876903424
953147718179983360
953147913361862657
953147916717383680
953148115674116097
953148294464770049
953148567077769216
953149012579844098
953150193494609920
953151291542384640
953151514570297344
953151830464311296
953152155493523457
953152894739591170
953153559884976128
953153606546612224
953154249764036608
953155775010045952
953155797596409856
953155857650540544
953156539388440576
953156894088138752
953157113362206721
953157255482036224
953157321005391872
953157804273086464
953158008183427072
953158370210516992
953158438925864960
953158495062372352
953158690630139906
953158700893720576
953158785073217536
953158860596006912
953159229967339521
953159685066014721
953159802015965184
953160968778993665
953161071195541505
953161658905649152
953161890473095168
953161995343355904
953162541500387328
953162642545369088
953162954756775937
953163675468222465
953164699360747520
953165107269455872
953165222713462785
953165453257519105
953165635768463362
953165783638663168
953165983308566528
953166172542984192
953166718393815040
953167314492559360
953167688670564352
953168083052646400
953168481528303616
953168621513166848
953168888472244224
953168929614188544
953169173487804417
953169837962006528
953170302426591232
953170492634140672
953171056973500416
953171353120727040
953172223250063360
953172223250063360
953172550837784576
953173292264972288
953173484426981376
953174754705510400
953174895424425985
953175341912215552
953175496765923328
953175597487984640
953175979597365248
953176289883623424
953176736950378497
953177292003520512
953178094856269824
953178252146872321
953178895095861248
953179368452435968
953179566591365125
953179784636518400
953179812029435904
953180565221593088
953180687468724224
953181570831212544
953181742084624384
953181956145123329
953181997693853696
953182408584695809
953183469512855552
953184145609543681
953184886738866176
953185133229690881
953185171838259200
953185228138385408
953185508968058880
953185765797789697
953185946110963712
953186159907262465
953186353507913728
953188963258454016
953189078140366848
953189265667747842
953189621633970176
953189711748608000
953189877713121280
953189952396955648
953190334850355200
953190635615457280
953190700446814208
953191067427500038
953191107164295168
953191430155132928
953191878870134784
953192920055762944
953193161752547328
953193528909352960
953193627219582976
953193662296535040
953194020326531072
953194438997704704
953194440423813120
953194645298864130
953195701965606912
953195844752297984
953195923626168321
953196789414420481
953197113005010945
953197284719767552
953197305175343104
953197511019245569
953197587431124992
953197638219857920
953197953656803333
953198267973726208
953198300064374784
953198509481742336
953199267363082240
953199414419644416
953199603461054464
953199709182746625
953199740644220928
953200087051767808
953200153929945088
953201134600146944
953201241311662080
953201254976671744
953201662818209792
953201709165236224
953201999989833728
953202564367114240
953204030788030464
953204951601369088
953205038473732098
953205556608675841
953206389412974592
953207265141673984
953207684370706432
953208132049698816
953208624666546176
953209013273022464
953209795850403840
953210091670470656
953210383560511488
953211195598794752
953211541867855872
953211573320998912
953211903148417024
953211989869940743
953212402618822656
953212787710398464
953213063532023808
953213102039928833
953214782684966913
953215012931358720
953216227870150656
953216380891000833
953216496964161536
953218080695574528
953218426763345920
953219229406367744
953219627760455680
953221193213112320
953221539150708736
953221670000627713
953222253382111232
953223353044799488
953224224780574720
953225538944020481
953225977596964864
953226157830344704
953226920413618176
953227365043273729
953228305234300931
953231383220154369
953232353895297026
953233424822632449
953233645975883776
953233657107505153
953233734924488704
953234382038462464
953234541799464962
953234592764325888
953235133481484290
953235416399863808
953235470300856320
953235636294750208
953235749893177344
953236879423414273
953236965272498176
953237345440092160
953238010186878976
953239963075784705
953240684340924418
953240940424122370
953241753762631682
953241935241732096
953242047510728704
953242588420694016
953242670125764608
953246674406830081
953246726026153984
953246993756782594
953247114498396160
953247508557455360
953247930420547584
953248279659208704
953248298026127361
953249025414893568
953249032046108672
953250131540766720
953250463356465152
953251457905676289
953252128784515072
953253323343351809
953254049033330688
953254054498590720
953254531416121344
953254853974872064
953254962347364354
953255982657953792
953256342776664064
953256967140794368
953257238709391362
953257285056385024
953257379726069762
953257532960669696
953257678280773632
953259586479370240
953260430620872705
953260981211357184
953262042605064192
953262142639177728
953262416103706625
953262560194781184
953263521348767744
953263729524736000
953263993916968960
953264226449096704
953264245776486400
953264723264450560
953264869595402241
953265404876591104
953265621021745155
953265720149897216
953265720531578880
953265990808276995
953266207393767425
953266248514752517
953266461056827392
953266526697668610
953266722194247680
953266989677662208
953267454091898880
953267650314072064
953268189294743552
953268226368180224
953268545282101253
953268711405867011
953268846709870592
953268874862104578
953268980776611840
953269075094003713
953269171344891906
953269339624497152
953269535301427205
953269641727619073
953269698208190465
953269791720136705
953270218528296960
953270552411672576
953270675392868352
953270708775342080
953270852484812800
953271343079940096
953271784299622401
953272189163327488
953273184651952129
953273593617698817
953273988616245249
953274162612596737
953274458336317442
953274669322440706
953274766491779072
953274854412816384
953274947803246597
953275198668705794
953275256105586688
953275535672692736
953275558191947776
953275967425908736
953276711596167170
953276774397378560
953277404428034048
953277495905746944
953278465104662529
953278622294511616
953278997739253760
953279174063656960
953280854150860802
953280911541334017
953281168903831553
953281501520650240
953281670584651776
953281750502969344
953281906958848002
953282162199007233
953282393061974016
953282474259501057
953282574738182144
953282721387859974
953282884479176704
953282952280014850
953283510604845058
953283769707966464
953283813194510336
953283903523049472
953283993742528512
953284596128473088
953284713870954497
953284930527735808
953285149873135616
953285167728250881
953285405612396544
953285437661089793
953285440336998401
953285626459230208
953285796819324930
953285807292416000
953285960359399424
953286427206397955
953286452216872960
953286546534424577
953286605732802560
953286679569235969
953286944229920769
953287104158674944
953287139336302592
953287384266833920
953287529536647169
953287567490895873
953287620691406848
953287762643316738
953287828863102976
953287965333164039
953288425901379584
953288727924805632
953289963642212353
953290178352775168
953290351598546944
953290572625797120
953290838427267074
953291384466935808
953291413613146112
953291680618373120
953291695386513408
953291856242200576
953291913280532480
953292017521643521
953292017521643521
953292661271691265
953292751034114049
953292800665309184
953293204845203456
953293221316235265
953293689815818241
953293828571783168
953295799458369536
953295829791625217
953296105533526016
953296230905536512
953296295200018435
953296471411085313
953296563715084289
953296688306933760
953296756858671104
953296765347753985
953296798650716160
953296850987216901
953296956704612352
953297183276716034
953297410654179329
953297526819606529
953297988075614209
953298329198366720
953298894888185856
953299262904913920
953299288850862080
953299329976020992
953299349647384576
953299446095368193
953299483781140480
953300154601353216
953300902936489984
953301394433470466
953301463769501698
953301570254458880
953302265531641856
953302714112454656
953303629737406465
953303793931780101
953304169179484162
953304229623619585
953304710601207808
953305292749656064
953305313226252288
953305597583265793
953306122538102785
953306321956286464
953306727847546880
953307421677641729
953308114262151168
953308395829940224
953308482589134848
953308590802198528
953309422968852481
953312269152251904
953312556634050560
953312839128813568
953313558237937664
953313670972534784
953313849066885120
953313983037169665
953314483203706880
953314557392576512
953314751131549698
953315015393775617
953315271359516672
953315378192674817
953315661220122625
953315998937092098
953316289568804864
953316436214198272
953316522100838400
953316700635783168
953316943276199937
953317178803138560
953318379955273728
953318554484568064
953318765357355009
953319071721902081
953319379260858368
953319916039561217
953320077553741824
953320202770571265
953320406143954944
953320963424186368
953321135843762176
953321543815352320
953321921407528960
953322233413472256
953322493854482432
953322636678922240
953323049415258113
953323065366151169
953323266940260352
953323402810544128
953323435358392322
953323652187082758
953324247837003777
953324323057668096
953325643684548608
953326120769871872
953326169209868289
953326464652464129
953326923702325255
953326969680285696
953331548207636480
953331919306997760
953332279669088256
953332584406274048
953332795253936128
953332825784274944
953333293155577862
953333401821605888
953333478652825600
953334041071292417
953334424615243777
953334676587937795
953335876284796928
953336511340085248
953336552834428928
953336957106638848
953337241509810177
953337530455293952
953338113539092480
953338931361255425
953339164895907840
953339291400327171
953339706208608272
953339709094318080
953339996450250752
953340167686942720
953340259844218882
953340493911478272
953341245555953664
953342202628968448
953342253019418624
953342302545641473
953342331419283456
953342388780617728
953342440290873350
953342487300661248
953342577415217155
953342701348548608
953342980668215296
953343051648372737
953344092653662208
953344175109320704
953344273126166528
953344315601891330
953344384656904193
953344596150571009
953345437729255425
953345895856332802
953345987854131205
953346302972133376
953346557709111297
953346568891064320
953347661167562752
953347765811236866
953347930404147200
953347994039984128
953348421082951680
953348559855906818
953348749895577600
953349363153145857
953349844101419008
953349905095036928
953350191268225024
953350446600638464
953350587126599680
953350630910898176
953350778013536258
953351047979962368
953351279463591937
953351855228276736
953352698132344832
953353344726290433
953353817483030529
953353884302487552
953353995313188865
953354003970166785
953354774363148290
953355502150438917
953355757810044933
953356801130549249
953356919904841728
953356996819996672
953357350320173057
953358115084304385
953358202481139713
953358631524798464
953358834675994626
953358853952897024
953358907069599750
953359073646448646
953359348679495680
953359556003983361
953360461101223937
953360516285530112
953360571629481985
953360713770258432
953360730761416704
953360730761416704
953360803331223553
953360917303058432
953361027260997632
953361132856672256
953362503005868034
953362959723614208
953363783002591233
953364965691453442
953365020489998336
953365177235333121
953366301283635201
953366735272513536
953367042496790528
953367142493143041
953367773677326337
953368174183010304
953368258379419648
953368617269198848
953369130505310209
953370165365952512
953371175773761536
953371925941751813
953372881471320074
953372902941974528
953373088980217856
953373277883392000
953373479763574784
953373516707049472
953374018979139586
953374184851345408
953375058935689216
953375081484509184
953376583275991042
953377778447069184
953378089236606981
953378206840774656
953378355335790592
953379113225646080
953379248219172866
953380597220691968
953381587101548545
953381665610530818
953381894309203968
953382188099227648
953382546896801792
953382569743175686
953383323488935936
953383519434223616
953383653744234497
953383764759121926
953384304050139136
953384638407462912
953384638407462912
953385080474554368
953385276411432960
953385406854287362
953385582415278080
953386605141635072
953386851016028161
953387177165156352
953387198853926919
953388451457650688
953388473528078339
953389666811641856
953391112118554626
953391360740151296
953391527388119040
953392194227974144
953393087111458816
953393800545751040
953394343896866822
953394764937822208
953394902523576321
953394919762268165
953395982259146757
953397263342231552
953398553333981184
953398985947013120
953399162523017216
953403277919563777
953404095703977985
953404323538587648
953404596562653184
953405123044282368
953408163885277185
953408778438893570
953409117678374912
953409699000602624
953410595054858240
953413695819866112
