970448914783621122
970449135437565953
970449442057879553
970449465713807360
970449981504147456
970451908610744322
970452398891257856
970452722683207680
970453195783798786
970453807510540289
970454392938942464
970454396843806720
970454799681576962
970455004812324870
970455675817033728
970457198156492800
970457360031416320
970458182341615616
970458975379623936
970460767635017728
970462850039844865
970463927674003457
970466320595734528
970467817962332160
970470967964241920
970474615532224512
970474671681556481
970475143452643329
970475718034575360
970475823185760257
970476448720084992
970477738162294784
970478920146579456
970481594145394688
970482317482496001
970483631662747648
970487131981406210
970488067839623168
970488315701899264
970490403911761922
970491086367088640
970492226060079104
970496085729992706
970497083982667778
970499065317380097
970500153776967681
970500505154834433
970502860067676161
970502981501284352
970505330009387009
970509490561998848
970513142018199553
970514357099679744
970515648546779136
970520258141413376
970520670642716674
970520768495915008
970522334690988032
970523829616463872
970524405355905025
970524629235322881
970526284450287616
970526462112608256
970526721777774592
970526987344400385
970528593146187777
970530486106943489
970531062391758853
970531482124111872
970531567876608002
970532386478882818
970532811940814849
970533493292838913
970534185390804992
970534293003997185
970534860954783744
970536020021301248
970536353061572609
970536378252578816
970537097932271616
970538539808116736
970538837226082304
970539225681625088
970539847776534529
970540044816732161
970540076508868608
970540552218390529
970541582138126336
970541960187572224
970542821928259584
970543077432717312
970543696478461954
970543883120791553
970544416246173696
970545425081077760
970545438179954688
970545830292836352
970545871946436608
970546568062537728
970546651449393153
970547077158768640
970547204829204481
970547387881140225
970547664428388352
970549155771965441
970549821240115200
970550194961092608
970550371352498177
970551650069942273
970551804227399680
970552391912361985
970552854896435200
970553267410251777
970553910162284548
970554309749374977
970554430419603456
970554687421378560
970555479498919936
970555638333034496
970556259702329344
970557007026642944
970557261214093312
970558346343395328
970559163494535168
970559497147215872
970559667960205312
970560908694097922
970560933692149760
970561845546422272
970561941646249984
970562220445847552
970562472808734720
970562875285753856
970562887243661313
970562948866306049
970563438694060032
970563571984760832
970564464474025984
970564687216734208
970566267437535232
970567659942301697
970568730509037570
970568782392496128
970569311977984000
970569437555421185
970570003337576448
970570421518168064
970570489390419970
970570715559813120
970570747792965632
970571129747210242
970571129747210242
970571336534736896
970571491107622912
970571647043457024
970571864845275136
970572007086673920
970572097360625664
970572680461193217
970572757363773442
970575120011022337
970575381098127360
970576672507473920
970576704241590272
970577208292069376
970577341327069184
970578260026327040
970578665422585857
970580203134124033
970581138879135744
970581215563730945
970581532523008000
970582355109916673
970582534944903168
970583441547976705
970584110618955776
970584268509458433
970584496335712256
970586087218270208
970586640237449217
970587121848340481
970587138881331201
970588830104457216
970589529500536832
970591559241617408
970593290046320640
970593306924273664
970593336464740352
970594358876688384
970594456247373824
970595491712028672
970595576827056128
970596309001494528
970599030677008384
970600904834605056
970602733903466496
970602753348243456
970603334573936640
970603952470417408
970604082959282176
970604404830277632
970604986676793344
970605086018809856
970607874794840064
970608130945101824
970608482020937728
970609163461013504
970609532790542336
970609783173599233
970610071427272704
970611318725251072
970611426082648064
970611505296224256
970613117037219840
970613533925720064
970614104581902336
970614445180366849
970614939114229760
970615346557276160
970615558529044480
970616342289223680
970616421745967105
970616738902659073
970617508351881216
970619958454554624
970620628041641984
970620923295535104
970621011891699712
970621058884734976
970621166850322433
970621476830408704
970621649006379009
970621663053275136
970621756166811648
970621773732392961
970621886584512512
970622441776140289
970622613864222720
970622770391511041
970622904139476992
970623792803442688
970623828052332544
970625363687731200
970625441353601024
970625941994070022
970627863966834688
970631026786623488
970631459139674114
970632109659426817
970632146544201729
970632475708936194
970632851547918336
970633286295814145
970633552781107200
970634256165867520
970634678058315776
970634966341246977
970635439978754048
970635695613251584
970635713078349824
970635756577443840
970635829830979584
970636555139284992
970637382390202368
970637950714286080
970638499152932864
970639563570991104
970639630633758723
970639865086971906
970640118074826752
970641151622512640
970641194375098368
970643331926691840
970643627893559306
970644093347946496
970644184586735616
970644493870432256
970644662523482113
970645867089850368
970645990670786566
970646029371625472
970646230903803905
970646524463144960
970646814494949376
970647418147622914
970647986073202688
970648093493551104
970648740859142144
970649062587367424
970649456143106048
970652069941202944
970653805778997248
970654053670752257
970654888781737984
970655597489283072
970657179752689664
970657831165874176
970657911377661952
970658791112003584
970658831091957760
970658917909966850
970659707386871810
970660011541192704
970660299949912064
970660871889399808
970660953808228353
970661209757376513
970661326384189440
970661458521526272
970661473654591488
970661869236162560
970662377761988608
970666197212688385
970666510938230785
970666562993774592
970666868167102466
970667297416400897
970667364126789632
970668076608897025
970668111014883328
970668662297329664
970668724612198406
970669453276000256
970669712068800515
970671298572677120
970671822478823424
970672205230034944
970672273697968128
970672340874027013
970672515931688961
970672543328866304
970672668637843456
970672861030551553
970673516990402560
970673601967017984
970674323303395329
970674461144944641
970675337007960065
970675556751675392
970676162518282240
970676664496779265
970676866033037312
970677492813062145
970677558567231493
970677774598987778
970678356239962118
970678377773518849
970679031124430848
970679493781319680
970679538765135873
970679686626988032
970679969201381376
970680045562933253
970680288258023424
970680612968456192
970680681180418049
970680852207284225
970680895098249217
970680904199868417
970681242139185152
970681325480005633
970681432602537984
970681548067561472
970681671371689984
970681809091612672
970682321606242304
970682885618438144
970682889204588544
970683006947155970
970683209095831556
970683285100728320
970683431540723712
970684067250429952
970684905297448960
970685120607870977
970685488364511235
970685803713179648
970686315124658177
970686478027280385
970686593425027072
970686801877831680
970687134658162690
970687389256572929
970687475394936832
970687522144772096
970687543443443713
970688359977967616
970688552936730624
970688777029959681
970688883884285957
970689766353235968
970689912453378049
970691106680733696
970691247462600705
970691311702560768
970691513515724800
970692251759366144
970692489517699072
970692714441379842
970693469911048192
970693917372026880
970694687345512448
970694972495290368
970695125797097473
970695744071065600
970696962830938112
970697213444845571
970697762118369281
970697843097915395
970698131590479872
970698452320555008
970698682084548609
970698750476931072
970699252556075008
970699547407273985
970699576607944705
970700617139159040
970701522811150337
970701574698881025
970702005508419589
970702200199622656
970703000015724544
970704138186182656
970704186357747712
970704290909126661
970704337151451141
970705112334262273
970705447660544001
970705597183217664
970705764892401664
970706081155637248
970706567061438465
970707245783703552
970708157650624512
970709307711938561
970709889956925447
970710767245910016
970711000302411777
970711065469206530
970711472849506305
970711652596441089
970711827914133504
970711888794472451
970712145993355264
970712552467501056
970712853677256707
970712879338057736
970713143252082688
970715037311623168
970715231935782913
970715302634971136
970715443542544384
970715761772810240
970716133149020161
970716625530949632
970716627024179201
970716919618834432
970717180340899840
970717510822703104
970717647418650624
970718407556583424
970718630349627392
970719249676357634
970719537061613568
970719553645891584
970719808567291904
970720423972425730
970721127722094595
970721191462866945
970722272095997952
970722301971922944
970722621586321408
970722668310925315
970722761348931584
970722973958262784
970724511925620736
970725732577050625
970726030142033922
970726468857876482
970726887545888768
970727200960995328
970727991482441729
970728618719612928
970728748340391936
970728981631774721
970729110522810371
970729981117595648
970730394923487232
970730827163295744
970730834692050944
970731191656701952
970732456981745664
970733013779795968
970733684184764416
970733687682879488
970734088503136258
970734323761668096
970735703423414273
970735926518325248
970737333694861313
970737821605605378
970738333398786054
970739205763674114
970739241247485954
970739614452469761
970739954744733696
970740505813442560
970740510838140933
970740613292462080
970741155137839105
970741186867662850
970741663147724801
970742033974472711
970742067650539520
970742164551585792
970743029018648577
970743315577655296
970743831875506176
970744444231221248
970744604743098369
970744756857987072
970745474096467973
970745748013928449
970745783610953728
970745812371300357
970746047931867137
970746328790773767
970746712112484352
970747602869391360
970748378136104960
970748500052008960
970748955435917315
970749438003204097
970749508379402240
970750456912859140
970750607941304320
970750804469665793
970751758879395840
970751820992692224
970751943017721859
970751952324874243
970752005865078784
970752326838386690
970752345213669376
970752677595492353
970753104542134272
970753416707432453
970753417743360000
970753622094024704
970753848720715776
970754139625066496
970754971720388613
970756406046527488
970756556123004928
970756590373662720
970756819374264320
970756899053428736
970757368593215488
970757547211845634
970757640082133005
970757927551291392
970758939649376258
970759146512502785
970759523295219712
970760004297986050
970760144719147010
970760335857782784
970760914235461639
970760947827662848
970761559235579905
970761897174863872
970762877450649600
970763621906120704
970764118721363968
970764371688415232
970764766166814720
970764863722131456
970765337464537091
970765612975841281
970765652691750912
970766009127796736
970766518190575617
970766718607003648
970766730065784832
970766949050302464
970767121616703489
970767343642202112
970768111636041729
970768695696994305
970768852031242240
970769171595382785
970769335043190785
970769726149455873
970769767224102912
970770008585404417
970770325142204417
970770388425768965
970772149710581767
970773119509164032
970773126119411712
970773616450301952
970773990892548098
970774053479960578
970774678263525377
970775617821184004
970775820502491136
970776074413137920
970776298770530305
970776852531998720
970777189741449216
970777396864540674
970777573398638592
970777810406166528
970777945924128768
970778827382317057
970779322918277120
970780333846151168
970783197557657607
970784762347622400
970784919956967424
970785078136770560
970786162280419328
970786399434797059
970786917188071424
970787072255676417
970787210277552135
970789211551956992
970789982293168132
970790432606220295
970790604136484866
970790624843747328
970791466216968193
970793355973099520
970793394401431552
970793589193179137
970793868424859651
970794073358524417
970794345396948993
970794760905658378
970794862621675521
970795685493772288
970796042143838214
970796687206879232
970797617486548992
970799564939780097
970800588639363072
970800954718216193
970802284652388357
970804395049996288
970805405961146369
970807950129467398
970808779792175105
970809069333352450
970809609127628800
970810200289660929
970810970401656833
970811022234693634
