962476293488087040
962476973720264704
962477155186769920
962477162530942976
962477934777896960
962478824964395009
962480179225522179
962481434849153024
962485877715939330
962486465619021824
962487301925425153
962492106693578753
962492719024300033
962493109161680896
962493239533146112
962493584233717760
962494979879981056
962497293462261760
962501403032932353
962503337869496321
962506871079923712
962513929565073408
962515600768724992
962517472334237697
962518374105473025
962526837560791040
962528115661725696
962529026983284738
962529076035641344
962532765139914752
962541747934031872
962543232239521793
962544910808289280
962545052298997760
962545886881566721
962548618090745856
962549495845154816
962549547061923841
962550427031080960
962551355671040000
962554237468192769
962556063127138304
962558762342076416
962560405754339328
962563218030911489
962564700906180608
962565995838701568
962568702427369472
962569792166141952
962569918943236096
962572110295072768
962573010749321216
962573218178633728
962574631885565952
962575753132019712
962575944170033152
962576480546017280
962576624683245569
962577158932582400
962577392735805441
962577887479123968
962579550721925120
962581508446826497
962581758242840577
962582012107214848
962582565269000192
962582775051071488
962583763459936256
962583908922650625
962584045942202368
962585551923744768
962585706827796481
962589422788206592
962591490135543808
962591820009132034
962595690261237761
962595913972834304
962598357628694528
962598613313449986
962599341507702784
962602364170657792
962603050929213440
962608734336962561
962609125296345088
962609271329435648
962609569406078976
962609790718496768
962610518270906369
962610523656343552
962611067301040129
962611196393349120
962611420822110208
962611528280297472
962612925075660801
962613032718389249
962613224288944128
962613313690652672
962613428392288257
962615201597071360
962615636554743809
962615839726948352
962616465680551937
962616628688162816
962617463165898752
962618239737057280
962618468481761280
962619241353699329
962620132336992256
962620441130098689
962621530520870918
962621730849247232
962621797672693760
962622141844860928
962622197960466432
962624073170898944
962624366780575752
962627070751858689
962629162690334720
962629242683981824
962629454081257472
962632051856891904
962633351818563586
962633608786833408
962633819789709312
962634035146248192
962635237606932480
962635447049621505
962635794379956224
962637267574644736
962637789828349952
962638253806505985
962638752324771841
962639310276235265
962639745607196673
962639870001909761
962640260957196293
962640353529614337
962640439080837120
962641114368004097
962641813155692545
962642073378787330
962643227554779136
962643639661887488
962643741457596416
962644073952751616
962644253196382208
962644492196163584
962644642129989632
962644746484109313
962645142363615233
962647934142697472
962647958750748672
962648911272804352
962649163262390273
962649256690462720
962650414415077376
962650784562319360
962651626317189120
962651728255602689
962652219509231616
962652819592445953
962652995409326080
962654809718509569
962654866064723969
962655467565670400
962656479680622592
962658645715636225
962658682382311424
962660221427515392
962661107889508352
962661134292733952
962662093056020480
962662180549210112
962663183969411072
962665229623709697
962665757099245568
962666033109700608
962666751111688192
962668945756041216
962669511425085440
962671256071036928
962671785266307072
962672095632248832
962673260134584321
962673474874593280
962675120048431104
962675629295579136
962676148047097857
962676172583768064
962676198886297600
962676238761582593
962676838395981824
962676923355881472
962678516826308611
962678932481945600
962679696432484352
962679997029847042
962680006261592064
962680123282599936
962680153917874176
962680263993159682
962681079944663040
962681177554542592
962681332949307394
962681413496602624
962681621085347846
962682278706065408
962682605127659520
962682854361546752
962682941569687552
962683919798808576
962685163359604736
962685232435683328
962686212917121024
962686465103876098
962686527162773509
962688944193327105
962689400160378880
962689917301248000
962690864257687552
962691069308751873
962691246413303808
962691581844258818
962695329387859968
962696205129207808
962696576232841216
962696932928958465
962697584635731968
962698129014390785
962699292510171136
962699434642505730
962699476300267521
962699703363096576
962700130729254917
962701559779024896
962701696894996481
962701782492368896
962702435679723526
962702535768313856
962702632518324224
962703246983946240
962703580133253120
962703810652266497
962704523335815169
962704564192534529
962705569516748800
962705683409002496
962706270456295429
962706345404268544
962707256822435842
962708959726469121
962709350560256000
962710019195142145
962710034865156096
962710198308753408
962710909788590085
962711399062474752
962712621798617089
962713110409773056
962713360130367488
962713610870054913
962714547760041985
962716320159715328
962716327117930496
962716459838263296
962716539815276544
962716996088553472
962717027570999306
962717904193179648
962718202844229632
962718210536730626
962718269189877761
962718345069023233
962718726410948608
962719624377888775
962720436659335168
962720473380540417
962720727765078018
962721000105365504
962722503658438656
962722565713260544
962722583341883392
962722649724997632
962722977153392640
962723731025137664
962724535530377221
962724615536640000
962724626102194177
962727051466854401
962727196287688704
962727392644091905
962727736749019141
962727822962905088
962727899693572096
962728612364541953
962728692429533184
962730181130637312
962730853393682436
962730933890748416
962731470799417344
962731541561475072
962732411212660738
962732654436200449
962733028396163072
962735536665518081
962736286451863552
962736386616037376
962737180295737347
962737230455431168
962737603593285633
962737637038706688
962738449148207104
962739678385508353
962740305912057857
962740312144834560
962740486065868800
962740571986161664
962740722100330498
962741006243434496
962741323966173185
962741498348482560
962741841459384320
962742201540317185
962742221043879936
962742399721197568
962742597453271043
962742654579638273
962742725929046017
962744149375176704
962744397577166848
962745012281896961
962745082507091968
962745148043128834
962745473068134401
962745916930306049
962747353999577088
962747757684543488
962749074205302786
962749175569010690
962750388888891394
962750754326007808
962751100255457285
962751279545114629
962751739500941312
962751836179529728
962752009249153024
962752744539983874
962753602396835841
962754196842991616
962754357509984256
962754998374486017
962755125138800640
962755789722136576
962755964263903232
962755998401343488
962757105894772737
962757144532701185
962757443385266176
962757797535510528
962757812731502592
962758054856011777
962758456829710336
962759297653510144
962759568572010496
962759916925661185
962760205066006529
962760480707235841
962760691978555392
962760996296298498
962761852018135040
962762150245732352
962762381628764162
962762618418077696
962763283232165889
962763684555776003
962763895638196224
962764052203212801
962764463618314241
962765066499248129
962766319014875136
962766891000492032
962767101630042112
962767417289138176
962767760223764481
962768025777852416
962769085779070976
962769143513649152
962769587040407552
962769952523587584
962770580809437184
962770778726064128
962771096822001664
962771314040885249
962772221969215488
962772443705348096
962772578581479424
962773880711647233
962774074815668225
962774237646938113
962774799834640384
962775554285096965
962775581602516992
962776020742017024
962776425311997954
962776819127803904
962776925038145536
962777534814412800
962777544201261058
962777660056317952
962777676116357120
962777871734509568
962779261391302656
962779923499966465
962780039015215110
962780099798958081
962780196423262208
962780201863098368
962780207773110272
962780234150969344
962780255902629889
962780266967257088
962780288991580160
962780317688975361
962780438736629762
962780856904507393
962781155413102594
962781296404594688
962781847821410304
962782409942032387
962782996741935110
962783030678114306
962783115939901440
962783879311646720
962784049491308544
962784085998436352
962784327410036741
962784435035918341
962784471819878400
962785072297533440
962785745768415232
962786214737784832
962786368693919746
962787649789612037
962787651152695296
962788030238150656
962788238502125568
962788659526332417
962789117414334464
962789304291426305
962789852856115201
962790073342324736
962790469154627584
962791315695132674
962791565319135232
962793006481989632
962793131153424392
962793412796743680
962793685904756736
962794911883038721
962795441799737344
962796172405542912
962796282384404481
962796379021238278
962796592242872320
962797102328934400
962797106015633408
962797309137473537
962797591749648389
962797747526127617
962797786327650304
962798094516740096
962798274049699840
962798903920939008
962798966676115456
962799802537988096
962800104498397184
962800344010051586
962800417846497290
962800792750174214
962801304375447552
962801731368357891
962802008280457217
962802351953338370
962803273752350721
962803550043693057
962803926172164097
962806720258019328
962806912562626560
962809369929900034
962809427287068673
962809616848642048
962810654934650880
962812384694988800
962812961915068416
962813275284090880
962813376530407426
962814285629050880
962814406538203138
962814490369806337
962814955572678657
962815390438043649
962815969578987520
962816129193381890
962816303382843393
962816429803352064
962816596774400000
962816673320521728
962817158265876481
962817277077975040
962817339199717376
962817647091044352
962818055620497408
962818749580660741
962819030280228865
962819055462879232
962819613208862722
962819654107455488
962820041371680768
962821527946366976
962821828598120448
962822682160099329
962823973745627137
962824608364810240
962825836087922688
962826298316869632
962826626936471552
962827174339317761
962827733884686337
962828154959286272
962828321217228803
962828361168023552
962828712910651393
962828830208651264
962830267521085440
962831458732793862
962831622688165889
962831829123420161
962831880491077634
962832220913364992
962832258016169984
962832390984032256
962834266299256837
962834880005656576
962835803385810944
962836353984729088
962836423052349440
962836579587973120
962838234794549250
962838472334692352
