954503993237082112
954504042687840256
954504683804155904
954504941510553600
954505808905211904
954505871106682880
954506781337808896
954507227724906503
954507259316441089
954507431639384064
954509059763376128
954509387393007616
954509733217685504
954509889073745921
954510060549525504
954510417744793600
954511643345596416
954512255290363904
954513046315020288
954514837517815808
954515117303128064
954516390198808577
954518219397754881
954519810892877825
954520239642988544
954520671924686848
954521753539268608
954521817959583744
954522977634275330
954523178516271104
954523394501824513
954523499607011330
954523697389408257
954523971671724032
954524000935383040
954524086138556416
954525272015036418
954525382262345729
954525642980233217
954526256145534977
954528074481225728
954528149307523073
954528407618023425
954529522925350912
954530278013272065
954531526942904320
954531605942558720
954532005483606020
954533876256395264
954533878395523072
954534805366038534
954535002045370368
954536160721801218
954538398127132677
954539164178972678
954540841296687105
954541479762022400
954544834479566848
954549246593847297
954549358413926403
954550588041256961
954551780452589569
954554069158453249
954555122813718528
954555701543698433
954556277048463360
954557332729597953
954560038097637377
954561128167854081
954562827037106176
954566246460248064
954567237268013056
954567351168655360
954567692152848384
954567840190910464
954568609552044032
954569191427682304
954569843046432768
954570216591142912
954570498406604800
954570826774466560
954571062251016192
954571691904073728
954572488637403137
954573929095618560
954574335947124736
954574770363879424
954575357801312256
954576202437623808
954576835509178368
954577189093236736
954578062640893952
954580243196596224
954580449493471232
954581261460242432
954581836017041408
954581944318287873
954582639499010051
954582953044140039
954584206436388865
954584583592390656
954587100493570048
954587986762567680
954589255837372416
954589757610381312
954590469358542848
954591308995268608
954591845090316289
954598365655977984
954598547059564544
954598656811905024
954598871187034112
954599296925609986
954601469499576320
954603627620028416
954604320061902848
954607135572230144
954608065336274944
954609192483962880
954609249845424128
954609480204824576
954609601328140288
954610460971753472
954610632552153088
954610713712095233
954610826845081605
954611593924374528
954613016867328000
954613497052229632
954613748098101248
954615238812303360
954615816737173504
954615926497992704
954616051463000064
954617324392329216
954617705985953792
954617767969292289
954617835850027008
954618649729470464
954618725101162496
954619525462462469
954619859958190086
954620282915966976
954620831761657856
954621114692636672
954621252362293249
954624573114343424
954624912190255105
954624917856817153
954625428723060736
954626451080466432
954627320056344577
954629654580727809
954629950547681280
954631051334299650
954632885880881152
954633370432167936
954633883475218432
954634153072447488
954635669359484928
954635878240014336
954636612289421312
954636616475308032
954637713692602368
954637731686178816
954637776703688704
954638646040293377
954639094289661952
954639219976175616
954639321746886656
954639339950170112
954639491108605952
954639799394152449
954640243067703296
954640615895191552
954641597806841856
954642004549554176
954642014838185984
954642485686558720
954642538492776448
954642589256384512
954642812506697728
954642956669128704
954643201184419840
954643547130605568
954643783102197761
954643936538169345
954644492769902592
954644782927794181
954645126185410562
954645500321583104
954645682299817984
954646638261391360
954646875570917376
954647335694368769
954647553013899265
954648358936809472
954648491527213056
954648964426498048
954649073331720192
954649111382364160
954650029599453184
954650369610665985
954651516022878208
954651762882904064
954652241725706240
954652427894091776
954652438602055681
954652700523794432
954652961094946816
954652973308743682
954653125167677440
954653410221010944
954654311400787969
954654374965497858
954654680554049536
954655069059928064
954655482987327488
954655531410579456
954656800049070080
954656864234598401
954657205474775040
954657627149078529
954657948273401857
954658229145014273
954658512713539584
954659106463408128
954659340480385024
954659345291272192
954659468230479872
954659543392272384
954659592201474049
954660041923223552
954660113389891584
954660206868418560
954660371239002112
954660399579836418
954661062405709824
954661302495887360
954661337140953090
954662236118814720
954662294373494785
954663291279826944
954663392060551168
954665593285873669
954666310859882496
954666672559882241
954669157274005504
954669249909395462
954669745059586053
954670007996297216
954670500449529856
954672586868318208
954674137389260800
954674240740995074
954674689560989697
954674983309139968
954676020447244298
954676583037657088
954677667898458113
954677712081301504
954679123259015171
954679149628715008
954679426104557569
954679668082401281
954679854242332672
954680676359507968
954680865849856001
954681159103012864
954681212781715456
954682157414350849
954682591881416706
954682650115047424
954682798216007681
954683676037668864
954683722430910464
954683809093570562
954683957731356673
954684067752103941
954684570246447106
954685318904598529
954685976697327617
954686036369649664
954686690907578368
954686989542068224
954687230190211073
954687881741774850
954688893756035072
954689410091638784
954689585937707008
954690068186361858
954690529660465153
954690607389265920
954690965276635138
954691419356188672
954692230559739904
954693097644052482
954693200161202176
954693661769568256
954693772033646592
954694003559227392
954694048991899648
954694854348627968
954694971025747969
954695065011654656
954695134045618176
954695222419738624
954695488183459840
954695513512824833
954695679062011904
954695857168842752
954695904031846401
954696039369461760
954696070893797376
954696127667953664
954696274099437568
954697040113659904
954697857130549249
954698188199514112
954698197292732416
954698230306140160
954698475828113408
954698718611197952
954699046693765120
954699062426685440
954700168602857472
954700889679425536
954701447324684289
954701940457463808
954702267386679297
954702696195518464
954702884519718912
954702967206268929
954703042464616448
954703072831442944
954703130423422976
954703720461295617
954704057410695168
954704092110245888
954704669686878209
954704908598628352
954705418797899777
954705728836653056
954706309231804416
954706912678948864
954707574150049793
954707597579317248
954707900211056640
954708358367535104
954709697386381317
954710167639220224
954710217538916352
954710401488510976
954711134459764736
954711336507920385
954711745670639621
954712208424005633
954713057216925697
954713360330903552
954713573112020992
954713628606857217
954714158037073920
954714317076795394
954714328241987585
954714728865124352
954714875569364992
954715966369423361
954716076675358722
954716093570060289
954716378312970240
954716575369711616
954716687680630785
954716704952782848
954716854290821121
954716859768729600
954716995491999746
954717269376032769
954718054818164737
954718714464792576
954719022268010496
954719023488528384
954719912026673153
954720115936948227
954720585560535042
954720627222614016
954721592382193665
954723240710045696
954725016465059840
954725447954296832
954725586009821185
954725866193539073
954725916864925697
954726301293862913
954726749065146368
954728368880193542
954728538288029698
954728596123344897
954730350416203777
954730454128693248
954731120809082880
954731125292916736
954731570941906944
954732617374601216
954733239985254400
954735117657952258
954735552363991040
954736001733230592
954737032152064000
954737327120797696
954737672857190400
954738012977582080
954738358965633024
954738938312237056
954739062853853185
954739853509488641
954740431849443328
954740678910672897
954741211138592769
954741336418209792
954741887251963904
954743067227181057
954743299843280896
954743802467627009
954744691710447616
954744863949557763
954745078387441669
954745085203271682
954746454672859136
954746535954305026
954746700601745411
954747012276244480
954747106429997059
954747408096923654
954747470520647681
954747486022897664
954747608970465281
954747987674255360
954748128586059776
954748256210255874
954748282747592704
954748498683006976
954748638793797633
954748714471645184
954748771409321984
954748875364945920
954748884630278145
954748908256858112
954748930360860675
954748975285964800
954749386441023488
954750384941289472
954750495721172992
954750623303524353
954751057581703169
954751156546281477
954751236909223936
954751422431744006
954751539985420289
954751657354694656
954751744810024963
954751985126912001
954752331094085632
954752369144852480
954753383738507264
954753653532848128
954755309158977538
954756264877264896
954756765224140800
954756946602676225
954757182515539969
954757194108538885
954757299175940096
954757568630534144
954757856364060677
954758303527129089
954758602224537600
954758879803518979
954759204593684480
954759833537916933
954759918988529665
954760098748002304
954760361336623104
954761369437556736
954761572366323712
954761584747991040
954763167795744769
954763256677175296
954763427641266178
954763811206156288
954763976272957440
954764021395279873
954764166149165064
954764170641190918
954764635437174784
954764899024101381
954765175227330560
954765364767936512
954765574181146624
954765987664093186
954766642151649282
954766760594608131
954767129252978688
954767253450444805
954767488746774528
954768272771121152
954768833507676162
954769014701678594
954769031185170432
954769663455584257
954770095020134400
954770222682165248
954771242455838720
954771529774092288
954772624223145984
954773234427232257
954773289636855808
954773884401831936
954774670997442561
954775581740150784
954776367425638401
954776651593904128
954776699115319298
954776817025671169
954777008013275137
954777429339336704
954778223870730245
954778370285424640
954778523750862850
954779941035442177
954780464350416896
954780659477811201
954780764826152960
954780890735042561
954781374631825409
954781532421607424
954781677095710723
954781732322070529
954782638186823680
954782716507107328
954783145697693697
954783538343219200
954783984935981056
954784315325534208
954784338704588810
954785928769429504
954786168591265798
954786340096356357
954786457536860160
954786553640996865
954786728086327297
954786810487607296
954787298184450050
954787486470955008
954787788762832896
954787984481640448
954788227436744704
954788269069398017
954788511894433792
954788876333314050
954789012539166724
954789109574365184
954789563104296961
954789597715845120
954789714799808512
954790151531712513
954791073808834560
954791177483685888
954791449186402304
954791962707668992
954792190735241216
954792694412345344
954792751924760576
954793277034811393
954793465623261184
954794159453417473
954794254789947393
954794609758162944
954794867787534336
954795245811785728
954795318025080833
954795850164768768
954796431503708163
954796846702039040
954797336437411840
954798108419948547
954798338154680321
954799004335984640
954799279620722688
954799700355334144
954799703954214912
954800032393424896
954800779797389313
954801422679330816
954801535724253184
954801676350877698
954802276908064768
954803071091167232
954803466953781249
954804140810498048
954804234150608896
954804973052874757
954805038899236864
954805137830285314
954805712651276290
954805841315713025
954805993426300928
954806450978807808
954806604632862720
954806991913963521
954807104950464512
954807298316230661
954807335418986496
954807585550618624
954808210296320000
954808353636716544
954808399786663936
954809175317544961
954809244343259136
954809248403410944
954809722577870848
954809845819039744
954810029936467968
954810972325269505
954811110229708801
954811184527659008
954811750381178881
954812263172419584
954812651825180673
954812703335505925
954813113152561152
954813998880509952
954814959686479872
954815154033778688
954815762203541504
954816469195517957
954816666738876416
954817177051377664
954817703923068928
954818135034617858
954818165086871552
954818268535185408
954818962675597312
954819554403905536
954820198221139968
954820258078044160
954820417902047232
954820731782787072
954821060381331456
954821101179326464
954821312433872896
954821595196948481
954821830967259136
954822001700622336
954822062056624128
954822662978723840
954822923235323904
954823292908695552
954823365289807872
954824310769815555
954824338355650560
954824404810248192
954824482866302976
954824519767687168
954826353521647616
954826452544913409
954826562280534017
954826568593002496
954826617599209474
954827827844698112
954827843468480512
954828105117589504
954828367307706370
954828407979806720
954828421200334849
954828620622716929
954829146714238976
954829507160023040
954829663301447682
954829936291909635
954830260939509760
954830309501145088
954830629375565824
954830689932922880
954831024659320832
954831288258703360
954831527518580736
954831597265711104
954831738571812864
954831758549073920
954831883451424768
954832013193867268
954832501201129472
954832656381939712
954833598196133888
954833667414781952
954833818623598592
954833928853995520
954835064327720960
954835197928845314
954836182336180224
954838272664113152
954839088284209153
954840031163813889
954840224181387264
954840513068388352
954840762902106113
954840857525538816
954841346375929856
954841914087559168
954842148645560320
954842430280556546
954842691833081856
954843586423648257
954845767369244672
954846218206801921
954846391876161537
954846448209850368
954846477230182400
954847246226460673
954848803491893248
954849346444460032
954849455077027845
954851025042755584
954851043699036160
954851051265511425
954851066784440322
954851962725588993
954852271204061184
954853294345785344
954854619112509441
954855817517453313
954856221596618754
954856491739172865
954856665375039493
954856811617800192
954859700197224451
954860977639522304
954861616297897984
954862657051521027
954863424466575360
954864324778000384
954866120292478976
954866122985177088
954866125602480133
