891073492699021312
891114085160546304
891167109576663040
891193328158494720
891238651794907137
891270293628608513
891306343663108096
891315495672176640
891315516639334401
891324597286653953
891372508842164225
891390359791575040
891409355773366272
891475751626829824
891491673208872961
891627748988420096
891654068250095616
891679175370838021
891685202589868033
891694711085424641
891735685237002242
891774822283440128
891793772136341505
891810683574075393
891833056000000000
891835258013851648
891866203588747264
891906796042018816
891926081443250177
891996361205436417
892020683995136001
892045895931396102
892054573967433728
892070021584826368
892081115522973696
892135826020282369
892151474972573696
892159989388898304
892173218223706113
892219225565126658
892232357930979329
892246136227901442
892257674750033920
892271155247239168
892308392248782848
892335793649274881
892408334145409024
892418568238895108
892445206271930368
892475250075725829
892506199849086977
892560419591737344
892571203155656704
892584100652920832
892592837392384000
892598969460695040
892680733210419200
892748630607536129
892773301524803584
892792159077847040
892799784339288068
892800518359314432
892808206501675008
892832319576428544
892837004593037314
892840066422153216
892888653256511488
892894990849818624
892927572220100609
892945733556555776
893086112687820800
893092605482979328
893108661270323201
893137316746678272
893139720082993152
893145353058254848
893222238824022016
893240551163572224
893249875114151936
893261107443281920
893270754350989312
893301033035804673
893313704007282688
893362278254477313
893381949552607233
893472303253778432
893570143783202816
893583922067623937
893619556865933312
893627014334234624
893836842797342721
893872272074821632
893887925192142850
893904098453364736
893940937034018817
893966400628285440
891091150727241729
891456160007680000
891530202060386304
891661722846736384
892185750816600064
892537984263884800
892539221579378688
892542971287130112
892551959684812800
892562873259630593
892567449274523648
892569382819430400
892572495026454528
892576513140436993
892577490425831424
892580162180718592
892584515901816832
892587313485697024
892613360109342721
892614710687916032
892617583794556928
892632750368460801
892654338451046400
892660021733011456
892677675571073025
892733250115948544
892741340894810112
892744327243468800
892759305107062784
892760097830645761
892764854175617024
892765856605904900
892766330591391745
892768599676514305
892768985552498688
892780851259482112
892792683382665218
892793442539122688
892796747650609152
892802229631102978
892806507825438720
892807921276526593
892814443431710720
892814707685326848
892818583205462016
892832646706864128
892833967937814535
892838267086831616
892840079009472512
892842096486473729
892849449093013504
892862224930414592
892869174913007616
892915501013356549
892940201265385477
893023294617604096
893049806788206592
893109424633655296
893136507279736832
893139745253068805
893141649483681793
893154521785839619
893175132621086722
893181839296352261
893187430324555778
893195252697362432
893205285443121152
893244309255970816
893274688616505344
893275657509232641
893277377165271042
893282066384568320
893290769573871617
893308264003375105
893310822553976833
893312651232763904
893317130787192832
893319110460821505
893343168992862208
893406687536730113
893584752539828224
893635222608068609
893641128179838977
893650884139261954
893664175850913793
893681313777057792
893721604282343425
893735252560158720
893739081926152192
893748623988539392
893828361918836736
893841733360005120
893849031415300097
893851476702904322
893864571336880131
893877493987278848
893895537853960192
893946007939149827
891115226040586240
891197644118282240
891279667927429120
891322735011311616
891322739201421315
891355660310372352
891378833848283137
891394969331683328
891417626966192128
891429157107781634
891455342143356928
891464674457399297
891475311229112320
891513517152579584
891564318545727488
891678781085233152
891712666896670720
891729435707232256
891748331042426880
891758141532229633
891819697133330432
891843642402516992
891859131962769408
891941394864058368
891974261417451521
891984139020324864
892067869890011137
892071795762880512
892098039539806208
892120676173316097
892161553868492800
892212506281869312
892216667048206336
892387907897393156
892411123345088515
892421437142728705
892426650666889216
892464521050112003
892470246283628545
892522628941963264
892524130490359808
892529197222113280
892845657442181121
892851659512180736
892855430187233280
892867757217394688
892897712936562689
892897729726296064
892927429576056832
892927790286344193
892967678142365698
892967942396141569
892999160575741952
893050859592003584
893082392369405952
893264404166328320
893273354815377408
893344800589488128
893347082295226369
893347661125779458
893383186855669761
893407509641216002
893414820308975616
893414983891120128
893420067357990912
893420499371536385
893430083393908736
893433895999295488
893470227073163264
893476547864219650
893478938625822720
893498559579824128
893503177516998657
893505614403563521
893507275339517952
893507669591343104
893512618895343617
893520718100656130
893529094108925954
893535800792678402
893540280325910530
893543379904204801
893544625612476417
893552997443158016
893555866351173632
893561834866790400
893573687965876225
893575332120248320
893576217114357760
893577538324320258
893602297288065025
893603874342400000
893612162307969024
893612166489686016
893613001181409280
891101078628032513
891107424626671620
891109878294614016
891138001081741312
891244100229505024
891264396462358528
891281198810615808
891285158271299584
891289906189922306
891299611838754816
891311188096630784
891340569200521216
891341521311735808
891358004926226432
891368431945109504
891376606677258240
891396819015610368
891460727625658368
891480780588949504
891492008728178688
891492361057976320
891515891111866368
891587299124838400
891589480167202818
891592281953783808
891641875421069312
891707088468160513
891720820606816257
891721256818671616
891738323454054400
891738868717932544
891765368326246400
891787862370373632
891790089533181956
891795869309296640
891798209722331137
891837912987430912
891857890453204992
891884310390636545
892006771497123840
892013822097014785
892025431918096386
892064149538316290
892067999917780992
892070625560457216
892073662249095168
892083506284769281
892101336262561793
892123775772356610
892128943167467520
892166553495519232
892195875870691329
892224669780148225
892240993990434817
892248417908514816
892395944184086528
892417431590715392
892473849190764545
892488944473878528
892522398259355648
892540534413078528
892563951195754498
892678657046585344
892732172171431936
892792909858263040
892793107024146432
892793316730851328
892858462664708096
892907926066667520
892910727866044417
893095939967201280
893103191914622976
893113551816196096
893146720401596418
893171470989504514
893196934583918592
893207223244955648
893212424182140931
893246502868537344
893247941527257088
893497401956335616
893498572175360001
893510026790174720
893553593063624704
893647641938202624
893722115979055104
893747105663262720
893814239688876032
893825094535000068
893827187475755009
893849417324908545
893862830696407040
893878324455518208
893896330581483520
893916903638544384
893927578163138561
893936214218166272
893943877215723520
893967189153386496
891380343776972800
891684862838546436
892130117580857344
892135716964098048
892151806305947649
892205518563020801
892242587851116545
892417922332860417
892453276117078016
892460834236059650
892525632046936066
892534259734458368
892540173715746818
892589054126022657
892594456368566272
892602891143446529
892603503503446016
892605860681105408
892617013335556099
892621752894980096
892639037634338818
892664320907132934
892688618489339904
892698194118926336
892718213523484677
892730502825861126
892746881570418688
892747745630588930
892753772824350720
892755396024303616
892770025735569409
892775709025775616
892777420327194627
892777659402530816
892780138240159744
892785792141185025
892788346476535808
892791395718754305
892799213922332674
892799520098136069
892924636203241473
892959931263066112
892977383753383936
893018412447936512
893027975431507968
893039111333974018
893056924530475008
893057453012766720
893065438954795008
893113165977837568
893124587063476224
893128626161561600
893129548904226817
893143599835226112
893147265652666368
893157365528363008
893158120515551232
893167368955805697
893184238454833152
893185333155610624
893187652589166592
893190219524190209
893209102276362241
893212419962679297
893213942515879937
893217927104745472
893221437733052416
893221865543540736
893224222746488832
893231655049203713
893255784896892928
893258989319983104
893270838220173316
893272117512470528
893272432055787520
893277452662743044
893291822352654336
893298948454076417
893317860596076544
893321492838195200
893343127074992129
893456960477122560
893458986317598721
893460798248452097
893480935122845696
893487234967453698
893489856415977472
893498203055693824
893502066030592000
893503848605782017
893512157534367744
893516800591147009
893523134015565825
893614016207220736
893654151476936704
893679980005146624
893878076995543041
893946007939145731
893968107705950212
891156242105647104
891165712877731840
891299989300760580
891327722068332547
891366678742933504
891377034500374530
891387306350968832
891387717380165632
891472031258116101
891482189879287810
891671134894247936
891699270277050368
891820003313426432
891856162429087744
891977885325549568
892019501205667844
892051499555139584
892095258703671296
892095963367481344
892099482355064835
892125721958637569
892132747380183040
892199067723325440
892340319324209152
892368224020463619
892381415081377796
892397928081489920
892443507566059521
892452726675820545
892452747609595904
892480174188613632
892537833289916416
892538428851535872
892570037139189760
892570410444783617
892587078613159936
892651146581553152
892764321482190848
892792146520023040
893103351277264896
893205889456451584
893249111729860611
893264953620279297
893283697989898242
893296956151300097
893296956176556038
893301104334839809
893344532145852417
893442884397125632
893523868006141952
893527949063979008
893587566896852994
893594101647458304
893613483513618432
893620336989810688
893637714012065793
893651764905336832
893653593647198209
893665216046792704
893675919927386112
893682551134461952
893683742287564802
893687311635972096
893807621081243650
893825870464524288
893831780243046400
893840986769694722
893859403950166018
893864726496763905
893875937896542208
893883366000525316
893888202016268291
893888634067197952
893907239991422977
893920867289153536
893955856169144320
893956057491308545
893965154945314816
893968086747009024
891140752557744128
891158624508170240
891174416054353921
891186273360261120
891194833934602240
891247073957470211
891340174948356097
891343928859009029
891362055403556864
891425625474465797
891474858244055040
891478742148820993
891483318126096385
891488896827174912
891593242462081025
891618232125325313
891618907399667712
891644559154970624
891655351728132096
891655963723407363
891667812976087040
891674169750016005
891676688148561922
891701819155644416
891704706111852544
891730803037802496
891820542679851008
891821743932919808
891823476201238528
891838252717617152
891838894475546624
891866145225007104
891868560791916544
891883291162288128
891887141546070016
891995799193833472
891999200753221632
892027113842196481
892028137256747009
892066678728781825
892188560987639808
892198719608807424
892200535729647616
892246169778233346
892343335020515328
892370384074424320
892371042601185281
892432329754329088
892440716672159746
892445789263351809
892453246731780098
892476906838388738
892560839034765312
892561833068044293
892570737592107008
892680536094777346
892734147697029122
892735389173112834
892777026020532224
892780578612813824
892781383923384321
892792240476737536
892795893685960704
892798840637730817
892906105768210432
892938842294161408
892949265147887616
892950926083993600
893049953584656384
893087991744217089
893128265434615812
893149736106164229
893160771294830594
893184720804163584
893210448660705280
893247366899220481
893265511483531264
893267545704120320
893309711038251012
893442213316669440
893551143556718593
893574753327263744
893712875948306432
893842966464286721
893843432032088064
893877590427144193
893896200570765317
893948134434512897
891162676193181696
891171480045858816
891172511811022848
891174776739426305
891196108977975296
891400979769430016
891409527756685313
891410614060560384
891666667931041792
891669373265620993
891689858258939904
891691338839846912
891708501940154368
891716219438608384
891719574911111169
891721248417435650
891743058827636738
891795122697973765
891980326410620928
892007132199092224
892010768668819456
892024496617598978
892032646150279169
892043366782861312
892047527511343104
892375140427628544
892380723059068928
892396799801143300
892400159434448896
892400595646246916
892404341176360960
892407512074407937
892414386530340864
892415179262132225
892424222156488704
892430639466651652
892786958149308419
892799822100664321
892800015042842624
892801629841375232
892829027014246401
892834794190458880
892843228956827649
893081352173748226
893103650071089152
893106584481652736
893127906511212544
893129569871515648
893158053394104320
893162415474585602
893171739424727040
893173270316539905
893174088243355648
893181126277246976
893192568342708224
893199824467767297
893207646836228097
893227070653902850
893231642457911301
893232024135360513
893237967472517120
893238365943943168
893273605600985088
893287934543224832
893290325896286211
893298902312656898
893311451666034688
893417785673396224
893418796299329536
893449620461932545
893461158958686209
893467941169123329
893491378939990018
893491748030234624
893492041618935808
893492402358411264
893495057327693824
893501617219162112
893501906622009344
893503366235430912
893520940398657537
893691065554747392
893713217976971265
893822368258412545
893824658335604737
893826705168764928
893838025582661633
893840558946263040
893841154508292099
893842584791007232
893849278879281154
893849341798100993
893852059736317952
893869537388449792
893882090932113411
893885568026906625
893897432320294912
893899904124280832
893902726903455744
891089502369792000
891090542532100096
891095684761309184
891096108377808896
891101493868118017
891103649765740544
891105860155559940
891121823651426304
891134142322098176
891134956038172672
891145051731972096
891152588888055808
891179017180766208
891182515226116096
891194913618087936
891197132404924417
891571310450495489
891598451787669504
891636015982620672
891641833478131712
891649513244553218
891662507198136321
891665300617297921
891670128256966656
891670346365009920
891702357297319936
891703867213320192
891749169928572928
891774742574895105
891781558344052737
891790857078267905
891792006325784577
891807764321902594
891835971041452032
891856875423182848
892062408910524416
892091257354321921
892094029764206592
892128142059380736
892132676081250305
892133301044953088
892133431085334528
892133791770132480
892134840337825792
892139340830302210
892144684369416194
892167753041313797
892178893116977154
892235969209946112
892353397164322818
892366235924656131
892376239347990528
892411249186582528
892430949832548355
892462092531490816
892477540165705729
892506053031501825
892571442235060225
892583962241093632
892761012180578309
892774148753154048
892777722296115201
892816532178382848
892829006076227584
892833955350753280
892887399163973634
892913244440055810
892958312253333505
893092886480277506
893110456453410816
893142878423314436
893170707613585408
893184804669272065
893186717259378688
893210519963926528
893251431209324544
893256455976910848
893282980747030528
893287917443043333
893289662273409024
893315402700345344
893320662374391810
893458218755776512
893584106595823616
893642734581329920
893657095899410433
893738800916172800
893786167212072960
893819855849312259
893825933400002561
893833105655705600
893840529586360320
893852768561180672
893864181245419521
893864730724634624
893976794130460673
891142975530520576
891168313350508546
891207685277974532
891288299796647936
891289486788788224
891304930190950401
891317815113908225
891325826221965312
891326518294654976
891361284876148736
891370143250567170
891392247224250368
891413411669700609
891415584340135936
891419539543646209
891458198455988224
891582358255792128
891699345778655232
891733743253192706
891761366947770372
891801632245252100
891825833396064257
891867612870840321
891903084087128065
892052837537955840
892068100597846017
892078355658526720
892078435337736192
892097750132813824
892105761232494593
892123192759799808
892131845625741314
892153777624539136
892156688492580866
892167446890594305
892177483834859521
892178112984875009
892262347187802113
892369343891349507
892388239222296578
892396095170588672
892428567447031808
892460825839120385
892496175466729472
892531885758394368
892547773769306112
892556963506270208
892603566405431296
892756574611144704
892822358083346432
892822421018861568
892851927926669312
892864884144304128
892875986437644288
892898509866893317
892904788739973120
892915983328972802
892937869224013824
892953597851447296
893079255029956608
893105880467738625
893124146653220864
893153116685828096
893166534264225792
893187371595956224
893206568895889408
893243948554227712
893259853367361537
893260105004728320
893262265092386816
893284440344068096
893291352565350402
893304602384379904
893312387012546564
893347535280123905
893443240908685312
893456301958742017
893484936484859904
893491261474086913
893520931984953344
893559712523984896
893579211868438528
893585448777338881
893624325789687810
893650607306887168
893654575118340096
893663303465136128
893758019246465025
893830136092655616
893844472223682565
893882057381863424
893903708395679744
893906019444719616
893911920813658112
893981487535505408
891442461427605504
891443660994293766
891473214077112326
891479035770830848
891498656716795905
891639107176288256
891679246657216514
891718408898740224
891745369876463617
891770216920776706
891770527286734852
891775921191088129
891874432813334528
891911648872681472
891926366685470721
891933325035585536
891947845686878208
891958079796981760
892004506560364544
892063742690775042
892065688852058112
892103626327552001
892190712686628864
892195800373231616
892208911784304640
892215622645325824
892220706167160832
892243393136308224
892244584318808066
892246530467524608
892290189002809344
892343808951816193
892352755414827008
892392966194700288
892443700525121536
892478244787761153
892498905950298114
892518921168969728
892590916405518337
892599497922027520
892725696161878017
892728086889988096
892763402954829824
892818641951084544
892820214815043594
892824505554481152
892857435060404225
892862669555986433
892867547510517761
892906428696023041
892916776056573952
892952763197521920
892985722017243136
893002755106902016
893058266703560704
893091716286304259
893113895757398018
893180870433091584
893193931495809024
893205507737096192
893271832270426112
893271861643051008
893283404388589569
893290459208052741
893303218276413440
893310256285196289
893318703617458176
893328224716939264
893339016665235457
893339343783317506
893355928090796032
893417437533700097
893475574806700032
893486136038785025
893527739352969217
893528645305630720
893532583774040064
893630168446541824
893636275365740544
893642621343731716
893690583209828354
893727417583456256
893770044282290176
893824821917736960
893833537689976835
893859076777660416
893866429405171712
893900046764322816
893910662543486976
893936553982144513
893948222540042240
893658144446001152
892194823104589824
893606156068958209
893629828733292544
893970271987695620
893290207532916736
893295563642458113
892193208305844224
893580205910044674
892614052152836096
893823521687826432
892624743454691328
893866270009020416
893657204917764100
893298721965867008
893318342924173312
892805387937861632
893421757675319296
893085303178702848
893655644657471489
893537323320832003
892592011102105600
893822158505463808
893297337837244416
893664045844361217
893478972171988993
893281588238102531
893606067967410177
893982028634484737
893605594044616704
893301846709862400
893279981832249344
893608706214055937
893549390337638400
891845974435516416
893643921590562816
893849450866769921
893961086474436608
893469379819696128
892936912905916417
893251385071894528
893490263259217920
893655141353742340
892929619015368704
893571364292091906
893877028394545152
893192421546373121
893927607518941184
892594695448268800
893313158768734208
893970662041108480
893708744550252544
893643003008491521
893298982025273344
892591843342471172
893592990123409409
892937051330543616
893392397572476928
893979038091538434
893642461972529152
893193465902678016
893291939776389120
893290463393964032
893267549898649600
892851076470374400
893182216800481280
892614429652602880
893538564859768832
892619760621543424
893272532740186113
893648149415206912
893268552349876224
893518407034908673
893395488766119936
892919993104465925
893224205969367040
893950038640140288
893640129910276096
893648833103581186
