891085912032935937
891088457979670528
891088835484028928
891101510658134016
891108850690125833
891125908928684032
891140735776563200
891146339383336960
891411553584656385
891413596227416064
891423016651030530
891424358815682560
891427898820710400
891430176323764224
891433544328916992
891446844475269121
891448320878456833
891450946496200704
891451542087323649
891464296991010817
891471574104014848
891489538308177920
891504142862168064
891509461226971136
891773949863972864
891776688740106240
891786058811162624
891786797000269824
891790630615175170
891792769693384704
891796083214602240
891810939426582528
891811056867258368
891813485352562688
891814403930247168
891852853123457024
891868569155256320
891875577841504262
892139001104261122
892140251027828737
892149516245323777
892154939451076608
892156176800124929
892160039728930816
892178138163281921
892178561775349762
892186073782140928
892190142252937216
892201294911373312
892219837941985282
892231674259415040
892243149854187521
892509404305788928
892511425935101957
892512571005304836
892512956851859456
892518279448858625
892519034415190017
892523224508100609
892541553641746432
892550919522537472
892553184438173696
892564165134516224
892588156544925696
892589280626966529
892597237204664320
892869166537027586
892875185346498560
892875248252710912
892876464605016064
892882953214337024
892889991218515968
892914771191894016
892915215783821312
892954461886218240
893241952056991744
893244196022300673
893245739521986564
893248952363102209
893250135131541504
893260671227490304
893279482697596929
893292711519891456
893295106488446976
893324273678528513
893608748148604929
893619363936260096
893619837884407813
893620685116850177
893626368407228416
893630986331709440
893652595402825733
893667690702921728
893677660571828224
893689488504795138
891086402762399744
891096251009191937
891096745907802112
891106942265036804
891108594841550849
891108859078742017
891109832169738240
891112650725367808
891113439258701825
891117079914586112
891119441316126722
891142199584456704
891151473190477828
891215629285543936
891251259881259008
891272403384504321
891273460323950592
891366032811544577
891391047657541633
891426342721343489
891448983553531908
891458718570651648
891459968435707904
891555460167413761
891655909545361408
891659395028930560
891662037436084225
891672720332771328
891674947491217409
891690999113687041
891693754758955009
891706585134714880
891726977836646400
891753439709061121
891763237594644481
891812210313383937
891821437752836097
891822549251874816
891842774185779200
891950009956134912
891982180292767744
892022869231902720
892037104682897408
892057216370569216
892066481609072640
892082638055514115
892092352046784512
892108521109504000
892112358893420544
892113537480392706
892148517988446210
892188133198098440
892190637197377536
892197964629889024
892222434199445504
892243766425210880
892256844273418240
892332652119941121
892382056839303172
892479855425724421
892497177871777793
892521139942998016
892554811836682240
892555965245124611
892608041752813568
892655609354403840
892661246490689537
892690774369984512
892735250773815296
892753202407288833
892799520119046145
892892579133607937
892904600000499714
892920001468002304
892923390499192833
892924040591142915
892970052118392832
892971037763280896
893045176297508865
893112075433775105
893187468069134336
893250353235472384
893263032654192640
893266950117220355
893273598076440576
893295463008522240
893338744014553090
893343512921616384
893345312282091520
893596295247605760
893631019886276608
893685558433652736
893729208559644672
893746782689124352
893954782427271168
891086616688644096
891087128364539907
891087610742849537
891088860632961024
891105503643934720
891110855567441920
891111014963453952
891112877230178304
891121672656474112
891129419535978496
891149698991628288
891153989768753152
891162638436229120
891167080191377408
891191109363412992
891204996703723520
891285762225975297
891450720003731457
891450996848775169
891452095735320576
891461327419432963
891465219716689922
891469518891102208
891470185793601536
891474048747806720
891474287797780480
891479862023770112
891481837536768000
891486585492955136
891489563482497024
891491148916764672
891501911492276224
891531795921022976
891535285582012416
891547528747003904
891555846060113921
891561076344578048
891579602585481216
891656295417335809
891699043793084416
891747072747208704
891755448767987712
891758426753302529
891759328507678724
891812189346168832
891814391355654144
891818807953682432
891821362259480576
891828035422494720
891829218207645696
891831743157645312
891833932618117125
891842254096039937
891845735351824385
891862579680641024
891863351462068224
891878597731917828
891900001265360896
891921803257405440
891922147211456512
891926580582375425
891953319274364928
891977579124731904
891986991146991616
891993366501765120
892006272345755649
892082981963272192
892180105304428544
892190423271297025
892191253764476928
892222958483238913
892223025583607808
892229094749777920
892260635924410368
892286992930799616
892314843096764416
892326209677398017
892381943576145921
892558871927148544
892562206394507264
892581265299394560
892605705508839424
892705110501056512
892793685842305024
892900456007168000
892944357812260865
893054466680803329
893144182843482112
893234083542716417
893263171049279488
893300143843418117
893400131852226560
893630235543040003
893632043317374981
893774905484955648
891103431657754633
891113263093755904
891120837994176512
891131688658493442
891143164286967809
891144036718964737
891153448707645440
891157013874360320
891171924621000705
891197082043920385
891208469600243712
891211711780233216
891249473120124930
891280406087168000
891309485200887808
891310357641256960
891327227127894018
891466826131132416
891473918694797312
891487885756641280
891494235907780608
891506764302008320
891507942918283265
891508437825183744
891521964464066560
891527622584397824
891538393544445952
891596820207607808
891602377672982528
891633855907672064
891670518331461632
891672779065446404
891678344877670400
891682686003273728
891716722767560708
891805092562841605
891822691883397120
891825237788024833
891838076573499392
891842451211788293
891847186614337536
891848549767557120
891861325613326336
891937271863291905
891980150224695296
892002233243627520
892013004203720704
892087096583888896
892139806431596545
892142843103502337
892182550545928192
892199956945096704
892202343478906880
892219057801277440
892222111241994240
892267615254695936
892372217010552841
892455020951678976
892503897167843329
892552253290278912
892571832297156609
892587674179182594
892618414258233344
892655689021112320
892656360122449920
892667768629329923
892693056096538626
892701339846836224
892720692331921408
892727671674818560
892745543608303616
892778825410465792
892860748564647936
892898807683452928
892917677852950528
892925839960137729
892931380627349504
892943619593732097
892943669950648320
893013731608842241
893070233073790976
893072141461188608
893297086208380928
893364610291515392
893368980764860416
893439164053630976
893445098998042624
893461079275085824
893774997780439040
893793117165371392
893794996226338816
893829813143834624
893833650906816512
893842379257630721
893875350706548736
891086797048098817
891088944523247616
891091893127434240
891092522239483909
891106824853889024
891107479152623616
891113057568661505
891114819188924416
891116979251290114
891122398279352321
891128513587105793
891134222030786560
891139678803419137
891449319110328320
891452762654998530
891458311689613313
891471100135313408
891476460472606720
891480113698619393
891484370913173506
891485553706893312
891494059742814212
891500326053793792
891511612917645312
891538896848248832
891542629804118022
891587815053676545
891593594783621120
891828479984939008
891891797227704320
891894766773972993
891896519984545793
891920729511411712
891981047826718720
892198132414640128
892205942200315904
892222039947456512
892226674653224965
892230361446584320
892244362037526528
892247579068596224
892291115923234821
892347487356198913
892355385235058689
892402223023505409
892429729281830912
892561057134391296
892573254191370240
892588039092019207
892592862537424896
892601066591666176
892609782363942912
892617172740132865
892626257594073088
892684566795698176
892719325001469956
892732532889972737
892734952969818112
892758306850209792
892758856312512512
892900321797844997
892931183516028928
892944861128777728
892979074062180352
892991782807633920
893006559349002240
893025479833382912
893065489311817728
893072745466122240
893086968321626112
893139061581291520
893273149315227650
893309862049792000
893311934036103168
893313347516592129
893332070885457921
893368884299833344
893424341353992192
893442112628436993
893477231548170244
893480591169015808
893499503281487874
893507061446836230
893514426632077317
893515559110930433
893524216120848386
893547855218065408
893594969859960832
893776914573398016
893840093366149125
893863531141107714
893904471721488385
893913120380530689
893928098248486913
893942241462562817
891085496780292096
891089225520697344
891091247179366400
891093222725795840
891103507150811136
891106359286026241
891106514445979649
891106980005376000
891107915368673281
891110784247443460
891121223895142404
891158255405338624
891212236072648704
891250714642612224
891304313645084673
891391462906187781
891444634081210368
891444982225149952
891454561977864192
891467425941729280
891475537717342209
891498015005040641
891501768881967104
891514452478013440
891526376876060672
891585654986907648
891594395904077824
891602243438260224
891624456476438529
891671101344034817
891673588562096128
891693989652557824
891746242275012608
891756283438682114
891762906265563136
891851770967621632
891856183392440325
891890052397191168
891890664744648704
891925209036595200
891936093280636928
891937158621143040
891950173554753536
891954086819627009
891973057643896832
892011544585748480
892062715090411520
892131367483473920
892135809222139905
892177941043347456
892247130253008897
892249827181903872
892257750260035585
892328747235500032
892339040053325824
892340201883938816
892403103861006337
892416840189714432
892421902731550720
892431721563664384
892441448175587330
892510700320555008
892580619359838208
892589138016423936
892613955708829696
892621190870831104
892631068481859586
892676887029456896
892690405288005632
892693471303258112
892698336716869632
892699905365618688
892729034840342528
892736391649558529
892748987127693312
892781312620318720
892788887550140418
892817442350739463
892853047814012928
892891446658945025
892897188661137408
892949013502218240
892982085572583424
893054919653064704
893064553994387457
893064738531422208
893064902121619461
893086028810125313
893101782607560704
893122242430644226
893253083744043009
893298608707051520
893626850777325569
893693410187653120
893912948422451201
891086994180378624
891087132571336705
891088122414608385
891088839665606656
891088848028975104
891088957085282304
891089288468844545
891089447848202240
891090311849619456
891090576082440192
891093600213360641
891097786111971328
891151984899891202
891194263509229568
891268880173346816
891295841134182402
891321749341704192
891459788113977344
891460144629915648
891462371788472320
891462665398173696
891466217957064704
891470244518043648
891474359092641792
891477228017549312
891516327323549697
891638448670560256
891672707758084097
891722359899435008
891774516086669314
891827515312017409
891847002052546560
891854237235257349
891879331735101440
891919378962403329
891920414955450370
891921610323574785
891954229438550016
891958541166284800
892031027148972032
892067274332536833
892089529284395010
892181359371972610
892183645271797760
892209029224812545
892222375470739456
892309013031002114
892340529039642624
892367963977785344
892385299027955712
892419621030166528
892430064838561792
892436276590391296
892437165799604228
892502081038241792
892502219429339136
892566555887841280
892589981075558400
892683404969484288
892761825892339714
892764011128860672
892793820055818244
892823255685500931
892829933004668928
892848006269030400
892911927449366528
892928880813654016
892954696746401793
892963500624035840
893014352332300288
893073684969082881
893085378709553152
893097835759104000
893136079439581185
893136410806505473
893152395282305025
893182468450332674
893209022597410820
893248277063229440
893268892075741188
893288454292897793
893301255325483008
893354757850619905
893406763034267648
893571733428588544
893584735766818818
893597205399052289
893623461771456513
893643959335104512
893696107099836416
893763685751062528
893839594231398400
893870619506360320
893915255281209344
893920456247566338
893937166346326016
893938365908877312
893946867746185216
891059739571965952
891061291472871425
891064583980548099
891065628362190849
891066337233170432
891084330780418052
891100403357687809
891102039148605440
891104979343335424
891111056872833024
891133492217741312
891138508588560385
891142279293018112
891196167714885632
891265239492251649
891288148801724416
891288962488258560
891343371003809792
891369442789085184
891370642347577346
891465878247792641
891475965519548417
891480478586470400
891482126981443584
891485264283131904
891504184821809152
891517858244702208
891546668927246339
891548233373147136
891551542700060674
891666789570162688
891699987481976832
891700977354629120
891703833667272704
891717968484327424
891774901958344704
891797769291272198
891807927929012224
891810020870025216
891836910540398592
891839695570833409
891865666696990721
891866333603917824
891877947606487041
891880388695433217
891896645826347008
891917386684780545
892035968013934592
892054225819185156
892061767186227200
892084030551797760
892087931262955520
892094382119288832
892116448314785793
892121070467264513
892142461409210369
892150829054132224
892158202623787010
892206214813290498
892222492915384324
892223013009199105
892233771386372097
892241740576567296
892248711530676226
892259620919459840
892294752376369152
892312867571159040
892329732888379393
892433663551393792
892444140901994497
892452860893560832
892476160227016704
892491603667013633
892520800208781312
892534654007255040
892558188251426821
892569395406307328
892595618203418625
892609564264112128
892643735263223808
892704565254119424
893115158238724096
893157424240218112
893173903694213120
893174075622703104
893313632703889408
893313670448631808
893354212603678720
893364186666778624
893518553835597824
893664876299771904
893755775281246208
893816991143919616
893844040214622208
893844749056172032
893912436708921344
891122461185626117
891141717247668224
891145454393667584
891171391952883712
891173656856055808
891208494761816064
891226727418134528
891251968731172864
891260634158977025
891266145487081473
891270599816994817
891282272552448001
891290107516506113
891301490857586688
891322076518383616
891335225648840704
891338950186545153
891343471654690816
891349859571294208
891466503173943296
891558165510111232
891633537140568064
891637064554381312
891666596644753409
891687018715123713
891699744237658112
891750210103377920
891824264718032898
891838089135443971
892073054079201280
892125608704184328
892201391380471809
892227521911152641
892234501195223040
892389568833564672
892392970397261824
892401711330897920
892442404481052672
892451975870140416
892497773479600129
892514986924363781
892550219040038912
892551154395205632
892552198789488641
892555965249318912
892564920075669505
892586533362036737
892590291454226432
892710126909607936
892747242293145600
892757837096636416
892767911806328833
892812727944597504
892841404417712128
892851814693040128
892854708737462273
892884488304205824
892904209917648896
892976649746231301
892992269359468548
893001056421953536
893067934569988096
893088608311275521
893112415197507588
893121202243461121
893123832063684608
893146347108433921
893165330511654916
893198176097841152
893205029590532096
893215058205052928
893271077299920897
893282062177714177
893332632926212096
893334688130932737
893378153711882240
893426019113336832
893483661395238916
893504188352794626
893505702496538624
893507401172885504
893511658395631616
893540573931384832
893594747549478917
893737207080550401
893804517271101440
893831520204541952
893838298203930625
893839871089012736
893841217456361473
893849631200649217
893884037101703168
893890701829779457
893920674342998016
893928047929430016
893938508506832896
893947203324178432
893983727298027520
891164051904098304
891328208586584065
891446446012211200
891447305852903424
891509863888572417
891574770768195585
891805214180745216
892612068276416513
892618611377946626
892621325080121344
892637397678206976
892654149728448512
892660025918984192
892662383121911808
892679328105975808
892681282676678656
892686563313930240
892696491227324416
892699968305328128
892719429846544384
892721610901266432
892728036570910723
892746147588124672
892748341188186112
892774505256452096
892774555588210688
892775788738695169
892777911048175618
892987705952305153
892988523812331521
893001790429446144
893030093559390209
893038255674990592
893041464313208833
893042085082808324
893056165365530625
893062347752849408
893113136588484608
893114386482593792
893121328089190400
893121432925995010
893126973605593088
893175795321118720
893176294443278337
893177221371834368
893185777760423936
893189577804058624
893192014698733568
893214743611166720
893244657408278528
893248461633662980
893284868183908357
893319085311832064
893335149517131776
893336416196808705
893347942131740672
893379453933551617
893382834525798400
893415487190831104
893432809670496258
893472638777131008
893489986439266304
893490602976972800
893523209504665602
893531539384020993
893573717305032705
893574593927139328
893586874828062720
893587504007323648
893589412386410496
893594059692003328
893594101626679297
893604914567421952
893613001164562433
893657657923563520
893708539012755456
893715338008739840
893819486750429184
893820719867600896
893825543346335744
893839661348651008
893840986769694722
893843931145940993
893845571114602496
893851518654226432
893858137274318849
893859496203866112
893878731307184128
893891339363917824
893891469391646721
893896808732123136
893896959752364032
893948893595144192
893953809331912704
893955646445506561
893968925628682242
891106371843870723
891139351672958976
891175812744925184
891179642157060096
891180560692912128
891188265616670721
891204405315481601
891211669837234176
891421687031508994
891493925558640641
891497046103924736
891602591574052864
891632761177382912
891683109611220993
891698217489969155
891700297873199105
891713899988484102
891748746270097408
891750562424815616
891792086026113024
891798725592588288
891809333020839936
891827523683631108
891886474643337216
891902702397136896
891919227958865920
891927260051120129
891927897589506049
891979625945059331
892005265737908225
892010592474550272
892010860943728642
892013696280670210
892017202697822209
892021669639987201
892034692974731265
892044511811059713
892048693549043712
892049867962372096
892056570443575297
892079362295648256
892082294097416194
892164225631760387
892171934791720960
892227144411222017
892258941421408256
892337760782209024
892397126969372673
892462864300113920
892513871222779904
892523438409220096
892530078026006528
892532535892332544
892535920674689029
892603390261436416
892703738993016833
892706335246209025
892730666399535104
892759405762154496
892763302278942721
892764464113692672
892797833979588608
892815156450914304
892851642705620992
892856659097399296
892942944331804673
893088478275264512
893115535726174208
893122116622721025
893148972726067200
893195684710563840
893203565791117316
893223178369150978
893312428947066884
893315859896180736
893368355813326848
893512585328381952
893532202100813825
893690809698185216
893717137348476928
893723290379747328
893927100012531712
893933978675273728
893938156201967616
893970884335153152
893983291098841088
891111665370091520
891121186112913408
891121211287126016
891178148250955776
891184176577359873
891189335197876225
891204078155464704
891214631041204224
891221513134903297
891240405022494720
891265306609537024
891501536240599043
891502004874469376
891545418521247744
891641896405041152
891653602711875584
891684242077253633
891692134985863168
891699731667308545
891713430255681536
891716294936023041
891717716842819585
891739422361886723
891838386952187908
891845659887783937
891863779276935169
891905529349513216
891908389294415872
891917441210744832
891936445572587522
891967462257963010
892006960211611652
892044998346235905
892065479170195456
892083082626465792
892085133653815297
892116200871690240
892129412933591040
892181738474147840
892230185994653697
892232555071758341
892359390803709952
892372325269737473
892396623237533696
892414372169076736
892416622073454594
892417165760114688
892429738077286403
892431857228406784
892439258765688840
892444861978341379
892476776802287616
892502013912784899
892572536931840001
892691332208222208
892703078062927875
892743788313104385
892749406553886720
892818801305280512
892861050521038848
892944940824743936
893005568448876545
893053552188432384
893081180203044865
893084359489662977
893112013294940161
893113644090839040
893115107911254016
893119121856090112
893133508318683138
893149218176724994
893164333504573445
893216752674459649
893269009507860480
893365949335785472
893401148329218048
893426051380117504
893453986782740485
893473906476101632
893526577522331648
893588749694709760
893716009093386240
893731220072218625
893748657555554304
893770957369769986
893841992907718657
893850713327009792
891087489083088897
891089821120086016
891101393213411329
891113204373258240
891115939076481024
891116937291366409
891180778813440001
891195114927685632
891196733933461506
891247245944922112
891271312873844736
891348500633485313
891583276783198208
891583452939567104
891593594779443200
891600704128733184
891616231450488832
891623554705276931
891623609235525632
891628701124878336
891636053710209024
891640470329323522
891640982021820417
891649391601229824
891684405672112131
891688700614258688
891692534212083713
891694564276404225
891733269321887745
891740202494033921
891751996868497408
891784515307397120
891797123381035008
891822008186671104
891853398366138368
891856753788432387
891860079909244928
891868502046294016
891871173826551808
891894213125603328
891954632091553792
891999695676952577
892089428612714496
892201286518657024
892221620521238528
892261663512043520
892288406419582976
892311336654209024
892337341343379456
892416462693990400
892429167232512000
892431994201796609
892448603645542401
892550160328380416
892681177802317826
892735108175847424
892741558998638593
892755060492513281
892760655660331008
892786723280887808
892945242797654017
893176659322351616
893181453407842305
893201112127361024
893210280876027904
893217423754760192
893254170089672704
893307093788364801
893356649494093824
893431173883547648
893442301397057537
893456964684062721
893529886819852288
893537092634116098
893546697607041025
893552624179478529
893588544198934532
893592885265809409
893765799671975936
893875354900746241
893886901790416899
893913200068100098
893914265425510400
893914760374366209
893915712456192001
893918581376921601
893921962006917120
893924788942495744
893926651217817601
893932183513157632
893934297425608704
893936503658692608
893936629471227904
893937485109010432
893952580417499136
893954073598107648
893972620810518528
893980417996587009
893981890209873920
891094174799417344
891103624562184192
891189737851047936
891213729249079296
891284512348491776
891351185000734721
891355031160717312
891383552423710720
891400799401771009
891401252411772930
891461281261244416
891492478523555840
891497809458987008
891536757778509824
891558815627390976
891565950129979393
891627467982729217
891633600050876416
891634891921645568
891677082425503744
891693255640981504
891723689510793216
891825166489067520
891827330758344704
891828408719736833
891842900018855938
891847064967147520
891854908311224320
891855281625243648
891857651398836224
891871349978923008
891908092086104064
891962521585831937
891967315662839808
891984831088697344
891984898201862144
892012672849465344
892023888443568129
892027025778782208
892052271273574401
892060437591838720
892070931740446721
892078288549457920
892087880910348289
892092238808977408
892108131022647296
892109909394952192
892175713855524868
892215219988115457
892224938203021312
892253467858829312
892255162374512640
892306777450131458
892334019446263808
892343980939239424
892344886908907521
892376268687233024
892377459873677312
892384091064197120
892400272701505537
892408803924344834
892419407099568128
892424729696579584
892429767055683584
892462407121022976
892464663635644417
892467310258147328
892468996360065026
892486587279450113
892486880872337409
892488445351915520
892493461718315008
892502034892640257
892528337393942528
892592220817281025
892698915526422528
892704867243970561
892707941652066304
892746227263184901
892765093234126848
892785284626231296
892795367753826304
892800757426204676
892860475934900225
892955816634068992
893016382396399616
893274059454197760
893275858806259712
893454561352065024
893557875410391041
893913636275671040
893951691208503296
893966123795918848
893966153172881408
893980237666627585
891090454472568832
891092044105601029
891092237039222784
891093658912665600
891094980105691141
891097001777025024
891151116666261504
891191235217641473
891191616874008576
891452603254657024
891457846155464704
891461298063642625
891489064339333121
891506160343420932
891506953066655744
891812210304884736
891823052564156416
891823329405022210
891836348537163776
891843701152112640
891857986938908672
892175051146932224
892177785845936128
892181233568014338
892186648389267457
892186933618778112
892187034282074113
892193040500129792
892193317349462016
892193506101387264
892193690617303041
892194013595422720
892199650756898816
892202259601276928
892213605197910016
892215656225144833
892217057084751873
892244785653829633
892255351088623620
892290113501376512
892615759268065281
892629491389915137
892705567692771328
892711053829709824
892726245590351872
892731152942944257
892733585635106816
892739969390964737
892754678806695937
892758432691789824
892771669936189440
892826355246575616
892839730878058497
892874153526788097
892908320360730624
892914553079648256
892924833302011904
892925756065669120
892939651786448896
892941413423366144
892947117651746817
892993863190667264
892997982001418240
893012980832641024
893028218713886720
893031871973646336
893131310520188928
893185983264550912
893271073105379329
893287107950661632
893303377664278528
893306888288382976
893308603754569728
893309694265217024
893319219541966848
893338014218366976
893362131436961793
893369706371051520
893529807144730624
893651802666582017
893666742798614528
893674116380639232
893674850375524354
893692235752943617
893699420604125186
893700439820173312
893750289144184832
893755192277057536
893913422370410498
893913820862836737
893923371276263424
893931025881018372
893937468327600128
893973635832070144
893978765444907008
893983974783016960
891358197860126722
893275288385331200
893289821661261824
891407023740518401
893299573397102592
892905698924797952
891099581278294018
893629455431639040
893279050701037568
892605386737373185
892918567036964864
893643338556915712
893638708066344960
892614198953299968
893642071893880834
892613590783545344
892618334537211904
891372898916737024
891472173898051584
893269441537912832
892613347509768193
891088441215143936
891092711012421632
893369077242015746
892599804139843584
891128547141533697
892596956173828096
891443174476058624
891138818988015617
892915186423779328
891092417419595777
891319765473665026
891087346501918723
891456222930644993
891119827171004417
891469170742894592
891396198246100993
891442562094866433
891175355557478400
892936606746902529
891288509482270720
893278857729646592
893294355703836672
891416725190791168
891178853628092416
892621585152126976
893662393305149440
891357262526111744
893656324143288325
893271744189939713
892107757721194502
893657582442827777
891445103851696129
891445158373412864
891384756205740033
893286524929703936
892935793056108544
893660489095446528
891090471253975040
893645112772771840
893861668849057792
893268262951174146
891331782154612741
892943053366870016
891111757330120708
891148071639277569
891145810880212992
891283233077440513
891444915108016128
892598399026855936
892592866752462848
891418436441702401
891416670643924992
892924632008990720
892923226908753921
892070084499341313
893651139958145024
891255529670152194
892059871369146368
893633985259204608
892919078750474241
