891077850601803776
891088676096180224
891162160268804096
891165649938120706
891190484437270529
891195920234065922
891253298338160645
891277595920261121
891319459255914496
891320465918242817
891322495961145345
891349494696206336
891390808565219328
891437801538859008
891440603363385344
891448555734532097
891464041121562624
891650368899346434
891667393558204416
891693867996557312
891706207655927809
891716324304572416
891742865851895809
891815079188078592
891815079221616640
891818052974759936
891836432389722113
891878530648346624
891879604360585217
891985665738645505
892017588577812486
892043891062575108
892062723508506629
892094268872867840
892135817623158784
892155006580871170
892177307686907904
892179719394922496
892185604032794628
892276553320734720
892280449820758017
892289316583559168
892292718172540928
892352252110831616
892403825272901632
892416018097852417
892417750337024002
892422699649298434
892491515595038720
892505428076224512
892534406547730432
892544380577480706
892584104834867201
892595840488886272
892663792428920832
892744654428356608
892752476805484544
892754896885362688
892816523798212608
892820462241230849
892831606540443648
892843438676246528
892859720951836672
892877093750571008
892910056806547456
892946886969229312
892948036221112320
893018492131258368
893077287868006402
893094522271518722
893108925507227648
893109852456706049
893152416257802240
893159416530259968
893170321741586432
893197400172625921
893209572034437123
893246804854280192
893259278714159104
893262906787119104
893323942320013312
893390824704278528
893463163861073920
893473867729129476
893566083671760897
893577865480065025
893600028190621697
893607561173192704
893627316320034816
893627433781313536
893627630913703937
893692063790661632
893731024676548608
893737383254007808
893834145864003584
893874566363136002
891093885413462016
891106048903438337
891151418660237312
891298282215018496
891388090677440512
891391316097208321
891392297551704064
891395908855791620
891397846599176198
891402313549705217
891406461737123840
891406700800036864
891407229273944069
891423951955664896
891448899700969473
891542306838499329
891577450898964485
891578004559745025
891595054397239296
891598028154445826
891649999788027904
891666743428513792
891667288704905216
891686142105587714
891697840010874881
891700167862124544
891704060155482112
891717679068979200
891742278687105024
891757160060899328
891760519702392832
891780669147422720
891804220134969344
891839703963402240
891844015695515652
891863917672247296
891879046530842625
891896775845531652
891915780249407488
891926110811938821
891955676469014528
891962815166238720
892056654342045696
892056708876562433
892056880809254912
892099801130557441
892101344647147520
892103349520257024
892106700773367809
892113113872560128
892121825425203202
892132919380234241
892151449785737216
892158877919203328
892177429309136896
892182558938603520
892183699806203904
892184593171968000
892193476707831813
892193476728803329
892206953031774208
892229036042326016
892256429050019840
892306366425071616
892335739131842560
892415548360994816
892446863001096192
892452416284655616
892569668052975616
892595089712828417
892700039612682240
892715734685691904
892734814578778117
892758835345195009
892792314304901121
892800912602927104
892876531718115332
892880696674537472
892913470953242629
892986137253486592
892990176363991042
893115657356759045
893122997405442049
893148825937997824
893242652531052545
893418771335045120
893505509533396994
893515575862976513
893551680427393026
893553622423883777
893554729686401024
893596127479648256
893597016663629824
893885295376166912
893965582751735809
891157005469089792
891199216944635904
891294872250003456
891330708404191232
891374798915289088
891387994200039424
891443237386375169
891450057295364096
891501110388703232
891507418622042112
891538657810800641
891541182777577472
891584207922659329
891642357778702337
891659210483806209
891678000944513024
891739078407966720
891807298775130112
891845924099690496
891954242034044928
892117345904275456
892121758312140801
892208026752626688
892253744682999809
892283780089643008
892293875783610368
892297285756964864
892314813757566976
892335726557319168
892450507855474688
892459945039454208
892503750379753473
892600785581821953
892645735937822720
892712911918989312
892720633611567104
892720797202173952
892726375643271168
892748324440297472
892758231373754369
892772043216650242
892785339139489792
892791026640986112
892817308154032128
892841001752068096
892875684468707329
892884307957755904
892913647109914624
892916130142068736
892958865922211840
892960078059507712
892997445113716736
893014440433659905
893015132481179648
893036594759966721
893048007456944128
893050796660543488
893150335899848704
893216492648632324
893220267513716736
893229285254856705
893232812672921601
893249258534600706
893253893261373440
893291881060335616
893351058487029761
893370440390811648
893387892856283136
893393383208747009
893393714571300868
893397787236343808
893422764295454720
893445216442757121
893456838854823936
893458696931393541
893471539894636544
893494512072478720
893499268430012416
893542306174914560
893604331529932800
893627660278128640
893633972684693504
893635897857585152
893662674319544320
893680378485108740
893700800542900225
893703430367260673
893723743394156544
893749320222089217
893781909980893185
893806471825240064
893847802517757952
893850675607728128
893878181861752832
893892413110071296
893904203294195712
893907973977853953
891374450784047104
891421074684039171
892395281467224064
892400457246810112
892445172730134528
892473979180634112
892567285692551168
892588072663216128
892607722985795584
892635350845313025
892654548178919424
892661028395393024
892673716148031488
892686559086080000
892686592673857536
892694490540118017
892695035803783169
892718876210888705
892720423900721152
892726857984090112
892731400398483456
892733849872068609
892741416421556224
892744427935997952
892750987823382531
892757094717415424
892761997854613504
892776363345801216
892777818765099008
892786849122582528
892795673908838401
892825289889161216
892852611610812416
892909108885471232
892932072683307008
892962519135989763
892972145063714817
892987198428950528
893003937892016128
893012104185335808
893012834023608320
893019410683895808
893023424624439296
893024137668567040
893057117481046017
893114407454203904
893119092491784192
893129133655560193
893143947941470209
893147131451756545
893147202750738432
893155301943332864
893159554942369793
893180455184453633
893184980838428673
893193478489989123
893196175440039937
893222394034311169
893226336654950402
893234058364411904
893246939080396800
893291277080420352
893298810046226432
893304417847574529
893308318529318914
893317806048952321
893324915407028226
893327981447454721
893353654748454912
893355798054744064
893382838720106496
893385284007677952
893399133624573953
893441047275212800
893443861644705792
893459745499213824
893472693311418368
893494688237408256
893513843611242497
893520378357796865
893523574392107013
893525692545196037
893526174869200919
893526309086703616
893539382724046850
893548329212141568
893592679782789122
893598904104693760
893614137808494592
893635075794972672
893643619596345344
893654679967731712
893717271570509824
893725098137538560
893899681847169024
891110587106820097
891275884635860993
891391823582830592
891540708812668928
891578172336087042
891673546627448832
891731398658338816
891736213702541312
891741972477751299
891770330167095296
891811891533578241
891838122694193153
891872675399966721
891909388113522688
891932557457018880
891993173534195712
892014795179806720
892025381586214912
892025603905527808
892034026084732928
892079827859132420
892095359358468096
892114808350355458
892114950977728512
892143589685415936
892197914306646016
892287085205364737
892384774756630528
892396514580058113
892419553912926208
892419772008288256
892421969806860290
892424960378945538
892429293095186432
892445910906544128
892451506129162240
892460595189915648
892472934815731712
892473324898582528
892479138182950912
892548138699034624
892560054695677952
892616904279568385
893103368079626240
893165737350770688
893167146657660928
893173119338389508
893177191999037440
893193864365953024
893206535366639616
893222654077018113
893254727919644678
893267814131388416
893292426319843330
893305265088593920
893308264028315648
893326375033085952
893357974881697792
893358310430081024
893392041031327745
893455593113100290
893554356401848320
893569208457580545
893602083412115456
893612254578352133
893621444298539009
893685516503322624
893690495116947461
893702620862394368
893750515632418817
893752256247582720
893773735286538240
893776608376610816
893786582439866368
893788478273703936
893792135702609920
893810854872760322
893846233848184832
893852110034530304
893852873401942016
893860318287458304
893867243104342016
893871009597726720
893875078059917312
893877632403611648
893880555829428224
893880622917332993
893882799786217472
893905897801601024
893936667228336128
893946104387170304
893951141779832833
893962516694536193
893972872464670726
891111515985784833
891140316358684672
891149254416379904
891161971537702913
891171165477232640
891176072812912640
891198361331748864
891199166617145345
891227000051859458
891244480124387330
891247753468268544
891260283317919744
891282012534747136
891380717090942977
891405618669596672
891438388766756864
891489718658924544
891650452781236224
891693305968205824
891696367822716929
891713946125611008
891746472990986240
891753775274356736
891854262376050688
892004632402173953
892033963157594112
892040963429945347
892070621382930433
892148337637380097
892154595547508738
892203589199814656
892288096015876098
892341736969732096
892393867974238208
892414642382831620
892452114303201280
892503301555712000
892901080992014337
892914234316570624
892995922593857536
893194665490567168
893201217001795584
893205985917108226
893217335712116738
893220640819474436
893236457544044545
893300122867687424
893316631652446209
893397267129933825
893462429845381120
893463260304998400
893475503503323136
893492574320832512
893519719856197632
893533632366641152
893565978843459584
893631816808095745
893659427919843328
893678801401651200
893758279268147204
893781444408918016
893873534556147715
893893344241352704
893967239484985345
893969873503571968
891086641850441728
891105256163221504
891109433677410304
891129159489073153
891141134239531008
891154954454302722
891164194543996928
891305031563137026
891412992268677121
891489552493359104
891493413836771328
891573294356418560
891596249799028736
891629623850749952
891643951614001152
891660263249891328
891673777293185024
891692194389790720
891695044469686272
891704561978691584
891708778772647936
891711127566069762
891728445855674368
891744635877343232
891824436697063424
891834922280865793
891850925907861507
891915964786163712
891955164742942720
891971019245801472
891973221221904384
892019014641356800
892019606034014208
892047837890048002
892065370110144513
892067941201694720
892100728092807168
892196450473566208
892211221008707584
892271394322616320
892284895766220800
892345214064406528
892385496156057601
892388000201670657
892388880959361025
892412322945302528
892412968838848513
892414646778437633
892424134076092417
892438243710353408
892443406915563522
892449612321112068
892593842171465728
892709451626684416
892716437432881153
892732591585013762
892733963122253825
892754864387661825
892761981085790208
892781568481210368
892787281140035589
892800749045858304
892803420809244673
892809171191640072
892813977847246848
892815001270005761
892940224015282176
892996308449079296
893052637976956929
893082866309111809
893094690035163136
893094744573837313
893111108806082561
893146858822017024
893150357177606145
893158505032683524
893418037344436224
893433634740248576
893475390248943617
893476644328964096
893478510790152193
893497966643884032
893501368240963584
893534005647130624
893535118404538369
893537877438672900
893538116044279809
893717741345157121
893718222058467328
893758765794607104
893807079986802689
893811844745490432
893836758907072514
893842538661990400
893887862311137280
893895631525224449
893900503939260416
891101980394999809
891102043343134721
891106262817005568
891109056185868288
891110532614242305
891132196186148865
891135056680554496
891146276443529216
891150185530654722
891157366191927297
891166367155724288
891182787855867905
891195798595133440
891198243874496512
891578512049491968
891610598483427328
891621197502271489
891642445850697728
891676537161953287
891768182699995136
891774440584998919
891796133546209281
891833068557815808
891845785712697344
891944947456262144
891953101158178816
892055324739424257
892097712388222976
892167778207182848
892175097292894209
892195334805483524
892225097573978113
892416034891812864
892424134067662850
892455725598998528
892464453945618432
892476839721086978
892793455151386626
892800778406170624
892809775167262720
892814216952000512
892820218992406529
892825168271343621
892828414645723136
892837709231734784
892839496026177536
892842436225007617
892856403257417728
892868499604992003
892870705842466818
892910505597259777
892993712183283712
893023315580866561
893096413915172864
893117465131200512
893126570965159936
893135274124890113
893154643437432836
893156505683472384
893173886883426304
893179159140196353
893209135839289345
893324504335888384
893334461647114240
893354669774438400
893449549146148865
893454708119130112
893458185222279168
893461393835524097
893471611172605952
893475205691080704
893482419881254912
893484026308288512
893486127646212096
893490301016449024
893498551203790848
893516200818470915
893537520465694721
893636262766100481
893743423051759616
893754575710068741
893812381595205636
893826512197124096
893840785434660864
893841800439443456
893844753254674432
893854043629662208
893856509859438592
893857889818955776
893873425512636416
893877296838443011
893906946381815808
893940425295372288
891128559712030720
891200093587636224
891218590472445952
891223652972335104
891303390910619650
891306670835609600
891311825639419905
891314694543245312
891316607150116869
891320050648481792
891331119429373953
891369547642544135
891388522665476097
891462350817153024
891493124417126401
891542239725273088
891645813860032513
891683612956950528
891734875706982401
891788361500905473
891790337009528832
891828417108357122
891919135696760832
891968578131329024
891983405025435648
892056847255056384
892059888142233602
892117253629640704
892119900226977792
892124061010186240
892127982650830848
892142725642035200
892158722738450432
892176309434150912
892385315821948928
892402810242744320
892413778347741184
892440055658168321
892461861844787203
892473391994724352
892474180532391936
892523388098322432
892529209805025280
892557617813307392
892568900486836224
892606649239715840
892622436566433792
892654032266838016
892713574610501633
892732134405931009
892807564760625152
892868700952567808
892871653750743041
892884479940980737
892932060087820288
892996635621511169
893063744460378112
893064423962591232
893082195207892992
893086267893743617
893110620027047936
893157063542554624
893166915945807872
893176638346858496
893199384090996738
893207969818697728
893224050759282688
893224365365620737
893243101317394433
893301934811172865
893303235053670401
893335032064081920
893395958532382720
893463356803354625
893469971199795200
893497947228442625
893509812893437953
893520554514411520
893532264998612992
893542293596254208
893605589816836096
893627588953780225
893668026251444225
893676502918868998
893723982465314816
893733000197922817
893738700265467904
893743192343969796
893805276452671492
893814763951710208
893829850859020288
893832401021005824
893895885985337344
893903444146139136
893915750209073152
893943004830085121
893958448244764672
891088466360111105
891099132491857920
891108997486399489
891122826085847040
891164345522061312
891164702016905217
891174495742042113
891175108097847296
891414586095804416
891435779913908228
891452037040189440
891466180229246977
891466448664743936
891471158859636737
891479987852681217
891497692005847040
891507569608376320
891509293475876865
891515467466067968
891515773658644480
891554654852599808
891774537079148544
891802714392240128
891824436692664321
891825086793080832
891849829013434368
891857001281601536
891889305810948096
891900290689097728
891904036210978816
891919425107931136
892176166844551169
892182181451354112
892186858112909316
892190872078401536
892204889413230592
892231108041068544
892250309526904832
892261734827925504
892283910125748224
892286091155386368
892291124320194560
892592111786348544
892607865554259971
892611996964749312
892612395402760192
892616191285444608
892617457957031936
892617873193127936
892618493950140417
892622696638332928
892625427130273792
892644330850013184
892659556190433280
892661363922935808
892679047095963648
892720960796856320
892726929283055616
892731366852440064
892753600866275330
892825721932009473
892914662127403009
892914947331571714
892920701937524736
892937638511955969
892939148495073283
892983658440671232
892986170837090305
893009910589509632
893030341035806720
893096376149716992
893267033982459904
893274214660263936
893283387590549504
893289968457707520
893295693678489601
893301150455259136
893316430300622848
893321622861557761
893326458889916416
893340954429620224
893361904948793344
893451453347631104
893507023672836097
893637797906481153
893652175968116736
893654809974157312
893663743875444736
893672790959804416
893703640090787841
893728277424214018
893736766695329792
893143973132472320
892916784449425410
892923155618181121
893631066040291328
893268313257590784
892901454264111106
893252219734306816
893218208089604100
891704827746627584
892912317502967808
891368830429044736
892930436925714432
892385940764622848
893628675278503937
893293944657903616
893283102381887488
893656319948881921
892938057955000321
891703674279534593
893644601038262272
892906030262349824
892925558937485312
892417171556622336
893657125242712064
893298466134278144
891810234783682560
892938397685297152
892619311835172864
891306515637952512
892621635471237120
892939433678442501
892414449457528832
891243093588103168
