891077850601803776
891089821141270528
891097949689843712
891113896412684289
891114089363243009
891127699888115716
891177020717232128
891186059429720064
891230472898060288
891297229478268928
891329756276301824
891340292359671810
891357254133268480
891396944857190400
891409037010587648
891413629798666242
891416230267105282
891419338217058304
891448555734532097
891495494211567620
891510505633796098
891589761172996096
891619704325984256
891659663481196546
891665036355264512
891700616656900096
891754991597256704
891778567771697153
891817109239607297
891866472003371009
891903834888347649
891906838001856512
891999477581709312
892003734821195776
892005337036976129
892016753911316480
892151479162818560
892177555146645508
892187164292919296
892188263204610048
892216570562453504
892216646055669761
892232454408294400
892284367313281024
892324544547094528
892325286905360385
892360405820948480
892361794165121025
892387446511591424
892437698484502528
892507336497123328
892572310464581632
892626597349650433
892668271945801728
892707543197331458
892713864042872834
892752451631292417
892760802486132736
892807602526203904
892847997847040001
892859725133393921
892936485111865344
892985449400197121
893000574060290048
893085399647756289
893138692491038720
893144119907946496
893146158356410368
893186822121062400
893219420268396544
893235023071117313
893244309255970816
893246926518448128
893286252295933952
893363712693854208
893372638172770304
893390367508320256
893390824704278528
893393601320943616
893516939015880704
893542855620177920
893580969252450305
893604063085944832
893635906242060288
893676813322473472
893682223961866240
893692063790661632
893703522646192128
893746740750307328
893752352733368320
893806790579802112
893857927550955520
893905184761532416
893915599214137346
893952953694003200
891087648458248192
891094195770937344
891101388998135809
891166388139720704
891198097103224833
891242162448289792
891247229159321600
891248680409468928
891275796580532224
891275872065531905
891284327765606401
891302883366326276
891310483474481152
891312630929002496
891319949997875202
891328644794245120
891332482586603521
891335095625277440
891337515759796224
891355257640562690
891410869929816064
891426074265088003
891559880955314176
891586107938394112
891594412656144384
891630278174793729
891684468565651458
891718224320057349
891732300421091328
891742605817589762
891954636281610240
892003919341256704
892033258493489153
892040346875682816
892055651911905280
892058474682736644
892059951060865026
892105425692352512
892117484337344512
892150376077701121
892173360842633218
892208823699681281
892254566779166721
892398875998400512
892418274658594817
892512847791566848
892515955783479297
892526131181608960
892554904107184129
892560549627797504
892570204936564736
892582137714659329
892591004485902336
892604904405176320
892624378533265408
892628220545126400
892666522900058112
892679139383103488
892702493251121152
892715189430349824
892721128564772864
892730557360111616
892735045257093120
892762849310760960
892777487436050432
892785485973786626
892813759760146432
892848148850155520
892866834478886918
892874845591089152
892903165552623616
892904809702895616
892911709345775617
892919338788937728
892977140475584516
893004516701941761
893102961215381504
893116101965512704
893153108330782720
893193331697737733
893209177790836736
893319815141707776
893351884764917760
893395685894172673
893503303342075905
893657720825421824
893664230414659584
893743016187441152
893783910668226561
893827732743782400
893869935834923010
893872997702017027
893873278716182528
893882564909445122
893909697824260096
893911065184043008
893949631821950980
891089229735800832
891112843642150912
891127171414142976
891210357016055808
891223229356019712
891271786821672962
891287094596968449
891339860379922432
891349867972501504
891355559823368192
891361544914784256
891518749135818752
891530772514955265
891533331032141828
891608132232900608
891650851244298241
891653837571928066
891658421967216641
891668467304235008
891671382362378241
891672879728926721
891673127184236544
891686041421303808
891696283936862208
891697433150881794
891711497302409216
891714558498226176
891718324979195906
891773559806275585
891834326869917696
891834981160329216
891840026920833024
891841608169263104
891869147986096128
891881244358848512
891884415256842240
891937269816414209
891940530833178624
891962932615098368
891974961887424515
891989444789751808
892024316245757954
892052254512914433
892165496514248704
892212900537843713
892238716487512064
892247664405950469
892321214265516032
892321423951310848
892362180011708417
892369348098183168
892370199529369602
892482162280329222
892487874914000896
892626861590818816
892676777973305344
892732591580872704
892735926065082369
892772630419447812
892782344427327488
892785964115873792
892807522821779466
892822865589960704
893011475069116416
893037735610507264
893041527261458433
893090680293269504
893112297744412672
893162977523884033
893176760006840320
893178139915862016
893180417444007936
893217096624209925
893233752180051968
893246360266428416
893307521628336129
893309673310363648
893312026310782978
893325435496300545
893372575291764737
893441714182082560
893502854555738113
893548945737166848
893582110128308224
893702033668177920
893727279175671808
893732312348635137
893743859246792705
893817637066727424
893825715313020928
893835253160304640
893868748872011780
893890819261960192
893909735585480705
893910683498278912
893947253634863104
891095504393707522
891119319672909830
891121903355691008
891128152860139520
891132179413176321
891137069946478592
891147522156236806
891147601873170436
891693066901499904
891728626214985728
891734443697635328
891743264348540928
891744661030567936
891745055307952128
891754865776570403
891823530719010820
891829666994171905
891841419421372418
891861694682714112
891871068960563201
892026199505022981
892080217916887040
892147884640137216
892218583824158720
892282492438413312
892301484267888640
892327035934318596
892339224594313216
892339351929094144
892368647645274112
892380114884993024
892401489041215488
892406169876090880
892416143956299776
892417398049050624
892431436107657216
892431545411280896
892501598689083392
892516446529503232
892610419650686976
892626520879104001
892690749229219841
892718649085239296
892732885190533124
892733338158600194
892784009557790721
892789621540745217
892797415966814214
892800321222844416
892822123223302144
892822458750861312
892926753940926470
892938874313375749
892988052267687937
893021075809947648
893053861367169024
893057318799200261
893070266598817792
893128538068586496
893129225179455488
893140861436870657
893158703511339008
893158946776776705
893173442295586817
893190831900946434
893211396569055233
893222708581875713
893243176798093312
893267315038371841
893289879580188672
893356926339252226
893449620436774912
893457790949359616
893473968371400704
893478175266803712
893489772513161217
893496965727649793
893503953471713280
893509972285427712
893522907535638528
893533934352568320
893547209316335618
893567929194696704
893571385272016896
893587952789463040
893591090120376320
893592260343996416
893632439448457216
893751325137174528
893775446575390721
893795299579240448
893810624203026432
893824771758096384
893835278321938432
893865973240872960
893866521696645120
893868866304081920
891106334116126722
891111040129396736
891116085872906240
891123673360461824
891124570916347904
891129163716870144
891136969291464705
891144011553153025
891149640275570688
891162466469720064
891164173547184129
891165914170880000
891168791463313408
891184553687105536
891604135056900096
891639463696138242
891639727949873157
891650956089327616
891686205032730624
891767633246273536
891782850172915712
891802286577602560
891821102204432384
892013327181860865
892033375963238406
892050408998359040
892054766888525826
892056004233281536
892065143600939009
892075994269536258
892081274902396930
892097544616112128
892099104884408320
892099675301584896
892103437583876096
892131170355466240
892194164611440640
892200661562949632
892253325239910400
892265266452746240
892306441930932225
892316235609681920
892320132109926400
892324490004357120
892372820977737728
892433311230029834
892473144530927617
892527389481349127
892550810458087425
892563649230848000
892656653723738113
892715466229256192
892724362368909312
892769086215794688
892770822682791937
892772877895950336
892829207381897217
892833116464836608
892857502156587010
892865148393795585
892986791589888000
892988192491687937
893003975661846528
893041221081473024
893080882399117312
893139648784076800
893199807694745601
893199837042057216
893211794998792196
893228589000339457
893318108030443520
893333790554300416
893553102321836032
893587428505681920
893601210997116930
893665455117922305
893697193441456129
893723361704062976
893736405968531456
893756307932688385
893854119135457283
893858141447880705
893865137551101952
893866509080174592
893879289141231616
893895797925957633
893964643231834113
891117092484919296
891132003252400128
891164899174490112
891228891653718017
891271514171084800
891297875380056064
891306729576837122
891317429233745920
891341286422216705
891352724314390528
891407002789965824
891443807815966723
891460731836747776
891511021529169921
891714101352779777
891793201719267328
891804945778855936
891949737351532544
892010059793932288
892042372749467648
892051495356686336
892080092125560833
892101923439992833
892181267109654528
892181288077099008
892181694932934656
892183901132644352
892184601568870405
892185767598059521
892187403376627713
892188221270085634
892188720396476416
892192407172694017
892193417987489792
892195192211730436
892195603219918849
892240218060976128
892287223617339392
892364474320961536
892401233205395456
892407432378449920
892481830917505024
892504761173520384
892590945748885504
892591251916238848
892591734286405633
892591763659075584
892592501848129536
892596192831389696
892598201911566337
892602840790831105
892610323445727232
892611023873523713
892611791427076096
892615276923043841
892617973831041024
892618229717229569
892776044599668737
892864745723887616
892889274013540352
893063119504785409
893072275687313408
893074943277232128
893086985111298048
893107600119795712
893147068524613632
893157642356629504
893160670631530496
893215016236744704
893238500153188352
893310910609195009
893391697123713026
893408419775995904
893432826435129344
893509628348305410
893512371427201029
893521187845820416
893576644933320705
893604948092604416
893612028090347525
893648866666577923
893663500576276480
893722757707345920
893753300637683712
893764243576717312
893779095598903296
893779171100561408
893795558237843456
893797659609153536
893863753447550979
893923916535803905
893978438272303104
893978513782525952
893268543969644544
892234018858696704
892909675125100545
892938359965966339
892907108181708800
892936573188100096
893662737221402624
892942382303457281
892928897603522561
893649646785933312
893298126370504704
893268363606085634
893667363542847489
892906126710329345
893651337094742016
893269110171123712
893274470483456000
893272285272051712
893288139724394497
893666105230848000
893632525641302016
893633515509567488
893286080354680832
893298466104893440
892934987711889409
893287317653176323
893268686559076353
893652096263868416
893651731355017220
893287560914644993
893663303444180993
893630034233241600
892623975901052928
892930269157765120
893634937378578433
893284931115270144
893661021742653441
893281105888952321
893294787712999425
892053751879671808
892908022531465216
892935222622248962
893267885463941121
892906273506709504
893660170328449025
893628692060028928
893282246731325440
892924896229150720
891757805966897152
892942159992827905
892922878781526016
892915157050982400
