891086117562310656
891086180476956672
891091020695220224
891093604369809409
891096896911032321
891099329620049920
891106350876459008
891109853107822592
891110167684820992
891111396611674113
891123761436667906
891141947942998016
891257324836462592
891341689100566529
891357979756417024
891448547354300416
891459129583128576
891464355685867520
891465639163867137
891467459491921920
891467555964985344
891468302542929920
891470374508126208
891472152913903622
891473440577904640
891481078397112321
891518013429567488
891623005251657728
891723211355770880
891739904702504960
891778865592500226
891810620647116800
891813913196724225
891825309099597824
891828089952641024
891828102506131456
891833756457238531
891834687571845120
891836440774148096
891836822480764929
891846892983914497
891858335053611008
891868695009644544
891983916718055424
892058709542805504
892173839005753344
892174614939488257
892176925988274177
892184089859678209
892187529222512640
892188674250735616
892190817540079616
892192763692937216
892196840569004032
892197687822516224
892205921212014594
892343494387388416
892363127936909312
892421734955200512
892537522886254597
892540635063955456
892541020939878400
892592199858302976
892701306288209920
892769610533089282
892777420322766848
892866603792166912
892940096386813952
892944999536623617
892947558061940738
893001698129661955
893078042863583232
893107042285740032
893115741247070209
893165364074299392
893196137682923520
893228643530485760
893231088813920259
893232506476122114
893247845054197760
893262009210470400
893267755423731712
893463029622472704
893577714476752896
893587197827309568
893612871141249024
893625437280231424
893626796243111936
893645104363311104
893683037669609474
893833986442711040
893867658336124929
893901988714491904
893938999248564224
891097190503993344
891107944711938048
891127699888115716
891188336945094656
891198818498342912
891202316547706880
891231789909368832
891236965693128705
891254980253962240
891311708211257344
891376392771948544
891453081401122817
891522631358349312
891549470696980480
891635810461560832
891679049541713920
891746909198659584
891786138486284291
891843998935023616
892000094135963648
892020671391428608
892169485314134016
892175395063255040
892181300681068544
892209327020408837
892300460853518336
892335797868781569
892411505047609344
892449148900790273
892461127841591298
892511803435077632
892541553641746432
892548251924262912
892551821297942529
892553901672722433
892555361290403840
892556590196314116
892556737001148416
892561963108249600
892575699445350400
892591235155730432
892663813375496192
892713826268962820
892785158784417792
892812753110536192
892863466452725760
892878876317163520
892898669258723328
892900565092413440
892900955167109120
892903790495584256
892904880997900288
892906470639063042
892909897423228933
892909901600698368
892911218599628802
892914834106462209
892925022079258624
892940205455429633
892953077782917121
892995423450705920
893062096107261952
893091024234582018
893144136714407937
893228752595034112
893240211412586496
893263187822264321
893263917631373312
893265113028767744
893268866922680320
893272650176450560
893277633013829632
893278232795066368
893279595943804928
893320184206938113
893406687536730113
893584748337127424
893600028178223104
893622690023485441
893622731945553920
893623667292164096
893625974130069504
893626905269858304
893630835353690112
893633809102405632
893635268732796928
893635927242711040
893639102322671616
893639760807424000
893643959334862848
893744912021192707
893822535992659968
893885286974881792
893942144989356032
891124495452426242
891161296275517440
891164928513593344
891165469604016130
891229495641944064
891239905904402435
891269752592748544
891276933241208837
891294029211734016
891342293063618560
891358000727961600
891398094079897601
891398899377811457
891405488650428417
891418088314372096
891447540725559296
891526670481592320
891597671638728704
891619503011803137
891632027212099586
891648808609878017
891669566203371521
891691535997296640
891711056275542016
891715804223459329
891717662316933122
891738638031126528
891777477261099012
891834859521527809
891919697708449792
892004900816781313
892013163591467008
892042041395302400
892052384549027840
892059686832418823
892076682122862592
892077369992724480
892099759183450113
892111717173481474
892145946854916097
892154335496470529
892156386511114240
892158273935343616
892172417136775169
892233305847984128
892257469224820741
892308010583851008
892311789643411456
892316852193382403
892332211738902532
892365438985883651
892378776897810432
892441196517363716
892457176798769156
892476260915478530
892481541544267776
892512927495966720
892626823825281026
892660839626326016
892821389220093952
892824471995686912
892824555915530241
892878448498278400
892884991646027776
892896647583322112
892934270494355457
892941405005512704
892950888331038720
892970949703852036
893080509118656512
893108183132188672
893144073766395905
893187136710737920
893200696895471616
893253771605811200
893295764981547008
893300160603795456
893333048158285824
893345098406166530
893382025054371844
893388765305212928
893397002893086720
893426950236237824
893541588961550337
893582797964759041
893587143272022017
893598702786498562
893608135776235520
893630051022913536
893651857217802240
893657968289427456
893792529958744065
893838319192334340
893839564896448514
893875296180600832
893931957024849920
893932107998928898
893959962384367616
893968439089524738
891093944129409024
891137762006515712
891237183788658689
891300853344325632
891320562374541312
891327378126815232
891342326601220098
891459607750733825
891494181377499136
891497222256328704
891505036253179905
891533351982694401
891584283428532224
891590587480145920
891670467991482373
891739858540019713
891778764933386242
891785966557343744
891927260051120129
891976144651735040
892012278580736000
892077130942689280
892078330517766144
892129723324780544
892139038869553152
892168751306739713
892169569199992832
892200154052214785
892239957988786176
892387857540808704
892453636835606528
892466651735748613
892479586994315264
892520384981073920
892546129618915328
892600609408401412
892610008881520641
892611724343353345
892633912186462209
892637854840619008
892642200156295168
892644242761277444
892650597127794688
892657098324148225
892658927032082434
892664216049430528
892695761409892352
892706024859344896
892707023099502592
892718582634876928
892733673719697408
892737146615771136
892746990651658241
892753282111811584
892760936678907905
892772307462115329
892772353611931648
892773259564916736
892787587290628096
892800216373633024
892807376046305281
892815831754616832
892846815070097408
892853790197645313
892947222517731330
892951160952422400
892951353919766528
892953925023928320
892962456242331648
892964901513310208
892985105458790400
893008815855083520
893012158711304192
893019486198022144
893022208284442624
893030563317264385
893043917981192192
893053615241297920
893062226155851776
893112339670732800
893117536438562816
893120128509988864
893130547144396800
893132044519129089
893350441911672832
893393664218497024
893410982508285953
893415768209190912
893457681888845824
893474144532279297
893489260803837952
893615203195269120
893620508964651008
893771201939730432
893890299180843009
893958637000863744
893961627510292480
893964852934266880
893983903454605312
891134477895946240
891141998261837825
891194779387785216
891302166174064640
891489534101381120
891497155134988291
891497461327446019
891558987597881344
891582614116552704
891741410466160643
891766572095766529
891769990445248513
891830057068445697
892049066825330690
892131119990272002
892192323299405824
892210413328154625
892235839211753472
892237613381206016
892255112030167040
892266977724465152
892387371018276865
892413077903130624
892418547288244224
892425295910715393
892428127070298112
892483475097473025
892483668027027456
892505461626474497
893093406586654720
893133298637172737
893144010868629504
893155129972711425
893156262443184129
893156304382025729
893161270416900096
893176843867746305
893187501606805504
893202454287798272
893234951784509440
893262764185202688
893285312780173314
893297761453584384
893300630395244544
893302798846119936
893310994495221760
893319987099832320
893326861534584832
893329201989734400
893351788291784704
893374273967972353
893382616455499776
893417324304359427
893423661876740098
893442242681208832
893442838242795520
893448391501459456
893497200633884673
893516335027761152
893538728450433024
893550296328220672
893553110718726144
893553232353652737
893560777902362625
893562963113758720
893594848233611264
893595011803209729
893595829704904704
893607926040055808
893612661430263808
893658089920106497
893664024893816832
893674313521352704
893691115873939457
893699785500221440
893747009185878017
893768479806861312
893806778026164224
893807784650833920
893811630827597825
893827367851900928
893829238528159744
893880849426522112
893893205825118209
893906606643171329
893916320668037121
893924516312862720
893946825832583168
893950382573056001
893952874023194624
893956682442838016
893961468147838976
891139158730825729
891163255007301632
891196880717271040
891205764337020928
891238144296800257
891267825725304832
891280068844048384
891303160219705345
891350690064412672
891381396559851520
891419661203636224
891472198526959616
891503236905095168
891535996591919104
891548049167663104
891570573444120577
891587634686021632
891594068735791104
891599475202023424
891600543730339841
891602901952606208
891690454848286720
891713853867925504
891819279569563649
891837107668439044
891917927007629312
891934067402260480
891948600686673921
891949693042929664
891981980434169856
891991362794659840
891995936662138880
891997040699351041
892021103417106432
892133900834811904
892189055949168645
892316076222140416
892362507159031808
892456434436366336
892726258198556674
892772026422775808
892792507238567936
892918772562108416
893102831179370497
893205738453176321
893225220982616068
893271224096182272
893325850736721921
893358373353250816
893386986903535616
893445908485914624
893533531703582720
893553534305579008
893570147956518918
893585599780851713
893656382867558400
893699521288581120
893835039250804736
893835689334329344
893856467920531456
893857965316296705
893869977794625536
893870372067717121
893872116860243968
893874721560899584
893875757537165313
893876218893918208
893880253818355712
893880895555424256
893880966866927617
893889082836762624
893894304762130438
893895512721510401
893895743387435009
893912113768407040
893924898015522816
893929977304842240
893936180672245760
893940874094182402
893954857916403712
893969412147073028
893973220562526208
891144611330007041
891145215318392832
891186835367628800
891405522209058816
891406453323423744
891419954796539904
891668152748212224
891678294571188224
891698238495092736
891710678783987713
891713790948941824
891739103586398208
891739434911240192
891742043768315904
891987599333756928
892016645203427328
892019502673801218
892019850914271232
892020229013983232
892043949787009025
892046629951418368
892048206992994305
892060576016285696
892062325053816832
892065135216427008
892105610262663168
892116477687377920
892167803373006849
892186874684616704
892227928758661125
892276236101332992
892279974941532160
892280575662452740
892293577451212800
892316858141081601
892336326338633728
892341138300051457
892389954713772034
892401325455142912
892413396041162752
892427888355627009
892457575270281216
892468836980727810
892503158978748416
892525959198507008
892610392601395200
892623093671317504
892660252423864320
892673342850945026
892674173314752512
892674735351279617
892688748516913153
892688975017631744
892702560393584641
892721123112230914
892724328801996800
892732448991260672
892736624177684482
892746931935600640
892757996484341761
892766174957764608
892767329922277376
892926830516326400
893094866217054208
893110806119841793
893125414230556679
893128136497520640
893130245146071041
893142690996527104
893142949701312512
893146179319582721
893176294409617408
893373070198530048
893442089576476672
893490007385800704
893492532377665537
893506432305434624
893507142933762048
893520596444876800
893538908796993537
893631141525237760
893710435978854401
893745421121708033
893763366975664128
893764855945146368
893796453327536128
893800208106012672
893822384511299586
893826045178150914
893867037537193984
893878016442499077
891093453391765505
891135836825292803
891139326502883328
891153633269739520
891164051904098304
891164437796843520
891177276548820992
891180619421691904
891597088647204864
891631012186402817
891651354543902720
891666659563491331
891691036875083776
891727179159097345
891743377573777408
891919550911922176
892009359361880066
892077512620158976
892109372524044293
892120164501774336
892140519450714117
892150782904213505
892164095616667648
892165915961438208
892206185469939712
892208018376601600
892253698524622848
892261139223949312
892338008267083778
892352692496084992
892397416367968256
892417247024689152
892453410330509313
892458007287783424
892523379718320133
892574160127311872
892635132749918208
892717760530100224
892755937102049281
892762840905523200
892790691075682304
892799553660956676
892813365499670528
892816662218584076
892822777534853121
892881426483486722
892891027240964096
892928490760269827
892938653533470723
892970719021289472
893009860261969920
893045201438224384
893049160894689280
893051392251899904
893093008123580418
893113497302609920
893114810132508673
893118358513750016
893131839010992134
893139418093154307
893197542766333953
893211266529071109
893219244082688001
893222586959757312
893356469134835712
893399863395790848
893404535858888704
893409623545458689
893413461337792513
893445883311902721
893459204408782848
893470998795825152
893482331838836736
893516855142383616
893521871517384704
893523649889751040
893560165538070529
893564519187857409
893565827831570432
893572303853932545
893611516393431040
893738394085462016
893742529644040192
893745667000094720
893747889972948997
893814285830324224
893816181655834624
893839761999355904
893857508107984896
893858837702299648
893866219698348033
893885547059568640
893886998255161344
893893419768188928
893894317324079105
893898637478158337
893901074343636992
893911564302135296
891099384149975040
891103637153304576
891130598164713472
891131571230658560
891133253159186432
891161837319766017
891167659001339905
891176836171956225
891177675007700992
891231974475673600
891237699704700928
891271900055425024
891277948258594816
891279646922125313
891282968823693312
891302115813072896
891305458664955906
891305613870866432
891317248891244545
891330863589449728
891331056510656512
891338128103010304
891356926990307328
891373943298207744
891384470972104704
891385771235713024
891403391473246209
891586653193510912
891592927884869632
891600498603696128
891627140818587648
891665204127428609
891677300512747521
891702277609857025
891723215571230720
891782376228929537
891793411447152640
891932783941124096
891941914962010113
891996147287457793
892011502642778112
892096210835722240
892099553687633920
892102703580680192
892120831379296256
892147033200635905
892231380653924357
892235910518947840
892312284588122114
892397835785826305
892416311715934208
892456388286349312
892459202676961280
892460968462008320
892476143445716994
892498872404201474
892529792796553218
892556506331103232
892557173225553920
892625318057361409
892685380486561793
892761926538809347
892765563021406209
892774048106729473
892775134402158592
892778460481019904
892805668939247617
892836685838528512
892852351547039744
892855568599330816
892906881714454530
892922350278242304
892943737046802432
892976746227695616
893033818130702336
893041619523563520
893043771205701632
893064117778599936
893105985321152512
893128856860635136
893194787121246208
893224965117534208
893308607936118785
893355798058770432
893448014009970688
893486341589274624
893579899709030400
893651202868752388
893704692852604928
893729355368628225
893768098133807104
893768148457062400
893831335667695616
893855675209723907
891086289537310720
891110717167882242
891127922202902529
891139267778330624
891163846404079617
891164945295040513
891180925609926656
891429589104209920
891451982489243649
891459117012979712
891460782130577408
891478138198269952
891501395576332288
891508299413245952
891523826735091712
891531011560951810
891535390414385153
891595217962287104
891728563292049408
891839267751591936
891842237318877184
891856850290753537
891859635275214849
891859685636272133
891865637361987584
891871781983748096
891881974159130624
891892166330654720
891895064594497536
891907051919515648
891922239494475776
892027453576806400
892062643787354112
892108357540229120
892183003547541507
892200997115879425
892210690148233216
892232022365581312
892235402979024896
892246626932105216
892251941115441153
892258228398039040
892271457207812097
892318395676450816
892331968431521798
892355389433491456
892423161022746629
892458753861312513
892460335143284737
892479926716313601
892597941852098561
892602077444272128
892618825295740928
892628820301402112
892629076170625028
892648466421305344
892715436873322499
892719207586123779
892725536765726722
892914485958070272
892915287095480320
892916335650324481
892924317431934977
892930348845334528
892947914561003520
892964024903757824
892967023814299648
892976825919582212
892977169852444672
892992059623092224
892996736267853824
893001056421953536
893015660967669761
893016474670911488
893023999239782401
893029057566171136
893030022281220096
893115942590402561
893153754249179136
893154072991223808
893185291212791816
893186461431889920
893204132043075584
893219986478649346
893404808484466690
893417664026206209
893461121230938112
893532143393132545
893569363634262016
893588208646270976
893670702200631297
893766604961591296
893847957698695168
893892404717211648
893924335982923777
893946490284060672
893960952231669761
891086767654400000
891086973200367617
891088604784717825
891089259083423744
891090685138489344
891090722920837122
891091305924878336
891091377198694401
891093671491260416
891096859187585024
891450963273195520
891453542791303168
891459494487638016
891460824094707712
891816924690206720
891817646101995520
891817709020819460
891819919431667712
891821064464072704
891824642230542336
892174585562636291
892175214712414210
892175407650295808
892177299294093312
892177370593079298
892178440136179712
892182529599574016
892182626081099777
892182680569360384
892189026572279810
892591155447123969
892596247353274369
892615981536862208
892617164359946240
892617399224217600
892621568379047936
892622239463616512
892623405450616832
892624516979019776
892624638609633281
892905669552095232
892914821527724032
892915408734474240
892916033669001217
892918227273207809
892929526736474114
892934568314929156
892934606055452672
892935306504265733
892935994374320128
892942948505067520
893268879513862144
893269873534652416
893270435575382017
893272167818854400
893272826337153024
893274856359329792
893282838128189440
893284687837249537
893285920950153216
893286025795182595
893286889826004994
893289142179835906
893292891887370240
893293323879759872
893305567090966528
893308352075255808
893311166465945600
893324772804890624
893332087675265026
893333069112922116
893334482597621760
893348260898721792
893352039954001920
893628448786325505
893630977968353280
893631619696873472
893632953468637184
893637412022345729
893639446234583040
893641346271117312
893642046703120389
893643313386930177
893647176357879808
893648333985665024
893649667753295872
893652503119618049
893660635866701824
893662636562239488
893664096167632896
893686531495346176
893694915938369536
893697268926341120
893721583289806849
893730030655647744
893733008590721026
892474969057366018
892517578987491328
892473320670715908
892193850013478912
893884406196310018
892479398229794816
893497003484819457
892262900848570368
893801686141194240
892365401233010688
