891095974185242624
891096074848542721
891096213243691009
891096536201003008
891096666211856384
891096787854995458
891096896927916032
891097110841610240
891097286997975040
891170678900129795
891260768385150976
891350715238678532
891375495178317824
891378972235358209
891478935099379712
891502322546753537
891510174271234049
891520878130806785
891576800781807616
891580198189236225
891595893258022912
891599772976599040
891654793877348352
891655548835377152
891673777284820992
891785601627942912
891800092973436928
891815804832022528
891828580652638210
891832808519237632
891866832721858560
891954997000273921
891967273715589120
891975100286816257
891991340615159808
891993198708568064
892012609960116224
892031341725757440
892156759799984128
892193610933846016
892193904547835904
892204033771020292
892205787010875392
892228113295319040
892345465718665216
892494183159693312
892519801981210624
892521332897832960
892526361843302400
892552962123452417
892648520963862529
892648948778680320
892677902046724096
892702539384270852
892748504782716929
892753881876144129
892773297317916673
892810098141151232
892814346967023616
892855748933427200
892902104385376257
892918155982417920
892968525404549120
892993175299784704
893008606144102400
893011764484419584
893032199104147456
893033612605624321
893078013507719169
893094325160169472
893096338396782592
893107117774786566
893118396241297409
893139430701240320
893381593020026880
893401880893599744
893428284020731904
893454540355375106
893495367697694720
893544969557782528
893603119401062400
893624929786228736
893638137611776001
893720538924843008
893746866583744514
893780219668180992
893795734419406849
893798620084015104
893816596887744513
893818488510435328
893926592518516739
893931692758630400
893953717078249473
893960394405928960
891077850601803776
891107646916489216
891123081967616004
891127678912274433
891132066145984517
891149829027639296
891190908045197312
891198818510716928
891230472898060288
891285497984593920
891324236597534720
891383925703966720
891398496724541440
891431489136500736
891450229287006209
891454897526153216
891507749971820544
891654055692574721
891671986317008896
891672556746440704
891750805698748420
891825669835026434
891832531691155457
891852182030503938
891870548879224832
891969853199929344
892062861903753216
892108403639820291
892173323110690816
892176858904760320
892178951866642432
892182542186536960
892182609287151618
892193619322572800
892201835959918596
892203807291039744
892203807299452928
892208236501258240
892214393710067712
892216956433997824
892217161959211008
892217522690433024
892217573005299715
892222262220251136
892222702655877120
892227375106203648
892227916171403264
892229623240699905
892232353749360640
892237290411507712
892249793631854592
892250309548007428
892254352844259329
892254738745442304
892255128807493632
892258056444059648
892262544336838656
892269880178860032
892270014367023104
892271092332670978
892312372676771841
892347940358041600
892353531348385792
892445193697468417
892483596740677632
892568359417647104
892572285302956032
892590660540354560
892612210886942720
892651461150101504
892680729024385024
892693483919597568
892714736449662976
892781312607748096
892878859548463105
892943372163403777
892992030246350848
893054227601403904
893093058455187458
893139611052068864
893156568610611201
893179272382337024
893274676004126720
893299879606456325
893320213571162112
893321094404374528
893398298945519616
893577186019385344
893607791847288832
893646756944248832
893680474928717824
893748594624217090
893787056396161024
893828496136581120
893953733830115333
891114131318878208
891248332265447424
891423196997713921
891629334443831296
891711207266164737
891723240724459522
891729637050638336
891791318460051457
891796884309889025
891800139077009408
891836986050269184
891933014657204224
892121749948686336
892272879106215936
892282324674461696
892296480463212544
892309562468036608
892312037111480321
892318001411829760
892325626668908544
892330055841574912
892339652400746496
892344282933334017
892345469908602880
892356370904887297
892361534097285120
892361563478401025
892368458901364736
892369788474986496
892372074379063297
892373647243063296
892375861860614145
892376725849591808
892386553133125632
892386800597118976
892391183623868416
892395847689916416
892396665608568832
892396736911736832
892399366715166720
892400889243340800
892409743410638849
892415997138939905
892422687032659968
892425056822939649
892425300109385728
892427627922894848
892433143470403584
892434103936700417
892434611472617474
892442064725659648
892445185317130240
892445344692416516
892451808097992704
892455872378568705
892457831135313922
892460901349040128
892464105822531584
892472100145025025
892476197988257792
892485404473143296
892490479593545728
892491188426637314
892492543170162689
892493650483175425
892495252686344194
892496351627550720
892499111454412800
892500734658347008
892502802446127104
892506027861651460
892506103371714560
892507210659627009
892516165515329536
892528932981006336
892529348187652096
892533903227064321
892538705700900864
892632855242653696
892720461678759938
892735548573573120
892758327851134976
892779014129147904
892832269215428608
892851986642739200
892905740851187712
892943166608998400
892963349608247296
893031628687134724
893059822811201536
893110565492621313
893224398919946240
891094686508646400
891098004211421184
891102173345570816
891150932146343936
891255483545399296
891258633476067328
891296793270640641
891310860936892416
891324790212055040
891325142554603520
891328040835461120
891373611919003648
891378611546140677
891396403775381504
891396957431894018
891403827680874501
891451433060642817
891480143071498240
891507598960324608
891579405465788416
891588045711048704
891612955678212099
891629288319049732
891637731444621312
891669725595488256
891699136067653632
891724754872348673
891777103959642113
891794275448479744
891799191168704512
891801766496436225
891810587109449728
891818505942835201
891831554422341632
891871651981381633
891881470821847041
892001960613826560
892062597675134976
892074475948318722
892112853829922817
892181036406321152
892213617793277954
892253769840414720
892403812668907520
892412964669714432
892413707044753408
892447693481664512
892465594800500736
892469814270332928
892495231735787520
892497232418754563
892534364596252673
892559840790360064
892571509360738308
892636240041738240
892747045181804549
892763843335643136
892805970954506240
892824270669316102
892947314788249601
893094354511839234
893117272193204224
893140177270583296
893161324976451584
893161547274436608
893163627624222720
893173530367594497
893179146574204930
893244279883214849
893385313376141312
893431584937959424
893445304493772800
893447250671697920
893453521156284416
893500417677508610
893507304720674817
893524274857693185
893591752824827904
893593606707187713
893614595004395521
893622748718792710
893631053461463041
893754370180907008
893770182690312192
893774423148199936
893823207089766400
893831847372890112
893840072398651392
893897895077871617
893903842579841025
893927850805534721
893928014370795522
893931717949444096
893933408232931328
893934838516002817
893979025483419650
891088810293039104
891245572400795648
891258562160152576
891329236191121408
891364871006289920
891438296466948096
891469053323345921
891469267245445120
891470697482072064
891489102092058625
891494818915987456
891576846919254018
891577765488504832
891851980682829824
891855277397610496
891868934059806720
892010143713554432
892069212088397829
892085834106585088
892093715224940545
892184165373939712
892202158917025793
892260518467076097
892270706456760320
892371776587665408
892425685981179904
892488315332509696
892556388878225409
892611925653278720
892621044091047937
892626530244931588
892643731068923904
892703390844809216
892800178599714817
892907385001451520
893056832280907776
893102973793968128
893119285442166784
893187006670544896
893226089224515586
893232116435169281
893235203430207488
893239599044153345
893272088135352320
893277796599971841
893279272969699328
893291038013480960
893302480074928129
893335002695352320
893386013808185344
893429139637776385
893431027087151105
893464011081207809
893465143564271618
893473502799515649
893475918735388672
893494549812740096
893506251925147649
893506813961928704
893571473352392704
893583339055190017
893622551590576132
893634912191995904
893677639587835904
893720354396524544
893739094517231616
893824595412881408
893828223481651200
893840219199475712
893876965475852289
893915083314802692
893943000627384320
893954581075550209
893970775312609282
893973740677189632
893980858390110208
891089254906036224
891097211718836228
891103209338654720
891116123617447936
891119973967421440
891129243396190208
891141570451259392
891143109744115712
891148918863613952
891152978953908224
891157366208593921
891175854675546112
891200022276190209
891269408643063809
891337631266738178
891471751183564800
891473025337524226
891495326443597826
891504675190702081
891523649466978304
891550129202888704
891567573342593024
891572195448807425
891581058000596992
891619985331822594
891652919027798016
891668807714037768
891678177139019777
891684028163731457
891688876774903808
891713375717269504
891726558410440704
891879468662374400
891881357596438529
891881423203954689
891901637069025280
891928895850766336
891948191804907521
891985145665908736
892005831956418560
892184014395777024
892257660501843973
892264465324007426
892290805540335617
892295377344282624
892326662649638912
892328442406031360
892363708344614912
892411622492217344
892434703747346432
892604120053424128
892625950550106112
892634054805274624
892647514314350592
892681344370843648
892714868725305344
892719183045251072
892722156165058560
892733036185387008
892799792719507458
892941855779934208
892955235924271104
893068140111941633
893094505498513409
893100637591814145
893107306086322176
893116861159796736
893141594940915712
893143985702797312
893144095559884800
893159882907459584
893301085301075968
893367558870515713
893385882589331457
893441535185911808
893442074317471744
893442775345180672
893493249595277312
893537477478162433
893538132838146048
893538317396037633
893667337546588160
893715925173760000
893720572500291584
893742799719235585
893750993762045952
893751417386790913
893762024806555648
893820677916155904
893823303558643713
891108338972413952
891114907256725505
891122851280961536
891148545583177728
891163548595834880
891203423848345600
891573365667921920
891625312127242240
891627782538657792
891654353458778114
891711496677445632
891763552184410112
891774579009622017
891781415720939520
891784943138996224
891795869309206528
892021573179367424
892038690150785024
892039193429454849
892058449495851012
892086245169475585
892088304556011520
892089378285260800
892092201072828417
892092268169048064
892093920712118272
892094998673588224
892103114626617344
892103139788288001
892106096801927168
892109041211629569
892120973981437954
892129257723441152
892135368853790720
892137214351736832
892163504240766978
892164150146859008
892170089281323008
892187147515686913
892204591617638400
892236816463441920
892239874127929344
892270924531191809
892417951680282625
892425333638615040
892427246270468097
892432665303027713
892441838228918273
892443469846794240
892494212498935808
892495005247561728
892495835707174912
892498469746864128
892499409279348736
892499916773347331
892502966040543232
892757082147082241
892758785021935616
892766364125073410
892776438864031745
892787381799202816
892794080077402112
892797192259416065
892799247460048896
892910954383585280
893094111254851584
893105733646069760
893110024431652864
893113254024814592
893117733545672705
893122460517847040
893125027440324608
893131482486550529
893138361128546305
893139405514452993
893291058968371200
893343093495402497
893461125425094656
893464292124766210
893467697907937282
893487817950711808
893490682689671173
893563101529989121
893616289482027012
893879104595996672
893929067153678336
893943520691712000
893944456046551040
893948033779458048
893949124290240513
893958230141001728
891151590639390724
891152119109124096
891169886214397952
891196369012228096
891197539235631104
891295383976128516
891316615513505793
891322122668171264
891325096400498688
891332897839472640
891423025035440128
891465781745262596
891490465220100096
891519368189714433
891520152520413184
891541786740617216
891563542612201472
891632920586321920
891642693327003648
891725048452698112
891736201132101632
891742316435832832
891760293214384128
891790953559670785
891797974828929024
891860818073145345
891869764544581632
891925909510291456
891928203777921024
891987448313589760
892080549275344898
892100283496529920
892262301079932928
892287559170215937
892413472176300032
892436867974672385
892503406425903104
892505226749595649
892521966229495808
892542757385912320
892552005826293760
892596855518801922
892624235931283456
892633232713371648
892633635366490112
892782176634372097
892802464516386816
892803919931473921
892804163192672256
892824614635806720
892837805713485824
892844428515258369
892846571821428738
892849990141390848
892860173928325121
892896563718217728
892909813507788801
892934060795981824
893056383452667904
893069490682040320
893080639125295105
893103447746252800
893142643529719808
893146196092571648
893187795195396096
893189653297233923
893197957998280706
893210343782088707
893242778326634497
893294598965133313
893298365441744899
893308024915464192
893400094103535616
893432448972881921
893471212701179905
893477189584289792
893507682174238721
893510865672130561
893533502330867713
893566834443640832
893637814671335425
893689438164983808
893694823651196928
893700355933863936
893727518250995712
893742726805696512
893798532028784641
893839384511864833
893849094363500545
893853913606234112
893901644777349120
893938613368565765
893982334789091328
891091528202031105
891094330013884417
891098151029002240
891106598353063936
891110054455255040
891114097768628224
891117033785409536
891124705150722048
891143608866361344
891176676792688641
891193755994210304
891263159125856257
891369522501996545
891451596634292224
891482764507193346
891493577418788864
891523650578522112
891550871611486208
891818870863912960
891825929881878528
891913238505332736
892026652464750592
892031664653824001
892055169554403332
892079362291277824
892172152882974720
892182089206046720
892186153465532416
892201978599747584
892205921224368129
892212078467063809
892219938596765697
892222056695308289
892230990579609600
892233473620140033
892247952353349632
892256026363387904
892269750130139136
892278524609998848
892279430604664832
892361366316756992
892373169104977920
892432187139645440
892433504151240704
892497941239275520
892515829962555393
892573375800987649
892594171160150016
892613129414356992
892631320110784512
892637502506496000
892647275264167938
892741231868039168
892766422849519617
892838774606049280
892914511144988672
892914662131597313
892920932637061121
892920995538972673
892921192683679746
892922480318439425
892929312818688002
892938301212168193
892939530151571456
892941224650452992
892948740834639872
892955502090403840
892977866089955328
892997902309707777
893001178027577345
893005468821573632
893012355868639232
893017162545217537
893164684601430016
893202575947968512
893216912057958400
893278090196942849
893288408176615424
893291591640776705
893408180730048512
893484781287071744
893489109825720321
893491764794994688
893524245506142208
893541328910376960
893602125351137280
893644022237061120
893662833682112514
893672329611489281
893755947235106816
893779850590289921
893788151122100224
893792999725031424
893794249644412930
893796833318903809
893831339845308416
893849052403687425
893937480906424321
892191069185740801
892184307984236544
891111958669176832
892612479288619008
893720064951803904
893272318838947840
891626574587547648
893668621850902528
893270599149133824
893664209434750976
892807707362766852
893646836635844608
893706471224954880
892933138028138496
892922249610752002
892596167669940226
893684841211756545
893274101397237760
893694781724872704
892178637277069322
893283668625641473
891098423646183428
891664575002681345
893662842087497728
893700741830819841
893707431712362496
893674074408230914
892175269238374402
893705099700129792
893272952162078720
893276580226715648
893271547091222528
893548224333705217
893712783673507840
893679954843455488
892911277349240832
891092786505805824
893700326582308864
893728378066522112
892604673714081797
891232020612997121
892609799166205952
891118455637803008
891090710308556800
892601091761643520
893281609222426624
892920928421675008
892609916589883392
891819386771734528
891087740762071040
892597144921804800
892185734051844096
891454008333713408
891455476344528896
892603876788064256
893553844684193793
893667040573214721
891106698987024385
893634421462638592
