891077825419067393
891131428607598592
891139209041506306
891142937794363392
891143168460247040
891188123031523328
891285481203412993
891322592405204997
891475739026927616
891499764008841216
891505623472324608
891572434536628225
891585650792607744
891627748988420096
891642059974746112
891709718275796992
891762834945839104
891774822283440128
891816798886277121
891842811959676928
891843483027202048
891878551619817473
891954078426828801
891974139778449408
891991512594223104
892071137273942016
892088879179849729
892095644571193345
892119493417291780
892129018673344512
892166209554325506
892169623701000192
892188200285814786
892188896544649216
892191266334748672
892246136227901442
892284337927749632
892391418521583617
892432682067668992
892476630001741824
892489414244356097
892491532338696193
892502844401750016
892564404176384001
892575150012497920
892592287921909761
892593302960128001
892634038023856128
892651876398792705
892686575892652032
892725603891335169
892733120067383296
892788572956262400
892804620359225346
892859720947707907
892912514656350208
892968567339134976
892988989413699584
893026692003975168
893081419253260288
893127229449936897
893141343274512384
893167679330287616
893184087426465792
893195252697362432
893215947376529409
893244309255970816
893252190369964032
893267298252800004
893276303402520576
893294275991146497
893333245265408000
893339591251554304
893357249296564229
893375075075751936
893379512640995328
893534588643004416
893571318154543104
893584752539828224
893625131104448513
893635222608068609
893642004764274689
893709742777835520
893724326377254912
893740214392426496
893748124862357504
893748632356175872
893814059333767168
893904505301086209
893935144674840576
893966505498615809
891117134440538112
891136189176131584
891152035252498434
891196587120185344
891279965697835009
891303843878883329
891310147909410816
891325192869380098
891359271623028736
891361196791578624
891459288979341312
891493954901995520
891504260298547200
891584472189218816
891612079089700864
891656169613398016
891770942527074309
891842715482193920
891850546235224064
891869697435615232
891924252735287297
891940069451243520
891993441969876993
891996235380305920
892006771463729152
892025436145803264
892065462384599040
892079932733607936
892087658641489920
892089613183070208
892090124900675584
892108785359216641
892219489785458688
892288435771322368
892346468148924416
892357436249649152
892359688615993345
892383898126123008
892390609025105920
892400843114381313
892437224490270720
892439774644011009
892478550980390912
892508410217988097
892536155572387840
892552966326149121
892604220708442112
892622168147849216
892752225126240256
892754779453239301
892776774395981824
892790779155955712
892813659113697281
892815936595611648
892824308439019520
892832797693497344
892835649849618432
892839072397492226
892877202806722560
892895041177362432
892919632386031617
892937193924288518
892965979428454400
893124377331589124
893148112893616128
893155637470924800
893159630469296129
893194384463810561
893238403663372289
893339658364440576
893448932558352386
893462039791894530
893463054809157632
893492582713626624
893493627086712832
893512727951544322
893517337466359808
893585293605052416
893649701307863040
893743137851658241
893767259281215488
893802105559027712
893865988994846724
893892316657704960
893893352650944512
893898239010910208
893908653480304640
893911438477189120
893934431664316417
893947715012276224
891088344742076416
891113296648167425
891127628568121346
891158490273771520
891159400454381568
891170448247017473
891194359974178816
891241906583224320
891303432853893121
891379299407745024
891732795332198400
891867352811188224
892638735631663105
892686487787118593
892686710110289920
892743521962217472
892842318759374852
892858047432802304
892871804728950784
893090055333478401
893145021704273921
893217440557146115
893245064247361537
893396679927504896
893418175743832064
893464141125562368
893477525137092608
893490934326976512
893495229289963522
893499339712192512
893525017237098496
893528100054740994
893548245304999937
893660128351793152
893662267480432640
893672463829266433
893675638896373760
893692894254690304
893702897686413312
893704625752354816
893713597355917312
893718513080291328
893723877603332100
893725412714582016
893768991512174593
893827313338601472
893839795591536640
893850147108655106
893851963233902602
893853921994788864
893859500402376704
893863149476204544
893863262705659906
893868023232286720
893872460810121216
893872603424845825
893873484203532288
893874943850622976
893876021790998528
893876747401179136
893877540112257025
893878697735991297
893890462771228673
893891666536517632
893892232742400003
893895600781099009
893895684688154625
893906254317457408
893911237163180032
893911950165508096
893914567415386112
893917696382967808
893918375872778243
893922469492518912
893932959442624512
893940316272812034
893942438590545920
893949183006314496
893949761820266497
893952291006558208
893955591923806208
893955608713592835
893956367844769792
893960109185007617
893960327297159168
893971068901367810
893971693861044228
893973245724176386
893974072031408128
893974210418102272
893975221241344000
893975330314223617
893978031425036289
893978694145933312
893981395265216512
891153947855122432
891185094756401152
891409339013050369
891472731702689792
891546115266490368
891552960362278912
891606643259170816
891666596665720832
891693645715435520
891694308432203777
891715762297163776
891795336611627008
891801317710204928
891871853320577024
891996088571379716
892014648391643136
892021174703579136
892022466574471168
892030490252849152
892050727765409792
892065172965048321
892069006550515712
892138787186278404
892141404444643328
892160002001076224
892200216962662401
892225110152761344
892252033419538432
892267330012565504
892289358513922048
892402218862817280
892435831985754113
892474331501965312
892500482987442176
892541436176076800
892545940854276096
892548159666348036
892554618873368577
892555021539196929
892563821176307712
892576664164614144
892743320639873024
892918273423155200
893032463340978176
893120212379340800
893123190364540929
893124574447104000
893140777060225024
893174297954574338
893184108406292481
893189246437208064
893205981722624001
893243474610466816
893244980369788932
893259723314786304
893275095468212225
893276576057409536
893307907512483840
893402111550955521
893417638868656128
893506990147809280
893534039210172424
893537994421944321
893611801585213440
893624480991514626
893629388310237184
893689840826552320
893729737025048576
893800335571079170
893860431533490176
893876659316817921
893879326873014272
893892954183548929
893953180177969152
893974772475887618
891089842091765760
891099937768865792
891117356721766401
891160985884667904
891169785530253313
891195187359137793
891195534349881345
891357707147644928
891401772480077824
891532044785905664
891535503689883648
891539710564339713
891572602300502016
891574867237142528
891575479576154112
891585034204962816
891587143952478208
891618391492104200
891619142280916992
891620815833366530
891625702201622529
891635919496904704
891650876376592384
891705171662835712
891706065045336064
891838165010403328
891838256802914306
891868766312816646
891919215392940032
891933740246589440
891944699975446528
891945101814939648
891951679284944896
891959967254761473
891976255968509953
891981402660630528
891989151217844224
891992728933892096
891994684700192768
892005939942838272
892023968135237632
892031358478024704
892113482958635011
892268411530694656
892300137866948610
892306714560794624
892318789932593152
892351144789409792
892351793279229952
892394539067068416
892423464707117058
892631626294804480
892632683356057600
892693022508503040
892697838160945152
892722525280620544
892751802961203200
892779676850061313
892783451719561217
892811138303377408
893082656606433281
893094497093079040
893101212211576833
893101627439230976
893112222251089920
893117200869076993
893139502365122560
893156459634188288
893157868853219328
893158789398089728
893194900346482688
893298180900745216
893378970304954370
893387813164634112
893451231699632128
893465145061593090
893480037546119168
893497020266237952
893500608077979653
893506059016523776
893507598326145024
893509510903549952
893539760232419328
893652255672459264
893675823080894464
893749450253848577
893761758443319296
893773928224612352
893777107486224384
893793432711290881
893840122730491904
893851336780939265
893856635696934912
891089728853991424
891094887856295936
891098583046303744
891105604294524928
891123115517804544
891127410493706244
891149254420561925
891187355457114112
891194536113917952
891566226941464576
891576624633835520
891604562901164032
891618802537857024
891629175081099264
891636615776436224
891642030614618112
891647122487078912
891647499987038208
891691703740059648
891715288323964928
891872813816131584
892021988415459329
892030494451400704
892041798125842435
892101415967096832
892117924713971712
892129253529178113
892141605771239427
892143765837819906
892162430490619906
892203958306914305
892232995469271040
892265547454443520
892279996810534912
892357725686034433
892371923392503808
892390323804098560
892401551951659008
892403594569424897
892403682653990912
892406228600713220
892418429826863104
892426256397905920
892520213010198528
892551485719887872
892562093123276801
892570418820792320
892576030795460609
892673657406980096
892691789420916736
892701088180260868
892704892422377472
892737100461879301
892742687270604802
892745719773188096
892761653930074112
892764208257011712
892817329100210176
892819946345975808
892829303867625472
892842146813890561
892851139405795328
892862052967919616
892876208743915520
892915199010906117
892920555111829504
892922367084818433
892930554349330432
892950963849502720
892963571902029824
892973562725892096
892984866383564800
893111211432214531
893128575842484224
893130362611798017
893152701462261760
893163564705472513
893167373141897216
893169948440350723
893212654835298309
893239691352449024
893401679546261504
893492289091190784
893492314248798208
893501080373297152
893517140346654720
893528502737219585
893550568937050116
893551613331349504
893569762080456714
893722854168051712
893722854180610049
893722854180634624
893722854184820736
893722854188924928
893756228261859328
893781352159555585
893854639195656192
891098629166972929
891155478750810112
891322378491494401
891431921133264896
891503262049939456
891510954394927104
891566734448234497
891584908400963584
891633654568558592
891656312228122624
891658958833803269
891663518029811712
891795789604945920
891805390341648385
891825741133824000
891862453855932417
891873472313524224
892015042656325632
892047909201620992
892049897305890816
892052975920832512
892066238339395586
892111671006834690
892115911456555008
892119212377780224
892143845512802305
892147008030560256
892158206830678017
892177567721164800
892286477048197120
892291485013393408
892317657491484672
892340482877083649
892341304989933568
892356467365474304
892460268034433026
892481524754300928
892486146881716224
892584444598603776
892630690961002496
892764715759304711
892796894455443456
892819036177932288
892822819473694722
892838086719221760
892873566357782528
892899151587012610
892961055315460096
893003505870548994
893032786302562304
893067313838215168
893128546478149632
893165468944670720
893197920270508032
893342896375697409
893361586177429504
893367344977850368
893396222777708544
893414228887048192
893464820611244033
893465953069039616
893495896192798720
893497494218444800
893507422136020996
893533460396208128
893542012590227456
893542159382609920
893543656740671488
893546362045779968
893577085326938113
893609775736512512
893615089949036548
893697273124618240
893732563977732096
893753829132566528
893829657946079233
893837220255105025
893852466583928832
893865305314689025
893873391928823809
893876210517897216
893893193262968833
893923253827375106
893928014362423296
893929062950989824
893936650425835520
893940093957943296
891097253439557633
891100441106370562
891131835467616256
891143722137780226
891161275308187648
891167935846371328
891202501118218241
891262886516883459
891318410709266432
891328317634355201
891329714329198592
891347754064236544
891378204702896128
891455006586667009
891466389944401921
891471775430791168
891507456374956032
891525479290818560
891538729105600512
891686049843466241
891720657049980928
891773220029947905
891813036557729792
891819969750548480
891821207091372032
891873598117339136
891927041951629312
891957358393384960
892023812954435584
892036127393185793
892043572308062208
892072441677086720
892078372435755008
892119313028587520
892164485691125760
892173818030051328
892178150725222400
892185004238925824
892185159432372224
892185339791425536
892186040236167168
892189626340978688
892220081203101697
892267141285597184
892267757865021440
892282354022195201
892369889142296580
892378093196910592
892477972166221825
892490458605203457
892493201675825152
892595609798156290
892634952369664001
892643567482671104
892653747075039233
892698563196600320
892732558051491842
892752892012236801
892836144769093633
892906726520958979
892919301015044096
892929967130112002
892997403162181632
893016881535307776
893041665660690434
893082912446455809
893247656297996289
893251561215885312
893260478314459137
893288047470678016
893298516436692992
893302199035584513
893414975477362689
893442519480115200
893505312422076416
893513893976449024
893527345105076224
893660291950665728
893666159790354432
893678134528180224
893680718185975809
893696987895222272
893749076969144320
893895554660433920
893904161347121154
893916098340544512
893937480927457282
893939703879274498
892943074346680322
892930072008679424
892916876715708417
892192730125787137
892923642119671808
892425639843835907
893267654739464196
893282657777459200
892922513872826369
893272620812177408
893268250359848960
892616820418588673
891321044719554562
892193489311739904
892192818227105792
893638791939842048
893635541354164224
893646534629347328
893859651397206016
893237023741489153
893274285971611648
892623841683546112
893268271339720704
893297501444460544
893575445383450625
892195716478763008
892589792319479808
893630155859517440
893636984211726337
892614035383779328
892926502643388421
893276869662998528
893635394557939713
892922169935544322
892599929960640517
892618489760022528
893665992001298432
892910371379531776
892624772823228416
893212856195395588
892914481768128512
893628427831586816
892193568982536192
893280766154522625
892620280727842818
892191337646362626
893652712843354113
892606154286669824
892596649985441794
892907951232561152
893633700038049792
892194751797235715
893655392999194624
893970905306734593
893298638096441344
892622746982731776
893652729607966720
893662326179508224
892189735422132225
892910157453295616
893068756657876992
892603138607153152
893286160046469121
893271219910389760
893662590412480512
892604296230912000
892909830280818688
892931514836668416
892618259052326912
892922870405505025
892914674706022405
892924065765314560
893654768035299330
