784423050678677504
784423050439602176
784423074699489280
784423197907255298
784423246427029505
784423247429378049
784423295315767296
784423379247980544
784423550379782146
784423606784782336
784423682445811712
784423736208392192
784423856861802500
784423904764895232
784424097489022978
784424388603052032
784424550062776320
784424673765367808
784425304987238400
784425490643836928
784425555311546369
784425735989657601
784425748316717056
784425942726967297
784426047391559680
784426048993779712
784426155986280449
784426208989736960
784426290237542404
784426344243466240
784426517338189825
784426522924949504
784426760188391425
784426860620939264
784426996713619456
784427299873681409
784427441913753600
784427616082259968
784427992906862592
784428051497115648
784428070639898624
784428072904847360
784428081196990464
784428449016471552
784428514426687488
784428581334253568
784428809831448576
784429121942196224
784429199419465728
784429266154946560
784429507654651904
784429852992602112
784430383496622080
784430514237218817
784430583283720192
784430589428412420
784430680495259648
784430724069941248
784430886234296324
784430933801836544
784430938923098112
784431033651429378
784431065108733953
784431086751408130
784431158427807744
784431235787530240
784431237125537792
784431449030230016
784431546950422528
784431600654319617
784431866778714112
784432154059177985
784432352491610112
784432876381204480
784433103934676992
784433622342402048
784433872700317696
784433924516765696
784434073762689024
784434364314550272
784434471122722816
784434485580402688
784434716317483011
784434832327733249
784434862132457473
784435006840201216
784435011881668608
784435101249724420
784435146472783872
784435276185821184
784435398672060420
784435445371432960
784435456960331776
784435489419956224
784435726696022016
784435783851737088
784435788356485120
784435976835854336
784436049225322498
784436324535238656
784436423910973440
784436780158312448
784436838475915264
784437094580117506
784437216265310208
784437437892268032
784437495085854721
784437568477724673
784437890101153794
784438004224057349
