784272937620647936
784273307025612801
784273457785602048
784273520117153792
784273680369016834
784273721959682048
784273813437427717
784273958665265152
784274015380570112
784274129142677504
784274361704325120
784274382503878656
784274382730342400
784274415114608640
784274580936339456
784274820888272896
784274928426033153
784274991843975168
784275463577309184
784275780435968000
784275875365724160
784276029300838401
784276077996748800
784276150520381440
784276237904510976
784276263330467841
784276690465726464
784276706383187969
784276840089169920
784276968434835457
784276979272916992
784276998671650816
784277075100372992
784277267727863808
784277270064050176
784277309201068032
784277309129797632
784277329077907456
784277517393735680
784277683840491521
784277785657249792
784277935792402432
784278061373980672
784278207046361088
784278432666365952
784278473313366016
784278507366916096
784278594268700676
784278841027997697
784278893972721664
784278911613935616
784279016182132737
784279201243205632
784279236274118656
784279256285130752
784279283627757568
784279286102446080
784279448090652672
784279471167709184
784279565195628550
784279603384688641
784279639795519489
784279730065248257
784279733592666112
784279945459535872
784280047200854016
784280129857916928
784280203233079297
