926962476645781506
926962680551956480
926963005849468928
926963161315659776
926963223948967936
926963518569631745
926963576786640897
926963762325786631
926964005331243008
926964181227712512
926964260823019521
926964315093159936
926964422987350017
926964519183765504
926964862021877760
926964897598099456
926965155384168449
926965535040040961
926965667240251392
926965682117464065
926965752137166848
926965975538438147
926966030496251904
926966309866299392
926966413046288384
926966431861886976
926966432440520704
926966453655560192
926966697063538688
926966967873015808
926967296282816513
926967409696739328
926967520539574272
926967624294158336
926967864967532544
926968021364523008
926968298641661952
926968364278403072
926968544461508608
926968638359392256
926968687113986048
926968694181453824
926968783268450305
926968884472832000
926969035165700096
926969090236747777
926969388619698176
926969480055611392
926969500548857856
926969507234635776
926969543599239168
926969595403161600
926969709219762177
926969766367043584
926969861644861440
926970251941728256
926970282677547009
926970444657385477
926970715781427200
926970763479011330
926971048569929729
926971063262765056
926971145194221570
926971162843926533
926971450468327424
926971528432046080
926971615912570880
926971916728094720
926972001700532235
926972075176267776
926972263009841152
926972263789887488
926972439547887616
926972499178459136
926972525740933120
926972572209766401
926972695430000642
926972782608572417
926972893564624897
926973139279638528
926973148372832256
926973181633728513
926973244736913408
926973302265954304
926973318246285312
926973443031023617
926973598920728576
926973683343732738
926973730332467202
926973795323310080
926973856694329344
926973859856900096
926974549337477120
926974558644637696
926974696704196608
926975104713740289
926975180496400384
926975431991087109
926975705757384706
926975757888507904
926975794227716096
926975941825441792
926975979716841472
926976073010745344
926976103784288256
926976153029668864
926976212253200385
926976277545922565
926976356134588419
926976579791736832
926976847715463168
926976980666462209
926977070391021569
926977272162279424
926977978273337344
926978182032642048
926978262319943681
926978600607404037
926978711198552064
926978729901023232
926978813141151744
926978941767880708
926979021061152768
926979057870360577
926979135540465664
926979208949121027
926979360271237126
926979773045379072
926980022438711296
926980384398684160
926980613411831809
926980691732123648
926980692315164672
926980908510572544
926980965368549376
926981030967480321
926981093793980416
926981125490249728
926981224102551552
926981286954184705
926981328775602176
926981383372894210
926981399101493249
926981834331820032
926981935402012674
926981949012496389
926981993275056128
926982167246331909
926982251593830401
926982323194748929
926982510311084038
926982653139718144
926982661909958656
926982691370815488
926982815824142336
926983049132363777
926983256448389122
926983270205714432
926983328242204672
926983440783872000
926983475370053634
926983649601388545
926983905940471808
926983936756117504
926983987519807488
926984047414345728
926984101940297728
926984122567884800
926984221561905152
926984486352453632
926984531567153154
926984874044555264
926985027493212160
926985061945274368
926985102516633600
926985510635139073
926985561591689216
926985765082615808
926985840731009024
926985846359695360
926985883315834880
926985892392251392
926986008306049024
926986078522834944
926986195179130880
926986801704849408
926986819694157825
926986864812265472
926986876489224199
926986947125563392
926987034161491968
926987186116980736
926987210863280129
926987229934653440
926987266773446656
926987566078885894
926987822267031552
926987833239207936
926987951166369792
926988016534589440
926988372375212032
926988567141896192
926988597542219776
926988702852767744
926988998584741889
926989003152330752
926989486453600256
926989735511203840
926989744768139265
926989858538737665
926989877161291776
926989910145421322
926990075430363136
926990091498721280
926990485905743872
926990971954491393
926991015138988033
926991030955790338
926991074714968064
926991112967016448
926991135226155008
926991243451817984
926991254956793862
926991255996981248
926991343204950016
926991415988641792
926991630783188993
926991660231389185
926991696906412033
926991744276742149
926991852263346176
926992075618430982
926992171978317826
926992215922049024
926992255511957504
926992493404721152
926992856375545857
926992907390763010
926993005407621120
926993014412775425
926993068804337664
926993095169855494
926993211289210881
926993372124008449
926993458790776832
926993579905572864
926993759866368002
926993812404293633
926993895870877696
926994039639105536
926994076943224832
926994533220368384
926994774674100224
926994845054402561
926995000700932096
926995149263196160
926995150961872896
926995295942127617
926995367576723456
926995389223522304
926995432491896832
926995453245251584
926995781109854208
926995827767123968
926995882209431553
926995996957118464
926996224754020352
926996249601085440
926996297286082560
926996310967881728
926996805472178176
926996837642461184
926997011492204545
926997224080510977
926997946368892929
926997973199925248
926998027977576449
926998189982584833
926998483919351808
926998619097575425
926998662097416192
926998704338472960
926998812874420224
926998996266180608
926999024439365633
926999112460980224
926999291440361472
926999324340387840
926999692269047808
926999853212807169
927000098621542400
927000127235076096
927000349222817792
927000486590300160
927000502533009409
927000836848304128
927000863499055105
927000891084873728
927000977592455198
927001328257323008
927001402425081856
927001459253809158
927001623871803392
927001730201636864
927001826284752896
927001870870212608
927001892202393600
927002075959095296
927002287985319937
927002397171429381
927002474464141312
927002640814354433
927002679225745408
927002708799819776
927002815783895042
927003156193558529
927003378370084864
927003651503280128
927003919842234368
927004016587841537
927004490280128512
927004562157899776
927005075159113728
927005084461993985
927005211113197568
927005376700145664
927005441963511808
927005581583544320
927005713133531136
927005713720676353
927006145339969536
927006167011938304
927006277875699712
927006421366996993
927006659637121024
927007041708847104
927007047979290624
927007103511879680
927007180372443137
927007181156814848
927007212404400128
927007339349204992
927007396462977024
927007989059301377
927008042511753216
927008215056908288
927008296044810245
927008340902678528
927008742847188993
927008782089105409
927008891413569536
927009144799924224
927009210562314241
927009492939702273
927009529262428160
927009893755838464
927009939394056192
927010075687784448
927010088623181824
927010336741392385
927010488629723139
927010905283551232
927010968634380288
927011082002227200
927011395983388679
927011448781492224
927012213210206210
927012505377034240
927012883627761664
927012923553218560
927012946898808832
927013083561766913
927013410822385664
927013669262712832
927013767656943616
927013821931311105
927014490218156033
927014564654342144
927014667771367424
927014804186857475
927014878375591936
927015039919427585
927015206336819200
927015367200989184
927015682419646464
927015734311641088
927015866193076224
927015937458495488
927016014134632448
927016432386355206
927016818388193281
927016857885990913
927016888197976064
927017286011060224
927017318684807168
927017399597101056
927017811129585664
927018099936776192
927018133591855105
927018213392764928
927018240781451264
927018313703706624
927018351347617792
927018403340193794
927018470360993792
927018599541366785
927018651039002624
927018775324516352
927018797168553985
927018913493389312
927018949589590016
927019041973293056
927019076135849984
927019272660045824
927019289349062657
927019634070605829
927019936983085056
927020072803229697
927020218827923456
927020319554068480
927020373404631040
927020401712160768
927020431676145664
927020465637400577
927020549808771072
927020647389286405
927020747612213249
927020802276495360
927020943179943937
927021432609103872
927021822847135745
927021852266041351
927022165026852865
927022254491303936
927022496666267649
927022619248951296
927022717660024832
927022731660615680
927023199644192769
927023339528491008
927023391198076929
927023466615885824
927023488099143680
927023496437424128
927023603765223424
927023685000744960
927023745557872640
927023753829208064
927024026920288256
927024083501551616
927024121128644608
927024275445264385
927024473102004225
927024472070033409
927024575652573190
927024632284184576
927024914904899584
927025027609956353
927025103337951232
927025170388324352
927025208589824001
927025209135239169
927025259835949057
927025339955646465
927025351544406016
927025403214090241
927025630830649344
927025676879876096
927025731661594625
927025761558679552
927026173158281216
927026603149987840
927026656572780544
927026731847995392
927026796813520896
927026825754218496
927026846893568000
927027131191889920
927027489158840327
927027751856558080
927028370797420544
927028522010464256
927028574657314816
927028616139075584
927028626792550400
927028952069279745
927029065332219905
927029070012940289
927029090892251137
927029103156281344
927029253354479616
927029360393154562
927029563825287169
927030091493920768
927030218249908225
927030332507021312
927030347061190657
927030410885943296
927030440812253184
927030440833224705
927030505136062464
927031452524535808
927031893756989441
927032064905396224
927032359878348800
927032610144116736
927032792399171585
927033168112308224
927033298643312640
927033307744780289
927033356163977217
927033378368565248
927033424703041536
927033441132179459
927033443401179136
927033455132708866
927033471662542853
927033507108610048
927033548258856960
927033553631793152
927033578109751297
927033578566897666
927033599127441408
927033636393766912
927033667477700609
927033696913362944
927033704974831617
927033819865276416
927033832917803008
927033965017526272
927033985158524930
927033997405884417
927034059514986496
927034154117681152
927034183947554817
927034226540732416
927034345314910208
927034394971426816
927034400994406401
927034458829721601
927034697980502016
927034783745626113
927034968982867968
927035001216159745
927035096716267520
927035164580040704
927035277033357312
927035322604642304
927035340103307265
927035363784384512
927035376124026880
927035429668507649
927035442205155328
927035751300259840
927035762922655745
927035962898763776
927036011888201728
927036117043511296
927036137901821952
927036439128412160
927036518153248768
927036644913549312
927036831434145794
927036844793057281
927036934316101633
927036965156982784
927036976833773568
927037151673573376
927037359052423168
927037402727804929
927037644235829248
927037664246816770
927037687940440064
927037788981157888
927037834875240448
927038111724515330
927038187733766145
927038260324524032
927038344109977600
927038573240553473
927038788886585344
927038867458404353
927038877088538625
927039006256259072
927039006839369728
927039689386856448
927039759695990784
927039786099101696
927040066454740993
927040513223675904
927040566558326785
927040673987035137
927040836260507648
927041129907998720
927041183397892096
927041278512193536
927041421571444736
927041450075754497
927041978608517120
927042287078658048
927042435825459200
927042902819254272
927043590932623361
927043647786196992
927044100850946048
927044369286344704
927044437393510400
927045440926896128
927045458735677440
927045464259792896
927045517544251392
927045673295499265
927045683508662273
927046080642117632
927046406103109632
927046973181620224
927047217512419328
927047575525404673
927047668479774722
927047977532657664
927048003353022464
927048617201946624
927049203238481920
927049262176882688
927049480498802688
927049694584418304
927050149892952064
927050554391527424
927051042029699073
927051076775358465
927051522298535936
927051816457719808
927052426603061248
927053299299377152
927053340302864384
927053563267878912
927053859704442881
927053943968010241
927054092760952832
927054363746553856
927056098036731904
927056895063584768
927057008368513024
927057565170757632
927057727574114304
927057933053161472
927058093439057920
927058577365307392
927062652635045888
927062766917177344
927063450261643264
927067580946317312
927067887206109184
927068336189575168
927069625317281792
927069750303305728
927070149659721729
927070298784051201
927070734320652288
927070824892387328
927074330667864064
927077621049028615
927080685877317632
927080739451043842
927084457970012160
927089320179195904
927092201112383488
927093774106345472
927098115374702592
927102167894450176
927103137969836032
927105432690229248
927105676832399360
927105964209082369
927106985203523584
927107516554674176
927108747188756480
927111022846140417
927112002287407104
927117623233355778
927120320850485250
927122527977136128
927122730876637185
927123823849299968
927124608456814593
927125499146620928
927125780072730624
927126658905268224
927128010293219329
927128806825086977
927129404119040001
927130846083022849
927130890790154241
927132406041133057
927134075307118593
927136359789162497
927137132883226624
927137521754140673
927138207589859328
927138209867468806
927138608531767296
927140686432030721
927140871509745664
927142008468094976
927142625995644928
927142665942175744
927142892098981889
927143112195092480
927143643990851584
927144121684430848
927146574215512064
927146979339186177
927147533662502913
927148213454245888
927148953052651521
927149922151030785
927149930875146241
927150217727758341
927150350439772160
927151773160271872
927152369808310272
927152609831669760
927152710138388480
927153259575422976
927153713160032257
927154889125388290
927155294463029248
927155355607601152
927155475245920256
927155557852688386
927156170263023616
927156343286284289
927156421396873217
927156481534976001
927156805221969920
927157104892407808
927157113012523009
927157362242281472
927157608581963776
927157696255676417
927158104776724480
927158217427349504
927158344133038080
927158453260480512
927158656822427648
927158656910553095
927158859961008134
927158900952100864
927158900180189185
927159120666357760
927159620740640768
927159698482171905
927160142772051968
927160179963125761
927160354030964738
927160536512565248
927160628942323712
927160842361167873
927161092429746176
927161492109254657
927161847001821184
927162272203640832
927162463270948865
927162552714518529
927163467919851521
927163934502563840
927164522900738048
927164704107192320
927164828296282115
927165165556125697
927165366190706688
927165397513711617
927165695506382850
927165788389195778
927165789735616512
927165897130893312
927166299893125120
927166358068121601
927166492063313920
927166976216256513
927166991840006144
927166999398141953
927166999150522370
927167028279914497
927167071674302464
927167092163596290
927167510138499073
927167593697480704
927167599988936706
927167714082222083
927167876330438659
927167991250325504
927168080710721536
927168607699775490
927168725689819136
927169109455929345
927169365925027840
927169444987551744
927169797573488640
927169946551021568
927170028771868677
927170651449737222
927170654872526848
927170985614290944
927171240393048065
927171399201955840
927171454667448320
927171531171663873
927171663061434368
927171838681198593
927172103090012160
927172241376366594
927172435111219200
927172754532651008
927172923240038400
927172982304276481
927173001174568960
927173044459761664
927173077879926784
927173077116604417
927173205097353216
927173301914435584
927173848461692930
927173872461471745
927174094524739584
927174275315982336
927174349873745920
927174840586592256
927175419417317376
927175511792668673
927175530989936641
927175656118636544
927175750926643200
927175797521244161
927175898025009153
927176141890359296
927176734461620225
927176790724042752
927177124255068160
927177150846861312
927177291888816128
927177354077786112
927177543689625600
927177579861131264
927177723583361024
927177806697648128
927178050579632128
927178136613261313
927178242414563329
927178265302917124
927178376594509824
927178416536866816
927178432131358720
927178449554432000
927178830950825985
927178891206254592
927178913771675649
927178931576459264
927178939491078145
927178967051849728
927179266869153793
927179416484098048
927179877564010502
927180009843945472
927180083500060672
927180350236737536
927180352765988872
927180465064333312
927180660883804166
927180758493655040
927180871672778752
927181117773430786
927181611233296390
927181851130781701
927182115543937025
927182199262142464
927182320607682560
927182373011288066
927182437288853504
927182515219156994
927182524425625600
927182634417090561
927182649205985286
927182739630985223
927182915489771520
927183626541916161
927183871816491009
927183984769028096
927184250067148801
927184309236183041
927184800733044736
927184844748218370
927184855556874240
927184983558623233
927185024385998848
927185274936930306
927185800726503425
927186188007608320
927186396032524288
927186642212917248
927186706293387264
927186932760743941
927187055377047553
927187375058444289
927187396042555393
927187557561061377
927187754017894400
927187863770365953
927187937040662528
927188240335073282
927188348136980485
927188521756123136
927188780536041476
927188786823553026
927188870445326339
927188927404011521
927188938686697473
927189070026903554
927189105108312065
927189168672989184
927189254836338689
927189570436960256
927189832748605441
927190045827747840
927190050550431745
927190529175044097
927190617817526272
927190919660691457
927190926828687361
927191190805663749
927191330597556234
927191432833540098
927192032359124992
927192385838309376
927192406377844736
927192673873743872
927192826626166785
927192947271127040
927193540542828544
927193644821512193
927193857166626817
927194228312170497
927194351783968769
927194392070410240
927194429026459648
927194500535070725
927195000030371841
927195090841370626
927195538356883457
927195934458486784
927196455743512576
927196584110149632
927196633510621185
927196661566312448
927196872078495744
927197136579649536
927197215222894593
927197274383568901
927197618110980097
927197855739207680
927197878321160192
927197890035904513
927197951700504577
927197999406682121
927198171259740161
927198192021667840
927198283382054912
927198354911539205
927198468350889984
927198970845200384
927199053628051458
927199455622893569
927199643771047936
927200122391416834
927200372489367554
927200473765040128
927200483088924672
927200657303580672
927200781199204353
927201101656526850
927201235463221248
927201422474584064
927201747801706496
927201759721816064
927201902454018048
927202045689348097
927202105055522816
927202364657930240
927202447650639873
927202466558627840
927202613816328192
927202711237521410
927202861489909760
927202891252854790
927202911490400256
927203414953603072
927203448969457665
927203455613227009
927203591718178816
927203633854369792
927203741396283393
927203765911896069
927203798052950017
927203814641303554
927203889819947008
927203967272128513
927204062080225283
927204222545694720
927204221379850242
927204309351190529
927204376468447232
927204539429568512
927204617804320768
927205024777883655
927205490110685184
927205615272955910
927205747339005952
927205778418581505
927205948615282688
927206043897212929
927206357610192897
927206358050639872
927206419358801921
927206445095014400
927206501705535490
927206531720007691
927207010864586752
927207104942952453
927207110420688902
927207179832168449
927207376741994501
927207415778631681
927207770926981120
927207855966572546
927207890586427392
927207904121298944
927208040113295360
927208319995072513
927208647826006016
927208797810159618
927208898163040261
927209094829826048
927209149351505920
927209149351505920
927209152627314695
927209155500347392
927209359364493312
927209362963214342
927209571721945088
927209776215240704
927209856758673408
927210191506038784
927210419218997249
927210470561415168
927210602463944705
927210782542188549
927210817417867264
927211189100273664
927211243978608642
927211414690840577
927211488355475457
927211675102646273
927211695956742144
927211795017863168
927211858532192257
927211956498501632
927211959937769472
927212117811277824
927212347105701888
927212378101571589
927212461119426560
927212502705934336
927212533089480704
927212563443613696
927212982949629957
927213259328978944
927213262608916480
927213382813433856
927213500912619521
927213600606797824
927213608618070016
927213692323803137
927213750251393025
927214021366960129
927214330042617857
927214553217331201
927214573278629888
927214745899405317
927214743915556866
927214929593229315
927214952452100096
927214976812638208
927215042898128897
927215236502999042
927215281570803713
927215600010776576
927215613704994816
927215753375268864
927215949262057472
927216001598369792
927216108205215745
927216118657421317
927216123950415872
927216187376848898
927216193135677446
927216370978234368
927216603137282048
927216788622004224
927216837774934017
927217176653717504
927217177073041408
927217518997098497
927217547111485440
927217637427265536
927217661439864832
927217865081610240
927217995486818304
927218097311879168
927218191255908353
927218253637738496
927218254292180993
927218444315095040
927218466842607621
927218647956967426
927218714298257408
927219014249705477
927219089868754950
927219226728841217
927219311529295872
927219366508113920
927219390726266880
927219536398569472
927219606841835520
927219695006007296
927219951609565188
927220034295955457
927220121390772227
927220157117861888
927220456586805248
927220716503740418
927220998549618688
927221199381331968
927221565292498944
927221670338732032
927221709320548352
927221967194869760
927222010106859521
927222343763615745
927222361681743873
927222444888223744
927222478514073600
927222852633354240
927222907511689216
927222979435618304
927223002516799488
927223031465988096
927223725245771777
927223738751479808
927223883303936002
927223911703511045
927223996936065027
927224059066306560
927224323294814213
927224350939500547
927224371344740352
927224485677293568
927224510960386048
927224718582861824
927224832571277312
927224910312751104
927225028965556224
927225153683185664
927225377260556293
927225535356391428
927225544155979777
927225579363094529
927225583158796288
927225610459545601
927225637840048128
927225905684115456
927226303622893568
927226369238376448
927226514785136640
927226557189455872
927227402597601280
927227942178082816
927227971978526720
927227978534223872
927228184206209027
927228269103013888
927228575446716416
927229219708571648
927229321667739648
927229497157570560
927229526886830080
927229683355267075
927229820077006848
927229855409647616
927229921163743232
927230218678521856
927230380637175808
927230647168577536
927230765368336384
927230799669354496
927230828454862848
927230834297450497
927230877498720256
927231118365126656
927231238867488770
927231373320118272
927231374016180224
927231447408238592
927231503683215360
927231555688370177
927231917510012933
927232007288979456
927232438547263488
927232445258321920
927232668198109184
927232711022039040
927232855868100608
927233182247698432
927233255396569093
927233298832781312
927233310547423233
927233650059595776
927233899821977601
927233914749427712
927234055443230722
927234500626546689
927234598899200000
927234672463106049
927234789106692097
927234967662456832
927234975874904064
927234982359306243
927235017075503109
927235173963444225
927235207505342465
927235587530256389
927236205175083008
927236321852252160
927236363291783174
927236376025636864
927236380266319877
927236395709673473
927236406581350400
927236616942440455
927236702833401860
927236745170706432
927236935948611584
927236974792101889
927237028626026497
927237172838637569
927237234754953217
927237255311380481
927237442163286016
927237477206605824
927237735554961409
927237829519904769
927237877884444672
927238236472164352
927238302184251393
927238387727323141
927238447328301058
927239072719937536
927239263325966336
927239275254566917
927239379478810624
927239395316588545
927239416376102914
927239514900389888
927239526162059265
927239554234535937
927239817200410624
927240031835705344
927240073241772032
927240216691212288
927240437437485062
927240605658374144
927240829747585024
927241075982524418
927241334183821313
927241429897961472
927241481190084608
927241504921407488
927241602946551808
927241867829436416
927241957335883785
927242235183120390
927242387121954816
927242399931301889
927242643494412288
927242673383239680
927242760247218177
927242783320133633
927242884860039168
927242898470506497
927242912047550467
927243056365146113
927243287554953216
927243356832444416
927243544477294594
927243662819553281
927243852611760128
927243865119080449
927243936283885568
927243989543243778
927244149828571138
927244239016210432
927244319156617216
927244475113623552
927244644139831296
927244705582190592
927244723995234304
927244993823232000
927245026945482752
927245053780725760
927245059690586112
927245060223225858
927245079500247040
927245348979871745
927245360094941186
927246038288732160
927246075576057857
927246081171361793
927246144861741056
927246216647372801
927246344812511232
927246361518538753
927246432683229184
927246505005678593
927246593555775488
927246594533048320
927246679065137153
927246681552408577
927246899484209152
927247093009285125
927247175045619712
927247242590871552
927247311893401600
927247407913545728
927247563475922944
927247669340319745
927247670829133824
927247681541591042
927248091601829889
927248467969404928
927248687964835840
927248850280206336
927248890277089280
927249035391651840
927249036725297152
927249048326885377
927249090374717440
927249215033667586
927250036169297920
927250127462350849
927250393163235329
927250586512379905
927250639775780865
927250729554898945
927251125199392768
927251297710903296
927251378874982400
927251576288247808
927251630436712448
927251672367337472
927251736649175041
927251780077019136
927252022042251264
927252367627771904
927252379497574400
927252855039422465
927252943077752832
927253249387835393
927253293302128640
927253352995540992
927253375833530374
927253380560429057
927253749776527360
927253969390522368
927254078303940609
927254291873718272
927254491728109568
927254738835525632
927254739284307968
927254818338623489
927255028061978625
927255186036477952
927255281389551617
927255342332956673
927255418434441217
927255842247905286
927256013878841344
927256071021957121
927256096355389440
927256144602648576
927256241243590660
927256241725952000
927256350471503872
927256532487634944
927256607075000320
927256637890424832
927256823454892033
927257066556809217
927257381708488705
927257534683115521
927257604870549504
927257814770307073
927257875688370177
927257878955810816
927258036254793729
927258205029355521
927258777304354819
927258980832833536
927259119437824000
927259366650208257
927259629435932675
927259703092137985
927259732615860225
927260060811702273
927260139220078593
927260202730172416
927260268253638656
927260269163831296
927260383739564033
927260419340644352
927260524529836032
927260851425361921
927261219282735109
927261220951986176
927261272306991104
927261829033754625
927262016456273922
927262070751547394
927262135046103042
927262143703023621
927262351035842560
927262509148639233
927262547199365120
927262702656937986
927263161354506240
927263431891222528
927263438803529728
927263560417398784
927263687286673408
927263749085519872
927263875199918081
927263955709513729
927264195950899201
927264353547685889
927264368038834176
927264637921329152
927264788140367872
927264977630781446
927265025282183168
927265452241367040
927265845809696771
927265932174675969
927266001590280192
927266159921115136
927266278531895296
927266684435496960
927266700382351362
927266752924454913
927266770565595136
927266806401830912
927267051680468993
927267247051087873
927267285810712581
927267562878128128
927267924070621185
927268042173812736
927268101468672000
927268208922337280
927268519007391749
927268608702648320
927268777099649024
927268953948241920
927268963301691393
927269557202497538
927269550583791616
927269567600062465
927269754003492866
927270332875935744
927270363796471808
927270415986126848
927270427625443328
927270508428533760
927270585255825414
927270690394226688
927270822288543744
927270929645948928
927271142422990849
927271289294917633
927271302712324097
927271343258853378
927271394714497030
927271647467528192
927271831828082688
927271856217952261
927272013751881729
927272111663562757
927272347786194945
927272396406616064
927272515365466115
927272525498896384
927272678796361728
927272839371214856
927272927132864513
927273074994634753
927273098642063362
927273456781193217
927273545771700224
927273589337858048
927273619599872002
927273634837667841
927273908079771648
927274001482829829
927274032659124226
927274129652363266
927274170395906048
927274251622715392
927274325404553216
927274397492305920
927274451263283201
927274839290806272
927274868470632448
927274978944454659
927275047357747200
927275279768281090
927275322940252161
927275402376155138
927275461666844673
927275534194688000
927275541257789440
927275553765421057
927275563122876428
927275686808600577
927275688385765378
927275709399224320
927275757411414023
927275858502418432
927275883638984704
927275952878575616
927276224325529600
927276254268715010
927276353526824960
927276377149136896
927276402734399488
927276633794412544
927276649925742592
927276683178033152
927276696700686343
927276696864153600
927276802296381440
927276880964841472
927276899834957825
927276995913826304
927277062666076160
927277436420603905
927277434126430208
927277512601858048
927277599356841985
927277901451530241
927278073720070146
927278082326704134
927278116443000832
927278132486397952
927278353568157696
927278530655870976
927278533302538241
927278590407905280
927278613203996672
927278784784556035
927278841558470656
927279010123354113
927279127161462785
927279491977830403
927279670554271745
927279686874468352
927279756210573312
927279815522209794
927279878730379264
927279991603200001
927280324635176960
927280337587245057
927280434584592384
927280545700241410
927280764147982336
927280818992578561
927281023330566144
927281040338702338
927281274066165765
927281394686054400
927281793287499782
927281812686168067
927281887655223296
927282003447308288
927282487155453952
927282550430724097
927282631783469057
927282637177282560
927282663576231941
927282865280348160
927282876667908097
927283162723516416
927283195745316866
927283351316254722
927283396149161984
927283450503155712
927283515389104128
927283668678299655
927283974505889792
927284040398389248
927284237362958341
927284293012881408
927284365763268609
927284539977760768
927284569421877248
927284596462329856
927284813156859906
927284898037198849
927284981793263616
927285100374568961
927285258529267715
927285886114557953
927285916246388738
927285986459115520
927286015248670721
927286028867600384
927286040448110592
927286155799699456
927286475506323456
927286545098461184
927286724820197376
927286797398368256
927286819640750080
927286981050200064
927287050038120448
927287269148389376
927287329844232193
927287524367720448
927287523184914432
927287730773602306
927287793835012099
927287807973974016
927287863489724416
927287873010745344
927287884662571010
927287891679764481
927287938077024256
927287965776338945
927288251366498309
927288391942721536
927288467205378048
927288689109164033
927288848677081088
927289072610979840
927289184154542080
927289256321486848
927289540825440256
927289669112475648
927289820237500418
927289822191927297
927289903070765056
927290211415089154
927290247947476992
927290332731015174
927290362854629376
927290379279495169
927290504709947397
927290530572263424
927290652030918656
927290666379546624
927290716165943296
927290841235849217
927291026724835328
927291069263482881
927291124028461059
927291194715131905
927291204445892610
927291351665926149
927291523774824448
927291550278832128
927291669048905729
927291721678856193
927291769116680192
927291789987467264
927291882480205825
927291915149762560
927292303508729858
927292316632612865
927292386346139650
927292449151647745
927292516675624960
927292757361774592
927292766698209280
927292786482692096
927293092948054016
927293329536008192
927293420711923712
927293589511479296
927293600077148161
927293729467174912
927293778960048129
927293784794136576
927293786643947527
927293868109807616
927293872664956928
927293891539238913
927293924007223296
927293935344427008
927293997235818497
927294016739266561
927294344838688768
927294442796670976
927294452347088899
927294472836276224
927294478880202752
927294487180857350
927294736796454912
927294742500728832
927294774666825738
927294789388767233
927294800918872065
927294976739938306
927294985996767232
927294988668485632
927295055202729985
927295235033530368
927295443788271617
927295471852367873
927295532426342400
927295545734987779
927295585086033921
927295606481145857
927295717231812608
927295772844060673
927295821233754116
927295988183728128
927296006861049857
927296046526447622
927296128885903360
927296158388678656
927296185584427008
927296566649589761
927296632793812994
927296662472622086
927296752725700610
927296982099550208
927297078337814528
927297523949228032
927297565359575040
927297749099347970
927298259521024002
927298723142651905
927298829598314498
927299053746049025
927299320738648064
927299370952871936
927299385930764288
927300012031332352
927300015248367623
927300278713552901
927300359856328706
927300430253531137
927300939408535552
927300982727262208
927301061160914945
927301180820197384
927301186906218496
927301207479259136
927301268141477888
927301469728100352
927301608093954048
927301644433395712
927301819088416768
927302181883179010
927302300011499522
927302366067613698
927302434040541184
927302497529749504
927302541687377923
927302600835387398
927302627691397120
927302648944095232
927302782893277184
927303097088663553
927303288516759552
927303313133096961
927303454011416578
927303506582581249
927303539575087104
927303698707025921
927303868190519296
927303888901898241
927304091142950917
927304325851836416
927304491191422977
927304545784467456
927304703704207360
927304805495726080
927304818896572416
927304912492466176
927304958772424704
927305060001959936
927305067253977089
927305090485985280
927305186695139328
927305208253878272
927305298506866688
927305421865537536
927305567475027968
927305803064856578
927305906466971648
927306039300673537
927306178572546049
927306305001476096
927306326610411520
927306453332955136
927306636997296128
927306759848341505
927306839657734145
927307096470818817
927307253333614592
927307340746862592
927307406337560576
927307435726995456
927307543331966976
927307727772188673
927307978721685505
927308133596385280
927308193176408065
927308212952616960
927308249468153858
927308371207905280
927308382394093570
927308418422943744
927308963200118784
927309076744294401
927309230222331906
927309605079789568
927309645189926912
927309810424524801
927310273765048323
927310499347283968
927310535602909184
927310702875938817
927310983508447233
927311095169249280
927311277311045632
927311405493243905
927311471008206848
927311563752726528
927311605339013120
927311868083015680
927312119988617216
927312250402164736
927312368916357120
927312793988141057
927313263498588160
927313415110045696
927313429718814721
927313489953218560
927313691556700161
927314072399380480
927314282596859904
927315174196989952
927315279851524097
927315303008268288
927315712141594626
927316235620093952
927316377827971073
927316440788668417
927316566512947201
927316595562696704
927316679255879682
927316681407565824
927316727649665030
927316747803295744
927316959745671169
927317018461790208
927317062636019712
927317075747581952
927317110103203840
927317306555994113
927317917032697856
927318158100267009
927318215902007302
927318259636015104
927318482269753344
927318538074906625
927318766815457280
927318766421200897
927318789724745728
927318856112074752
927319068637564929
927319339631382529
927319603130327047
927320176550404096
927320872247021568
927321217891266561
927321542668836865
927321551652970497
927322075127275528
927322124750028800
927322128252391425
927322194794991616
927322198485950464
927322261467648000
927322409560100864
927322413628624896
927322518201012225
927322597443989504
927322903967911937
927322985395924992
927322996422922241
927323064437796865
927323396827959296
927323542991048704
927323736763699201
927323816157700096
927323818540044290
927323987000127489
927324036035641344
927324113231929344
927324313014771712
927324407986573314
927324416744312833
