887099674003468288
887100236166037504
887100309620879360
887100510444167169
887100546007564288
887100740384288773
887100748869365760
887100800505307137
887100839684395008
887100915488083969
887100965656113153
887101109730516993
887101415876952064
887101460269412352
887101738557349889
887101754374057986
887101902319693824
887102013057769472
887102041142829056
887102095152885760
887102265982566400
887102524435685376
887102813594992640
887103328731181056
887104112076234752
887104376808013825
887104589543223297
887104646795464704
887105127609454592
887105154436259840
887105234014801921
887105460423319552
887105552396013568
887105743920431104
887105779383189505
887106077682270208
887106085542395904
887106108753670144
887106743477587972
887106760753991683
887106771365613568
887107095639855105
887107138656645121
887107241391923203
887107255308611585
887107479733125120
887107658767118336
887107670192394240
887107909192208384
887107919279529986
887107976640827392
887108435321421827
887108747830730753
887108762917588992
887108778843394052
887108946959503360
887109102685507584
887109136701431808
887109266754220032
887109569671045120
887109728844865537
887109843772993537
887109972533837824
887110064682749952
887110180688855042
887110257109020672
887110271952703489
887110581454548993
887110669182672896
887110725738561536
887110796257378304
887110881489846272
887110966906933249
887111224055476224
887111589991780352
887111907706122241
887111926471372800
887112029584207872
887112143673458688
887112296815833088
887112515951505408
887112526193991684
887112808797802496
887112847360233472
887112857208463360
887112883330535424
887113076922830849
887113083201753088
887113123383136256
887113323849928704
887113485326462976
887113524320890881
887113610295730177
887113834321891334
887114173078949888
887114806989398016
887114970886025221
887115192592736256
887115517416394754
887115583732494337
887115703555432448
887115724518510592
887115819213344769
887115884212473858
887116347385274373
887116405883228161
887116434052141058
887116461482934272
887116571474362368
887116639178764290
887116728207101952
887116785870352384
887117235604643841
887117370355044354
887117643605573633
887117700983660545
887117767241019392
887117796441812992
887118257567739905
887118259480297472
887118390736846848
887118589324603392
887118658362904579
887118871253135360
887118948876955648
887118949543956480
887119203651772420
887119320115015682
887119616102846467
887119720633298944
887119733421690880
887119812312403969
887119841093722112
887120012565258245
887120085134999552
887120199039819776
887120346654048256
887120453860511744
887120464706928641
887120473921867776
887120896254767104
887120958988976128
887120967436300288
887121346483900419
887121457687404544
887121619486990337
887121762906849280
887122056600588288
887122057422569473
887122141501640706
887122163643424773
887122255930470404
887122380354703360
887122499238014977
887122803589349377
887122850884325376
887122918270021633
887123129050566656
887123376418033665
887123574049394688
887123580042887168
887124037603807232
887124223843598337
887124298271346689
887124818973388800
887125006379094016
887125289213579264
887125302639554560
887125424597344256
887125525034151936
887125783659065344
887125899623231489
887125921114750978
887126006968045568
887126032045789184
887126035619209216
887126073523273728
887126107652280320
887126222110695428
887126268826832897
887126306600759297
887126886098374661
887126912249810944
887126952984940544
887127188864192513
887127257654980609
887127523242504193
887127535787573248
887127586563919872
887127879372472320
887127902357266433
887127930211450880
887127942224121856
887128040672808960
887128168980774912
887128397989773314
887128419309420544
887128778362769408
887128863884492800
887128934046937088
887128947334447110
887129181980549120
887129226608078848
887129476563337217
887129479591723009
887129716540485633
887129886640484356
887129933394227200
887129939216142338
887129979930025984
887130091926339585
887130179772051463
887130186080112640
887130285971779585
887130341688852480
887130424513892352
887130482533707776
887130579056996352
887130610795511808
887130796427022336
887131084743483393
887131255179005952
887131300234235905
887131321822322688
887131520225423361
887131592707252226
887131620616151041
887131843035836416
887132055401881601
887132382398226432
887132446160015360
887132691723833346
887132718705897472
887132859701633024
887132930316873728
887132993269223425
887133185183817728
887133200216203265
887133638588059648
887133709857685504
887133788010156032
887133843643412480
887133937184776192
887134155103981568
887134246632116227
887134367033806850
887134485854253056
887134529500188672
887134817933983745
887134871050752000
887135173590085633
887135185841434624
887135692521848832
887135731633856512
887135794846023682
887135831563145216
887136285705596928
887136479775948800
887136525762387968
887136561552400384
887136599082901505
887136637758656512
887136983339937792
887137006551265280
887137190198874112
887137217138888706
887137237514715138
887137415722291200
887137683734224896
887137801342464000
887138014585126915
887138369519493120
887138380865253376
887138382861615106
887138395289395200
887138436326600704
887138463333490688
887138637187559429
887139146946498560
887139251481182209
887139305931538433
887139430452142080
887139882136731650
887139983592747008
887140427979268096
887140809631571968
887140812659855360
887140855072653314
887140983955116032
887141422129975297
887141577147265028
887142126760407040
887142630605426688
887142745327902720
887142857500504064
887142920226308096
887142990417973248
887143235633770496
887143445399293953
887143500935868416
887143764158029824
887143985298497537
887144047042867201
887144204819890176
887144272717373440
887144280707354624
887144771705339904
887145949365252098
887146297702174720
887146319080550404
887146528682409984
887146637960806401
887146682936434694
887146788876169221
887146926981959681
887147357103697920
887147582048403456
887147852610273280
887147905810923520
887147937440178177
887147995317362692
887148055060992000
887148320313016320
887148424596004864
887148453985304576
887148522897907712
887148534113464320
887148732692783109
887148787499761664
887149180636016641
887149570085355523
887149629950771200
887149791804878848
887150069358702592
887150291287781376
887150476353048576
887151018672304128
887151058019069952
887151558894419968
887151851262455809
887151883453857792
887151985362972672
887152453354782721
887152526637891586
887152784956678145
887152860194103296
887153107641159680
887153162423029760
887153259265261571
887153690217500672
887153800741441541
887153847956893696
887153897726521344
887154159002296322
887154186621784065
887154500326371328
887154523298566144
887154615220936705
887154687337799680
887154787195682817
887154927545569280
887154972839858176
887155051382419458
887155056214147075
887155177500794880
887155254155935744
887155425849868288
887155902037491712
887155902406676480
887156015455711232
887156197501095936
887156823551246336
887157397663477761
887157537954557952
887157794906009601
887157949952643073
887158028797177856
887158105729110016
887158312046907394
887158350089265152
887158640876167168
887158865242071040
887158917096189953
887159002932666368
887159057353723904
887160164427722753
887160186405867525
887160388944449536
887160412168441856
887160417675620352
887160470385426436
887160491742822400
887160491818319873
887160675948273664
887160929997213696
887161989566541825
887162098337423360
887163172884492288
887163225212669953
887164087947415552
887165463687553025
887165580175978496
887165842273816577
887166095534297088
887166197036453888
887166223418621952
887166753293430784
887167101466796032
887167407688749057
887167751734923265
887167904768303104
887168076650659840
887168619645480960
887168662330720256
887169168453369856
887169738446708738
887171503632023552
887172008026550272
887172383789985792
887172467403476993
887173005658529792
887174455230963713
887174992638750720
887175564196556800
887175999460397056
887176244231639040
887176422229291008
887177038850818048
887178332483141633
887178878749470721
887179150733258753
887180210092855301
887180617217081348
887182880023117824
887183021237043200
887183231400919040
887183361906704384
887189532315201538
887189664083439616
887190124416598016
887190482408927232
887190980285394945
887191220153454592
887191452232683520
887191469626404864
887191527474311168
887192038885740545
887192753976864768
887192765280505856
887192841432301568
887192996755759104
887193103978856448
887194192396652544
887194995748458496
887196107599732736
887196715987685376
887198314265018369
887198420401889280
887198643991830528
887199393601998848
887202942230568960
887204816753184770
887204995636105216
887205917284065280
887207567298088960
887210421320638465
887210444804562944
887210584231616512
887211221979725824
887211438359621633
887213718978928641
887213967126429696
887214654266716160
887216393246175233
887218164139835393
887220411058016258
887225275922108416
887225316980260865
887231387404689408
887231450654818305
887231783733010432
887232157910958080
887232555556143104
887232861920792576
887233330508423169
887233524453052420
887235124806516736
887235437240233984
887237926693875712
887241405646733313
887246558458257408
887251222058717185
887252362276069378
887252469230784512
887252926506438656
887254389395660802
887254966427156481
887255870916227072
887257589452595200
887257982786035713
887259128888012800
887259844364972032
887259875096408064
887260148028375040
887260370376720385
887260676854603776
887262534494978049
887262888485933056
887263141490569217
887265771922923520
887266171170549760
887266382022189056
887268156863021056
887268294859862018
887268418516377604
887268532249133057
887268610242220032
887268689367760896
887268946071650304
887269053441683457
887269452252893184
887269639906000896
887269677889716224
887269798333345792
887270346000412673
887270466624290818
887270616558166016
887270732383825921
887270757520330752
887270931147653121
887270973841559552
887270988777496578
887271353459646466
887271410669953024
887271867593228293
887271960295723008
887272377398198272
887272455789846530
887272672043905024
887272757494468610
887272929804914689
887273139054551040
887273349461790720
887273887247081472
887274303867285504
887274334158557184
887274394460073984
887274411077898240
887274894345383936
887275230376468480
887275374660530176
887275449965056000
887275756610617344
887276272350617600
887276953677570048
887277884133396480
887278651804270593
887278975839592448
887279248729407488
887279937102786561
887280291282386946
887280308898234368
887280310450135041
887280824953049088
887280861539860480
887280890593685508
887280890686066688
887281012002181123
887281077500354561
887281326000295936
887281471614046209
887281719996448769
887281824921042944
887281825898299393
887282230099197952
887282261086937088
887282353017688064
887282383933759488
887282411725135872
887282439000911872
887282625873719299
887282833659580417
887282833970012160
887283092271939584
887283433940164609
887284004659105792
887284540275916800
887285015285047297
887285036860530690
887285076484083713
887285697878654976
887285959338885120
887286055413719040
887286098585628673
887286236964114432
887286318488858625
887286325572927490
887286689126785026
887286764347510784
887286989040517121
887287015255027712
887287167143301122
887287474304712704
887287510988148736
887287587890761729
887287777737531392
887287898852249600
887288071842136065
887288498365095936
887288557500542977
887288674064285697
887288837197762561
887289793129758724
887289983723294720
887290122382737409
887290497420718081
887290982043185154
887291373736669184
887291569782620160
887292003385397248
887292043608940544
887292046410735616
887292168800526337
887292596774719490
887292736990306305
887292801066688512
887292881731452929
887293018331652099
887293160166219777
887293262494445569
887293285424824320
887293470943174656
887293919859527680
887293962712752128
887293988771737601
887294098771771393
887294407036350465
887294551567863808
887294605233983490
887294627883233280
887294811409199104
887294888257232896
887294898705235969
887295012152725504
887295130121584642
887295292852273152
887295405612044289
887295442635157504
887295569970028544
887295811821993991
887296160771264512
887296176487370752
887296238089109505
887296363733450752
887296630055202816
887297123716395008
887297183883698176
887297307196235778
887297333091815426
887297442437189632
887297602315841536
887297628295360512
887297840162242560
887298171847622656
887298251493449729
887298448428486657
887298598525960192
887298624119607298
887298921567051778
887299054790750209
887299063527485441
887299389630402560
887299481582145537
887299877092327424
887300033388924929
887300210438930433
887300298666016768
887300432409788416
887300554535325696
887301014449266688
887301505468051456
887301745206075393
887302030058016768
887303324483104770
887303503886118912
887303719238254593
887303797080547329
887303852730568705
887303941125492741
887303954996088832
887303986210115584
887304293057007616
887304377136025600
887305020504506368
887305579701645312
887305735461326848
887306697341063169
887306751363698690
887306820095799301
887306900383174656
887307007656693764
887307199776780288
887307471886352390
887307838472761344
887308557225512961
887308608379117569
887308815766564864
887308815862988800
887308948709179393
887309061343125504
887309177114284032
887309325496074241
887309628089958401
887310108459319296
887310258737217537
887310295617724417
887310917347758080
887311145182183424
887311710503219200
887311949595365376
887312212309749761
887312234476691457
887312301371666433
887312816075452417
887313069998718976
887313125275344899
887313487638261760
887313706589212672
887313830107205632
887314018054045696
887314257485991936
887314464168718336
887314869191495680
887315549335674880
887315610094510081
887315711772766208
887315945445892096
887316048344522752
887316300699185152
887316405095354368
887316405254836225
887316413681090565
887316440054865920
887316561903669249
887316862429736960
887316983791980545
887317111349153792
887317304542769152
887317448768323586
887317552069828608
887317790646046721
887318154443202561
887319658688167936
887320119407398912
887320363964805121
887320368536571904
887320378103693314
887320960189288449
887321146466500608
887321287781040129
887321376113270784
887321529960321025
887321566333325312
887321821359390720
887322102889537536
887322151690395648
887322446818414592
887323113138135040
887323161825619968
887323340393914369
887323521738616836
887323563161735169
887323941559308288
887324196279332865
887324383844368389
887324387879383040
887324644566597632
887324828335734784
887325026835234816
887325089653567488
887325151972532224
887325292431323136
887325362904072193
887325568500367365
887325748918464512
887325844032696321
887326302344282112
887326343519666176
887326531676196865
887326692297113601
887326843170377728
887327051702718464
887327379550588928
887327445535387648
887327458332209154
887327460064468993
887327520269488128
887327599327932416
887327615991918592
887327812864094208
887328201571278849
887328210060431361
887328294017912833
887328416055406592
887328539741179905
887328567461326848
887328567553662978
887328643730550785
887328935507369984
887329180190420992
887329615559241729
887329683016105984
887329826700484609
887330021437788162
887330044070309888
887330396140175360
887330625585389569
887331225140158465
887331295990341632
887331509492961281
887331592632283136
887331637339574274
887331762434605057
887331886183456768
887331908887216128
887331935235837952
887331960804093952
887331992567779328
887332028580016129
887332052932153345
887332309690716161
887332446831882240
887332518676058113
887332526687236099
887333051495206913
887333307335286785
887333454928646144
887333769690132480
887334106857590785
887334190986997761
887334262281842689
887334779171074049
887334933102022657
887334955667345408
887335977680818177
887336058660302848
887336277095452672
887336537511342081
887336552388538368
887336585905270785
887336681078235138
887336773885546497
887336781875752965
887336855473094656
887336916680658944
887336967473696769
887337091574620160
887337107504730112
887337134297944066
887337147363201026
887337158507470848
887337375302635520
887337425562869760
887337644534923265
887337727384969216
887337815494807552
887338026275282944
887338265895895040
887338673557176320
887338733871271937
887338860065300480
887339173170081793
887339182103957506
887339300060352513
887339783370006528
887339842090156032
887339921597399040
887340047120388097
887340236249980928
887340355657617412
887340388507430912
887340598818201600
887340790804074496
887340804121006080
887341024309370880
887341209613684736
887341330137051140
887341410659311616
887341739022798848
887342223557373952
887342531410788352
887342757089619975
887343038351253504
887343090465374214
887343106579935232
887343111348912129
887343168223662080
887343223525560320
887343370468720640
887343726779039744
887343977493561344
887344069269233668
887344254019932160
887344288757108739
887344470341111808
887344508026855424
887344510371602440
887344538498584576
887344545268150272
887344595167838209
887344672984768512
887344736306180097
887344810318856192
887344972311126017
887345209230610433
887345318752374785
887345343179890688
887345450810052608
887345510713094144
887345579440787456
887345600261390336
887345684378079233
887345784760487936
887345792628932610
887345877525942272
887345911327621120
887346010724421632
887346218942160901
887346279801552896
887346426757492738
887346444977438720
887346551844204544
887346603404742658
887346908628385793
887347453908971520
887347551309107200
887347751868145664
887347977735557121
887348016872656896
887348235244888065
887348628578291712
887348732261523456
887348750930280448
887348790172172292
887348838851379200
887348847848153088
887349171455504388
887349361297965056
887349386501656576
887349422211911680
887349424115994624
887349446920605696
887349686314708992
887349745630539777
887350078150758400
887350146190757888
887350420414320640
887350529126486016
887350753408495616
887351011249201153
887351207014146049
887351497977192449
887351600636874753
887351969605484544
887352444555894785
887352576571834369
887352678178734080
887353526917222401
887353613869129728
887353980652748800
887354179903205376
887354408673189888
887354429686648832
887354617394331649
887354902674104320
887355049739005952
887355250654363649
887355354702462976
887355497808097281
887355526337769473
887355926868615170
887356105663426563
887356255920160768
887356279546671105
887356386551713794
887356399860277250
887356581763067906
887356739695390725
887356787124580352
887356863863545856
887356873430761477
887357152725262337
887357239710711808
887357380408872961
887357440689401857
887357537242288129
887357627545653248
887357780083982336
887358264404578305
887358417765105664
887358565169508353
887359095254200323
887359243724087296
887359388410937344
887359459890167808
887359596377014273
887359644599021569
887359823897088003
887359831669125120
887359921544511489
887359946811203588
887360571959635969
887360648065277952
887360671955943425
887360689790009344
887360921617747968
887360957877547008
887361026467004418
887361238958780416
887361305337843712
887361355879247872
887361460661362689
887361498284249088
887361539757428736
887361648587046912
887362019476811776
887362186301104128
887362204139274240
887362806865162242
887363709408079872
887363807621853184
887363819718180864
887364108714217472
887364411979182081
887364412247617536
887364443918790657
887364800505925637
887364830713176064
887364841039699968
887365043985289216
887365067985039360
887365165716566017
887365411767013377
887365451612901377
887365903054245890
887366047086526464
887366212400762880
887366233875677184
887366306474995713
887366606615130112
887366835980705794
887367011776557056
887367110166548481
887367192702005248
887367291586871297
887367330455597058
887367386139160580
887367522349187074
887367618734247938
887367798879657984
887367909982576641
887368092510302208
887368133970886656
887368166762057728
887368204821069824
887368260831690752
887368575056580609
887368725103620105
887368899104317440
887368913226432513
887369015869530113
887369101139742725
887369370678198273
887369458884411392
887369536734932993
887369804205707265
887369853992095744
887370098222223361
887370547990069248
887370666785345536
887370756845428736
887370882712260608
887370949665935360
887371054414532609
887371055551070208
887371140934418433
887371497953742850
887371534507139074
887371803357831168
887371993598787585
887372148322390016
887372149815627776
887372185454727170
887372212667396097
887372326194618368
887372335342395392
887372440581681152
887372604658642944
887372694567759874
887372750200881153
887372828319862784
887372836247142400
887372878211166208
887373039393886208
887373080129155072
887373167047712773
887373316595568640
887373512960352256
887373677012144130
887373687799902209
887373699761831936
887373727729569792
887373780422721536
887374166885900288
887374366807400448
887374597569597441
887374693539479552
887374736153554948
887374943603875849
887374964944498689
887374991099969536
887375121505234944
887375128958554112
887375650096631808
887375860747182084
887375862387093504
887376032864509952
887376131296346112
887376447869988865
887376736257794053
887376829270474752
887376868520869888
887376967342804992
887377005569871873
887377405370826752
887377448152829952
887377491215691776
887377996780367872
887378078342586369
887378116703731721
887378363324784641
887378368362037248
887378817924378625
887378878926381058
887379107440472064
887379117901008896
887379566578348034
887379790088425473
887379841552498688
887380236626558976
887380253642956800
887380388284215297
887380582073864194
887380705478684676
887380904976424960
887380909682503683
887380918301863936
887380947053760512
887381065551171584
887381154868998146
887381380656758787
887381514023047169
887381521866178560
887381721221615617
887382078295351296
887382111182868480
887382206703747072
887382992200626177
887383172404654080
887383301467623424
887383382811955200
887383431197466624
887383541692198912
887383800430383106
887383947155525634
887384032954257409
887384154500849664
887384181407444992
887384201317756928
887384325284655106
887384558915780612
887384919403622406
887385159258882048
887385569516453889
887385645718671361
887386145641947136
887386960607625216
887386984674721792
887387490029629440
887387496543383552
887388343465422848
887388418086449152
887388436805685248
887388459576565761
887388478618558464
887388731803619328
887389357124067328
887389549193818112
887389591585648641
887390034357301248
887390043886592000
887390202653790219
887390253069238273
887390475682013185
887390506774396928
887390530472218624
887390539640848384
887390705685082113
887391028952666114
887391467412627456
887391881977622528
887392044825456640
887392140690685952
887392162752724992
887392227890155524
887392310543208448
887392380466470913
887392510640873474
887392668321447936
887392722927190016
887392922928336896
887392998048358400
887394019659010048
887394043587575810
887394288576942080
887394449738825728
887394663065419776
887394669042085888
887394750629806080
887394767335825408
887395022349455360
887395165538832384
887395383063658497
887395740707950593
887395887286243329
887395931678801920
887395987601461249
887396185224491010
887396326144708609
887396363318808576
887396596412895232
887396703980146688
887396780073209857
887396846347354112
887397317053173764
887397461030871040
887397504043692033
887397526634196993
887397613364023297
887398049554849792
887398062531981312
887398088167567363
887398114512035841
887398351712505856
887398365121609728
887398607560855553
887398973446774784
887399058125594629
887399081068290048
887399094473326593
887399248454721537
887399475387518980
887400414290882561
887400503268782080
887400752976732163
887401043016941568
887401225179758592
887401500867260418
887401533209530368
887401679930478593
887401745713909769
887402132000964608
887402135398133760
887402310703489024
887402447924154368
887402837940068353
887402844738932736
887402898673381376
887403002277101568
887403102822912001
887403169554345984
887403189967966208
887403302681546752
887404301215301632
887404313634582529
887404478512726016
887405059234988033
887405086057656320
887405344300957696
887405448583950336
887405526665056257
887405810573357056
887406031533359104
887406349914656769
887406664894296064
887406910273708033
887406985582440448
887407207079448576
887407365221384192
887407539914244098
887407635372310528
887407703894761473
887407703521460224
887407704494534656
887407785050353666
887407842109599744
887408321501810689
887408467820064768
887408532320026624
887408773182218241
887408868510146560
887408911095083009
887409148991852550
887409449555697665
887409475023458306
887409955678150657
887410456163360772
887410464187064321
887410583611482112
887410656374276096
887410932502102017
887410983626559488
887411227156152321
887411613183225856
887411684301840385
887411734801154048
887412028545130498
887412374319357953
887412380896022529
887412591827537920
887412642465419265
887413607906127872
887413749090484227
887413852752588800
887413892695175175
887413909849821185
887414253908611074
887414338235109378
887414676837068802
887414824807931908
887414979921661952
887415008866578436
887415034980257793
887415055104565248
887415180375842821
887415251729252353
887415288182050816
887415367655620608
887415543724208128
887415546500702208
887415685160349696
887415749672931328
887415832996970496
887416632020267009
887416738241015808
887416869233336326
887416957926027265
887417446684127234
887417669821095938
887417762209038336
887417789132283906
887417933542117376
887418190443184130
887418238228983813
887418473269399552
887419312457347076
887419418627670016
887419471949725697
887419772622839812
887419956614266880
887420036020924416
887420474556383241
887420542281633792
887420967525507072
887421018108768257
887421159192526850
887421213605335041
887421404878184450
887421507579916288
887422171332526081
887422687936512000
887422819809640448
887423011707645953
887423055122767872
887423368869425153
887423520128593920
887423571043241985
887423585970606080
887423712789704704
887423760235732992
887423960467595264
887423962774253568
887424081469067266
887424146027798529
887424162393841664
887424346507104257
887424362621652992
887424792399421442
887424804223111169
887424806039244805
887424961002045440
887425374669459456
887425718505832449
887426011809419264
887426047767171072
887426088527441921
887426276121858049
887426296254484481
887426307189075968
887426315174924288
887426411065159680
887426840591306758
887426943188160513
887427504646049795
887427606869573634
887427718639386624
887428045467942912
887428135993708544
887428376914526208
887428558724911104
887428674714304512
887428690270978048
887428816112676865
887428843673460736
887428843929305089
887428846592634880
887429391113998337
887429882204049408
887429890999439360
887430351999688705
887430551547850752
887430751507144708
887430888816029696
887430967811604480
887431445182132224
887431511703769088
887431770429243392
887431910540152836
887432009324388357
887432035400392705
887432222575386626
887432820335017985
887432921140920320
887432923434975232
887433088590114816
887433255204638720
887433355767271424
887433404920344576
887433777336680449
887434147593166848
887434624200310788
887434658375401472
887434823253602304
887434860301824000
887434870057840640
887435197628768256
887435484586270724
887435554408804352
887435760223301632
887435931275415552
887435987256848384
887436073915252741
887436298348359681
887436471438909440
887436727006236672
887436776318611456
887437010096594944
887437040744378369
887437056183607296
887437463693791235
887437475165220864
887437538260115457
887437560846397441
887437565510529024
887437794511028224
887437837552861185
887437955140333569
887438117636108288
887438236502700032
887438399405268992
887438441872596992
887438701692932096
887438791736262658
887438857419067392
887438938843074560
887439056912740354
887439061295796226
887439087468244992
887439180623728640
887439205638557698
887439210696904705
887439399562219520
887439453752635394
887439527454945282
887439661211189250
887439981890781184
887440063730040832
887440233721102336
887440277480361984
887440755538747393
887440833720573953
887440847863721984
887440921553403904
887441228769480704
887441252865765376
887441413260009472
887441667959205888
887442058201489409
887442143551393792
887442204876308480
887442377828446209
887442420601901059
887442485324238853
887442836932657152
887442966092156930
887443350269431809
887443700145573888
887443720404074497
887443847957106693
887443886448279553
887444451915902977
887444562070953985
887444594794926082
887444773853949953
887444846033743872
887445107259174912
887445124405354503
887445383516798976
887445403678978048
887445870614106112
887446100264849408
887446138042765313
887446156132798466
887446246494945281
887446606735220736
887446687551287296
887446800331939840
887447011485679617
887447136262123526
887447934371016708
887447940989628418
887447977874292736
887448052478365696
887448120908492801
887448130274418688
887448264685084673
887448329164124160
887448783679836160
887448797483282436
887448970800353280
887448989787881473
887449016983736320
887449020641234944
887449125284958208
887449287399002113
887449505540395008
887449636520304640
887449952443650049
887450176423686145
887450181167448065
887450275295973378
887450473887870978
887450633774575616
887450760669265920
887450888088039428
887451050344673280
887451196419657729
887451786067542017
887451824407662592
887452624655724545
887452646961033216
887452775998775297
887452781858230276
887453154719277056
887453265872510976
887453514687025152
887453708296105984
887453752453726209
887453792744218624
887453871337091077
887454033782374400
887454052090564609
887454076597940224
887454234140127232
887454355691110402
887454394136047616
887454442668388352
887454456698327043
887454711435206656
887454911935389696
887455031229726721
887455041229131776
887455242270461952
887455347966980096
887455503600594944
887455641786171392
887455955071455233
887456205353955328
887456445368680448
887456544786350080
887457243683328000
887457833532391434
887457856395595781
887458041955799042
887458106950791168
887458238664462340
887458601509543936
887458899284152325
887459045719719936
887459304701341696
887459337790263299
887459753777127425
887459821464801280
887460264274255872
887460466653622276
887460803263295490
887460970829942784
887461222974730240
887461407742210048
887461415359053826
887461491078811648
887461567733825536
887461578152394752
887461609152622593
887461673480671233
887461803281842177
887461852627828736
887461868205428736
887461916133773316
