922976012199219201
922976313127985154
922976724714913792
922976786375311362
922977022535766017
922977188370092038
922977409288359937
922977557888331778
922977591014936577
922977722447679488
922977752667566080
922977790764359680
922977822234370049
922977852500439040
922977941507764225
922978312061829120
922978363479818240
922978368462737409
922978464843649024
922978766900596737
922978780343361538
922978808755572737
922978847628382208
922978899809787904
922978929031483392
922979015031390208
922979093376831489
922979126079840257
922979135584161792
922979366316933120
922979399137337344
922979448886104066
922979624640024576
922979782429696000
922979943600001024
922980231283118080
922980235959787525
922980284710125569
922980617691844609
922980677875888130
922980692400705536
922980757332725760
922980768577740800
922980845031448581
922980875821834241
922980897841995776
922981022202986496
922981083091734528
922981187131502592
922981263673298946
922981268224118784
922981270640037888
922981304454524928
922981327141572609
922981360612069377
922981378182057984
922981510709432320
922981685037109248
922982549705691136
922982978577489922
922983004745629696
922983059942600704
922983246589284353
922983253803495425
922983264612167680
922983759909138433
922984139753586688
922984142664601600
922984180513955841
922984279864422401
922984297589600258
922984318229762048
922984506705014785
922984660170346497
922984680877588481
922984860330987522
922984868253982720
922984871781429248
922985024529616896
922985204960186368
922985233649209344
922985309960396800
922985316088143872
922985337873297408
922985364645666817
922985674185338880
922985752652341249
922985765700648961
922985990112899072
922986106974539776
922986118324408320
922986226256367619
922986246468751361
922986285484134401
922986521027788800
922986571044925440
922986782915989504
922986792034455558
922986801727451137
922986946212843522
922987185934094336
922987195987845120
922987218481840130
922987278686973952
922987287935250435
922987456542248960
922987521310642177
922988006788747265
922988079958421505
922988129459556352
922988162238083072
922988331717316609
922988624160866304
922988787818487809
922988945725624321
922989133529796609
922989293773164545
922989424920748034
922989507284164608
922989622178787328
922989643154542592
922989755066978304
922989916916736001
922989937603088384
922990055232360448
922990075595689984
922990188845920256
922990261210361858
922990319381241856
922990525854175232
922990663804837888
922990790338580481
922990881531219973
922991015555821568
922991039140499456
922991059310964736
922991110120542208
922991189816733696
922991198997970944
922991357865742336
922991357865742336
922991458369654784
922991657670373376
922991683700187136
922992238614982656
922992288661417985
922992290045530113
922992306487164928
922992339035021313
922992369057837058
922992372249780224
922992390553583616
922992401991467008
922992438444208131
922992443271892992
922992484711624704
922992499827838977
922992542546874368
922992585332928512
922992587019051009
922992596238049281
922992626118381568
922992830255108096
922992908118216704
922993305729863681
922993310733619200
922993425540157440
922993520021049345
922993551193071616
922993580234326016
922993589566738432
922993613805535232
922993856383037440
922993904009596928
922993924444246016
922994103146577920
922994105524695040
922994167227150336
922994319300050946
922994346827202560
922994441052479493
922994444185493505
922994450758033409
922994674339631104
922994737346330624
922994833903505408
922994860969246720
922994879411527680
922995563167088640
922995683778596864
922995929912893440
922995936917315585
922995962083131392
922996189179637760
922996230820544512
922996293110185984
922996424731533312
922996532458160131
922996609641779200
922996615715028992
922996658102788098
922997086408253441
922997459349135365
922997513317052416
922997904251420675
922998048405446656
922998056810717184
922998549867982848
922998964026089472
922999081676541952
922999128166088704
922999727712546817
922999753939468288
922999668681748480
922999920658751488
922999997351723009
923000035427487744
923000134677467137
923000188733554688
923000231846928384
923000437183094784
923000437074051072
923000560684433408
923000642309967872
923000647724625920
923000663298265089
923000863257448448
923000891162030080
923001054974787584
923001584061120512
923001814298931200
923001861916913664
923002363987755008
923002446510559232
923002467696050176
923002484427128832
923002665193242624
923002682582884352
923002794214244352
923002854335430658
923002939127554050
923003045612371968
923003414774128641
923003428053254144
923003661709598720
923003706294988801
923003871231741953
923003953381441536
923004070180225024
923004114744721408
923004177730519040
923004439836766208
923004480802643968
923004936358543362
923004939097509888
923005004507594752
923005045859287040
923005200125841408
923005203367968768
923005941032931329
923005962281140224
923006049073770496
923006096045993984
923006118523052032
923006321003134976
923006614973562880
923006639992578048
923006810860036096
923006859983777792
923006986806947840
923007048660299777
923007117644066816
923007209520238592
923007281305763841
923007400096940032
923007506967752704
923007512692932608
923007540434046976
923007555814617089
923007556808728576
923007699813466112
923007768268742656
923007807401504769
923008001753210880
923008244510945281
923008314572619776
923008369723658240
923008457225076738
923008697957101568
923008763711307777
923008774205403136
923009013104590848
923009053197864961
923009162413404161
923009389073756161
923009670251294720
923009888292360192
923009915450470405
923010355755761664
923010499909787648
923010541500620801
923010623071428609
923010880102653952
923010880056340481
923010960956067840
923011131186089984
923011406609440773
923011721324670976
923012462613372928
923012474567262208
923012747138293761
923013332033867776
923013333833236480
923013482043150336
923013598858813440
923013618001526784
923013674557566977
923013800982384641
923014023984984064
923014257360408576
923014342383083521
923014403095658497
923014429758730240
923014501946896385
923014623204388865
923014895284584448
923014899718148096
923015161656631296
923015438015004672
923015579035996161
923015728537640960
923016049989124097
923016212811939840
923016831228448769
923016884030763008
923016932906987520
923016956185366530
923017178542215169
923017574698356739
923017649012883457
923017725034815488
923017732349661186
923018229307658240
923018874307608576
923019353985048581
923019425942556672
923019465327022081
923019894354055169
923020390649270272
923020567279583234
923020993303646209
923021400440475648
923021485186437121
923021901009649664
923022213187432448
923022762775580673
923022899807744001
923023029214629888
923023128984514560
923023470874808320
923023502424399878
923023800358359040
923023988103761920
923024280320962561
923025069307244544
923025071920353281
923025269883068421
923025580056080384
923025968759001089
923026124883587072
923026156164648961
923026447299678214
923026680582688768
923027222629412864
923027425386160128
923027467660681216
923028393003831296
923028697170567168
923029011659460608
923029609205190656
923029934070738945
923030318860337152
923030882063040512
923031440090071040
923032114194391040
923032329613987840
923032426628177921
923032653787549697
923032849468534784
923033448696176640
923033652862255104
923033685368205312
923033982505242625
923034019855589376
923034111723401217
923034383698792448
923034423116910592
923034436752564224
923035315392143360
923035364910133248
923035467456700416
923035598486757377
923035859909259264
923036234615869440
923036306334277632
923037102614364160
923037131244736513
923037357510746112
923037357510746112
923037566047309824
923037704367038464
923038371508781056
923038506666090497
923038656264273923
923038695212703744
923038699260129281
923038868277997568
923038986632925191
923041606252613632
923042129445883904
923042373168398336
923043226516369409
923043623070990337
923043795276582912
923043950801199105
923043994057179136
923044335289020416
923044724197548032
923044777024729088
923045170253312001
923045484134129664
923046892027695104
923047858248527872
923047893577150465
923048510089437184
923048945819013120
923049036415946752
923049128204165120
923049363512922112
923049410187202560
923049959888441344
923050116189171712
923050425850454016
923051231282647040
923052967250538496
923053284516130817
923053545380810753
923057548902719488
923057595954487296
923059670222127107
923060360990613504
923060424253300736
923061025510969344
923063055495417856
923064252415528960
923064506137415681
923064746420658176
923064977430335488
923065645251596288
923066206503960581
923068165621473280
923068386581598208
923069084710899712
923070236596801536
923071648764325888
923072847609675776
923073096109584384
923073897376907264
923073939240292353
923074843976888320
923075986295574528
923076371185840128
923077057545932801
923078175130832896
923078325538496512
923078959411154944
923079483434917893
923080156381671424
923081559342747649
923081691203362816
923081948263743488
923082721861107716
923083969494700038
923086868291510272
923087492194144256
923087822692773888
923087953341140993
923087992998236160
923088121301942272
923091787832586240
923092139617202177
923093070580781056
923096816811257856
923098264408350720
923102354575990784
923105196489637888
923109007446937602
923109266181017602
923109697993035776
923113495830388736
923113500314161152
923113605360316416
923113754639917057
923114425774755840
923116446321905664
923117283408564224
923117590821601280
923117760133070848
923119541554728960
923120184541499392
923120495238803456
923120885128671232
923122877184036864
923122919240273922
923123701431848960
923124954656399365
923125868247093248
923126059058585600
923127612800684032
923128201500557312
923128669840855040
923129266480353281
923129698649067521
923130507461873665
923132270088728578
923132463995670533
923132909363404800
923136442741739520
923136821059502080
923138552493350912
923140168365768704
923141616101027842
923141818379833344
923141943995092992
923143557191491584
923143618671517696
923146605733191680
923147099075743744
923147218130997248
923148277578715137
923148707675205632
923149176183037953
923149307997491200
923149510217519104
923149728568696833
923149818922393600
923150268723859457
923150382121078785
923150394083233792
923150843024683009
923151163905765377
923151257900146688
923151437949030400
923151471297822720
923151652797931521
923151892359790592
923152214176256000
923152399434428417
923152811193520128
923153076688736257
923153402363723777
923153434236383233
923154372510605312
923154709271150593
923155169055072256
923155294129078273
923155316073787392
923155658584752129
923156737732911104
923156740132159488
923156741042290689
923156758847135744
923157299115409408
923157754755276800
923158091998420992
923158187653578752
923158250853298176
923158251188789248
923158349243469825
923158498527010816
923158499676143616
923158665233948678
923159075629686784
923159085029183490
923159764258951169
923159769661231104
923160776055148545
923161098035056641
923161131362877440
923161197599367168
923161612898525186
923161867907776514
923161923742339072
923162252005560320
923162275757936641
923162311287861248
923162397073866752
923162612736466944
923162898435895296
923163686981853184
923164019841748992
923164282891710464
923164934304817153
923164944186650624
923165301226770432
923165513047457798
923165777699790849
923165796574081024
923165862475042816
923165983392575494
923166028053602304
923166232404045824
923166466731474946
923166653231390720
923166872647774208
923166998799958016
923167246318313472
923167704747409410
923168031643185153
923168154305654784
923168237424140288
923168408090263554
923168710185103360
923169366677454849
923169396960325633
923169693388754944
923169915368075264
923169927745417216
923170126698082304
923170224031043585
923170314711793666
923170334131605504
923170531725234184
923170623358226434
923170632946331649
923171097666883586
923171151232110592
923171234921168896
923171238402560000
923171339359338496
923171651386085376
923171681765548033
923171726011322369
923171743132352512
923171854466117634
923171858287091713
923171902914551811
923171988415369217
923172208343597057
923172280875839488
923172365093277696
923172578134392832
923172653573296128
923172692307726336
923172753565474817
923172832347152384
923172884238934016
923172912399515649
923173340524765184
923173347625664513
923173393737773056
923173656099938304
923173781929066496
923173842255843328
923173961348894720
923174048514871296
923174165548482560
923174185383292929
923174286961111041
923174402451234816
923174519048671232
923174670060412928
923174696094285824
923174855054372865
923175142481584128
923175164019318784
923175383599603712
923175517364412416
923175724261019649
923175828380372992
923175971532034052
923176054629552128
923176054629552128
923176747205582849
923176829011316736
923177213612007425
923177376556748800
923177741842894849
923178151278194689
923178186116161536
923178340491710464
923178311844548609
923178409823539201
923178437149200385
923178545488285696
923178646696738816
923178664753106944
923178697871560704
923178781229158401
923178893678383104
923179001291726848
923179288395907072
923179558379061249
923179906401480705
923180106494787585
923180570175332354
923180592916811777
923181060275556352
923181077811945472
923181080332656640
923181109667684354
923181140021792768
923181206019170304
923181307865178112
923181384193024000
923181678679408640
923181756441915393
923181885760487424
923182270558687232
923182366230642688
923182412976279552
923182567066558464
923182602621734912
923182760256253952
923182865818546176
923182937943826432
923183519655956480
923183572693016578
923183708487680000
923183773176487936
923183829887614981
923183935818993664
923184059047583744
923184151154626566
923184317706186752
923184469502283776
923184730169839616
923185365032116226
923185601595162624
923185743983386624
923185781363167232
923186262688829440
923186356125425666
923186617053011968
923186861111160832
923187134424547328
923187650990919680
923187710772133888
923187919015350272
923187972006207488
923188240504500229
923188452337831940
923188495602126848
923188610324611073
923188852365365248
923189076697772036
923189463580381184
923189619444690944
923189756363546626
923190367784132609
923190423971090432
923190516476534791
923190592129110018
923190703898943489
923190816352321536
923191003066109954
923191305840214017
923191406474166272
923191783240163328
923191804358410240
923191836935536640
923192190804697088
923192977161199617
923193022539599872
923193111496491008
923193367709782017
923193402283450368
923193466385059840
923193474689593344
923193519371706368
923193521015803904
923193531488927744
923193644668084224
923193773223538689
923193840294653953
923194179165081601
923194604496633856
923194651456167936
923194659358363650
923194751658082305
923194806175535104
923195062355292161
923195250973265921
923195834090577921
923195953607335936
923196012990291968
923196554453716992
923196711660437504
923196756912992256
923197278067806208
923197335882031104
923197352462000135
923197651830689793
923197939174072320
923198812956454912
923198871911755780
923199201240145920
923199337496055808
923199485320278017
923199579629244416
923199581390819332
923199882290229254
923199988188016640
923200139316969473
923200241473609728
923200371635425280
923200633020211200
923200720400191488
923200743468912640
923201063569653760
923201117982482432
923201189767811072
923201266691559424
923201533143109634
923201903583883265
923202243846864896
923202394497929216
923202451397857281
923202519551000577
923202542976114688
923202864507322371
923202976549953537
923203032329863168
923203533767405568
923203542231470081
923204204247863297
923204657488461825
923204813436981248
923204960883417089
923204969834209280
923205233131401216
923205286038351873
923205424232443904
923205456868335616
923205618143584256
923205951489839104
923206267056910336
923206548364525569
923206859141582848
923207002184089600
923207578602971136
923207628876021762
923207781225820163
923208185179201538
923208221455724546
923208687522582528
923208695361822721
923209040796246016
923209337828392960
923209422880628737
923209426399510528
923209448788774912
923209949869674496
923209998045450240
923210032002543616
923210034821165056
923210650754613251
923210735605469184
923210806145118208
923211231988551683
923211234165567488
923211448679006208
923211451078270976
923211539267584001
923211649825280000
923211773704134657
923211950141640704
923212020094324736
923212087584804864
923212267319017473
923212500350496770
923212574707118089
923212886285090817
923212898444431360
923212933479374849
923213054799687686
923213435445366784
923213440222683136
923213638470717440
923213700793806848
923213704891547649
923213818997760000
923214411434733569
923214989288263680
923215583289757697
923215757789540353
923216021795889154
923216369688203265
923216509467492352
923216519961698304
923216752108097539
923216791983280128
923216792343810049
923217112948203522
923217113891921920
923217533297033216
923217784682803200
923217903733833728
923217947425943557
923218082902003712
923218096839540736
923218555818168321
923218610004398082
923218856147144704
923219253997834243
923219338009698304
923219381793853441
923219427390132225
923219610241060864
923219742386618368
923220239189454848
923220445033353222
923220611962474497
923220633026039808
923220798806134784
923221589012905984
923221980077101058
923222058481225728
923222147711098881
923222212131164160
923222230305140736
923222286827737088
923222715061870592
923222739871154176
923222771500335104
923223063449059328
923223410888663041
923223634415702016
923223648684724224
923223740355297281
923224009420038145
923224326362615815
923224359573049344
923224515492175873
923224530084093952
923224673650987010
923225311889764352
923225462079451138
923225474494615553
923225557747236864
923225704933855233
923225722709188610
923225764438437888
923225852179091458
923225900522409984
923225942096461824
923226379595931648
923226699558514689
923226865459965954
923226942907678720
923226990169219073
923227018300309504
923227058624348160
923227073602248704
923227124043001856
923227239809916928
923227624972828672
923227758037053440
923227996135227393
923228109440274433
923228319662919680
923228438688927747
923228621115834368
923228669509746689
923228668675149825
923228704318377985
923228942106071042
923229304011362304
923229489416560642
923229527333113856
923229804454916097
923230023569559552
923230026346229761
923230377753407488
923230521299230722
923231414899929088
923231668260962305
923231747294208000
923231948780326912
923232050030809088
923232107383664646
923232436653383680
923232501639925763
923232526973521920
923232544371249152
923232675162443781
923232739121283072
923232817663836160
923232896634245120
923233124494073857
923233133939580930
923233232614776834
923233375183429632
923233495362801667
923233740481892353
923233800385114113
923233839723503621
923233945826807809
923233952067936257
923234327537864705
923234425554419713
923234455313174528
923234877440278528
923235008864800768
923235360292986880
923235605915623424
923235636030722049
923235654015729664
923235937903034369
923236054488043520
923236346239508481
923236505514102784
923236519443419139
923237112006057984
923237167673077761
923237262128766976
923237319850774528
923237383792988160
923237576936341504
923237583852675074
923237717978251264
923237828963852288
923238138817810432
923238200990228481
923238350626078720
923238428027875328
923239098608795649
923239171484872704
923239267287040000
923239421993988096
923239628647186432
923239775183822848
923240073109364736
923240186976247808
923240252692664322
923240901157294081
923241034368339970
923241561844043776
923241965570875392
923242014686167042
923242182475177984
923242219858952193
923242221561958401
923242669245173762
923242733539614721
923243010980118528
923243155654287360
923243748640935936
923243783856246784
923243794962644992
923243795956846592
923245357022285824
923245458297884672
923245626300694531
923245683725004806
923245820987756544
923245979234721793
923246138425270272
923246484102905856
923246560741294080
923246580320186368
923246930947444739
923246940564766721
923247059213352961
923247310410219520
923247577734115328
923247603692777472
923247668461232128
923247670436667398
923247823180652544
923247872140771336
923247928310771712
923248156237811712
923248474241601536
923248581615734785
923248599168966656
923248868078374912
923248875154165765
923248879407157248
923249026404880394
923249240310210561
923250058795069440
923250164659138560
923250422143471617
923250919378010112
923250935358459904
923251060331782144
923251749032464384
923251910626500608
923252019170643968
923252619727978496
923252721075064832
923253063544070144
923253251180462080
923253257375571968
923253315298881537
923253325570723845
923253378762838016
923253418969329664
923253426569564163
923253431841763328
923253501467267072
923253512183562240
923253633138900992
923254005907718144
923254297168568321
923254452953399296
923255107638169600
923255355190202368
923255400840839168
923255602675007488
923257199115341824
923257320347447297
923257775639187456
923257831809265664
923257872825204736
923258052987555841
923258369460375553
923258436791558144
923258547340824576
923258754518286336
923259321953034240
923259814205186048
923260416217694208
923261014430355458
923261957989208064
923261980323954688
923262850839334913
923262967382265857
923263143341633538
923263242624831488
923263390327308288
923263428742889473
923263462309900288
923263866469076992
923263932201975809
923264039056297984
923264307948748800
923264319156047874
923264356036562945
923264430133121024
923264560852807680
923264885953351680
923264964294459392
923265046309953536
923265262970986497
923265311113015296
923265508081848320
923265555037073419
923265910609125376
923266158987501569
923266246082158593
923266490585042944
923266632381878278
923266649838383104
923266888926486528
923267156866936834
923267251540824064
923267257223933952
923267344671092739
923267616994623488
923268021090750469
923268430769242113
923268432484884481
923268600324116480
923268613829808129
923268654451576832
923268957108305920
923268984530784256
923269040604315653
923269244007141376
923269542113087488
923269734447157254
923269810582052864
923269950881574912
923270077562146816
923270083857829889
923270245565042689
923270461680750592
923270483721834496
923270700676157440
923270799410135040
923271115656478720
923271390882619392
923271456603111424
923271501603749890
923271537154605056
923271556129632256
923271777689751552
923271858488610816
923272067432222720
923272210285936640
923272394822823936
923272640306954240
923272866661060608
923273129568423936
923273223793295360
923273392052109317
923273464215166976
923273679844380672
923273814485725184
923274599801982978
923274748989198338
923274982255235072
923275173977116672
923275321331404806
923275431863713792
923275509135495176
923275612948660226
923275699464544256
923276323568717824
923276340765138944
923276486609723393
923276804881776641
923277279278415872
923277308387057664
923277339902881792
923277636364881920
923277955522023427
923277958642589697
923278006579269634
923278014607106048
923278477930975233
923278962100461570
923279218280161281
923279634816479232
923279674905636864
923279819332255744
923279835987836928
923280032734285825
923280151714004992
923280188099588097
923280544984682502
923280761373028352
923281107004674048
923281681037086720
923281798422921217
923282072264851456
923282467817181190
923282517108711424
923282547911602177
923283187522064386
923283191120535552
923283254794424322
923283413779357696
923284021378871297
923284050512560128
923284179147804672
923284324979486720
923284335637049344
923284359653871617
923284491128381440
923284600310308864
923284623525924866
923284651543810048
923284687581151232
923284782200578051
923285079107014663
923285392643813378
923285448251785216
923285731593900032
923285950272172033
923286244917948417
923286416322367488
923286574661484544
923286993722793984
923286999364198401
923287554866274304
923287775742447618
923288008886861824
923288140319686658
923288324609118208
923288463532736512
923288610006274048
923289095782137856
923289265919762434
923289482723581958
923289643298312198
923290071398313984
923290389645221888
923290445165117441
923290458926862336
923290917875867648
923291376581791744
923291872927215616
923291905911173121
923292265182740480
923292746810474496
923292970639540224
923293098276302848
923293114088939521
923293144602501120
923293288399908865
923293299762348032
923293473347747841
923293526145646593
923293942392569856
923294000768958465
923294136903483392
923294287504142338
923294526457880577
923294613011447809
923294633706143746
923295199119384576
923295491143507968
923295797713575936
923295940290666498
923296375646822400
923296415173849089
923296455908978688
923296545671225344
923296548426891264
923296751666077696
923296765742161921
923296872063672320
923296892183703552
923297199647203328
923297351145463808
923297580959784960
923297598860955649
923297874602946560
923297922741026816
923297952356900865
923298027057508352
923298073341595648
923298159920427008
923298176898965504
923298178400583680
923298407489290240
923298936479035392
923298964711006208
923299121871466496
923299187365523456
923299295213756417
923299382010699776
923299864921780224
923299868726018049
923300144874844160
923300173911957506
923300696358764544
923301031559151616
923301213218603008
923301306776694785
923301314565619713
923301374116237312
923301430236082176
923301433084059648
923301908680294400
923302041962758144
923302119838441472
923302309018312705
923302407966138369
923302443059904513
923302761839521792
923303267714596864
923303674499100672
923303856020381696
923304519945003008
923304605483765760
923304610244128768
923304624622317569
923304764741443587
923304904319557633
923305686657679360
923305732719677440
923306110680829952
923306406534569984
923306467633123328
923306520988790786
923306582309588992
923306921930629121
923306950506438656
923306971830407169
923307594369945605
923307638623891457
923307727807483910
923308000584126469
923308356470702086
923308608158355456
923308625627512832
923308662235455488
923308727213674497
923308861053947904
923308868263804929
923308887259856896
923309051101970432
923309157448478721
923309765824012288
923310056690671618
923310168485580800
923310290342617088
923310363952799745
923310387537305601
923311210661105665
923311210661105665
923311433156386816
923311524004925440
923311770852306944
923312133877534723
923312208045641728
923312778487717892
923313016732573698
923313210861785088
923313331040952320
923313458791272460
923313569474711552
923313732163424256
923314104114089984
923314185261510657
923314195860422658
923314497581998085
923314585561653250
923314685482553345
923314686669582336
923314782366605312
923314823248654338
923314949895675904
923314987514368000
923315022767493124
923315075300990977
923315109275099136
923315120457035776
923315125767024640
923315202707337216
923315288673865729
923315404570791936
923315540931858433
923315557163728897
923315563782443008
923315622523691011
923315635961995264
923315658976366593
923315692438544384
923315988250152960
923316090410647552
923316099462172672
923316209457573888
923316445735464961
923316494880174080
923316580691464192
923316598324318208
923316727219449861
923316749726093312
923316867262963712
923317179214385152
923317266107703297
923317274542407680
923317340644749315
923317769449467904
923317830900224000
923318079886647296
923318160509595648
923318264897224704
923318506564792320
923319053195735041
923319144652488704
923319395665039360
923319587235655680
923319633112915974
923319677857812481
923320115852185601
923320293678108673
923320333301616641
923320444438175745
923320582992666625
923320690928844800
923320768808804352
923321003320729600
923321107138187266
923321201812017152
923321623683452928
923321784484663297
923321828977795072
923321944996548610
923322061908529152
923322192707846144
923322554416185345
923322566210740224
923322591842062336
923322603355430917
923322829986131969
923322951142912000
923323054180020225
923323059649392640
923323423685730304
923323472129949697
923323711041744896
923323844198252544
923323878868443136
923323982559920128
923324176789843968
923324270557540352
923324352678023168
923324440947167232
923324445044953088
923324807122272259
923324969618157568
923325382467743745
923325549275119616
923325593441177600
923326201661444096
923326520504061953
923326754797834241
923326951804231680
923327214694928385
923327233531375616
923327471415713794
923327793181667329
923327950874906624
923328022463369216
923328105594392577
923328374373797889
923328612908052480
923328632268914688
923329094997159941
923329900035031041
923330106113880065
923330174946459648
923330197331509248
923330708331999232
923330809800593408
923330972787118081
923331174671544320
923331454012198912
923331500988420096
923331624321933312
923331682631118848
923331910587338753
923332124266004480
923332319079026689
923332361198166016
923332664677076992
923332712345325568
923332775276634112
923332786454450176
923332910966624256
923333308179734528
923333367323557890
923333579253235713
923333731196325890
923333892244992000
923333934032785408
923334007588315138
923334078664970241
923334561551003648
923334624985706497
923335298762801153
923335369344667648
923335489293373440
923335693492944896
923335705769717761
923335925169573888
923335986163191808
923336049916547072
923336225221640192
923336478377365504
923336559524491265
923336572203929602
923336720338350080
923336961762430977
923337105794916352
923337659199774720
923337854025158656
923337880327655425
923338017489784832
923338039346302977
