938196292433580032
938196333730717697
938196523254517761
938196793308995584
938196810232991749
938197097978798080
938197458202611712
938197480281223168
938197987607670784
938198222039867393
938198483776839681
938198653856047104
938198856331923456
938198894772654081
938199332012077056
938199530272690176
938199545741266944
938199619107991552
938199724259201029
938199856480440320
938199981550374912
938200528483504134
938200600973586437
938200829114372096
938200865013420032
938201638094942208
938201825441996800
938202018870710272
938202543599046656
938202619884994560
938202668455153670
938202869672448000
938203468757635072
938203580573601799
938203987655847936
938204182737293314
938204246901653504
938204430687789058
938204541203439618
938204605732872192
938204759231815680
938204925749813248
938204926890606592
938204995312287744
938205133904793602
938205237873082373
938205279027687426
938205401870454785
938205448381005825
938205846189891584
938206001286795264
938206215561236481
938206231793143814
938206400932704256
938206436840169472
938206465382342657
938206473489920006
938206709948043264
938206800880513025
938207290238398465
938207372853604353
938207408467431427
938207536791949312
938207691075354624
938208029333364736
938208186041077760
938208209499770880
938208429159497730
938209123635814400
938209133802786816
938209375436574721
938209749694320646
938210091450486786
938210443994320896
938210700232622081
938210713830641664
938210742263717888
938210985613119488
938211065925652481
938211106224574465
938211185710813185
938211260692353024
938211327792869376
938211378418061312
938211494923182080
938211648678060033
938211645754458112
938212106025013249
938212228708405249
938212265043550208
938212283070763008
938212333544931328
938212574134439936
938213051362357248
938213192441921536
938213206782304256
938213209743360000
938213257906741248
938213368325840896
938213524060495874
938213650850045953
938213898905440261
938214388443631622
938214681671483393
938214689988923392
938214840258191360
938214991831949313
938215147193143296
938215178201640964
938215208698437632
938215614308499457
938216251813449728
938216257773559808
938216301767610373
938216667468959744
938216746703556608
938216828270149632
938216861283602432
938216870632714241
938216934797119488
938216967185616897
938216990543679489
938216990233300992
938217097146101760
938217287307362310
938217561300373505
938217567931551744
938217914510999552
938217982840459265
938217990214049792
938218228907757573
938218233945120768
938218342829113344
938218386957447168
938218672946077696
938218802118103040
938219043961614336
938219228313915392
938219434577186816
938219660796940288
938220058765078528
938220177401040898
938220388131262464
938220441226895360
938220474588434432
938220477167865856
938220527356956672
938220564661055488
938220578040926208
938220733767061504
938220739660009475
938221081550315520
938221109895409666
938221124780949504
938221215302504448
938221394122493952
938221466914394112
938221760188645376
938221892602941441
938222437518495744
938222516509773824
938222585480757248
938222662790340608
938223130421661696
938223152307589121
938223353990647808
938223386844717056
938223535482331136
938223566453137408
938223785735610369
938223793918611456
938224282366369792
938224340545523712
938224377925009408
938224402868686849
938224509718614016
938224615649923072
938224712647356418
938224880507609089
938224908412256256
938224915366449154
938225142500433920
938225278588997633
938225409912725505
938225458705059846
938225476526469121
938225643518492678
938225681607086080
938225741480779777
938225838549618688
938226063423037442
938226094590910466
938226281426161666
938226290259382272
938226308890415105
938226629658251265
938226679138410496
938226681365565442
938226709110849542
938226730384482304
938226731944734720
938227090670923776
938227216877572097
938227297626345472
938227378689626114
938227393864482816
938227476605624320
938227579043110912
938227724438720517
938227909030039552
938227974897373184
938228081323659265
938228223288184832
938228389772779520
938228440674729985
938228775250223105
938228841813889025
938228914463428608
938228921061036032
938228941705367552
938229080390012928
938229093866393600
938229198992412673
938229244894826496
938229297084592128
938229464596647936
938229468283498497
938229589930921984
938229627096588293
938229719320989696
938229768687890433
938229997508222977
938230158561038341
938230166995730432
938230182942576640
938230330837929984
938230374743855104
938230384092958720
938230435431186432
938230821797888002
938230940744278016
938230957286535168
938231027004313601
938231083585495040
938231170390773762
938231189483282432
938231199167893504
938231207644532736
938231213466189824
938231685602189312
938231719831810048
938231775070965760
938231930977488896
938232130122985472
938232185890525184
938232255851491328
938232393588203521
938232426807078912
938232450542723072
938232521749299200
938232646240522240
938232830508879872
938232839627268096
938233467069915136
938233785849610240
938233830275715074
938234068164136960
938234088829353985
938234101399728130
938234102221766656
938234103597584384
938234105409482753
938234106676170752
938234204453826561
938234335769120768
938234405096689664
938234722957844480
938234805388562432
938234889761157122
938234987052240897
938234989220651010
938235021491654656
938235033655173120
938235059802341379
938235101066006528
938235217634054144
938235247887618049
938235261301022720
938235293941010432
938235309313191936
938235416741851137
938235423654113280
938235490679054338
938235542860435457
938235627476344833
938235646577176576
938235778580336640
938235809198739456
938235918200328194
938235995807473665
938236116213403648
938236198279155712
938236209326972928
938236321004511232
938236378755862534
938236533081018369
938236569856675840
938236734097231872
938236827860963328
938237014239010816
938237062054121472
938237201757982720
938237292430417920
938237400165310464
938237632001306624
938237653840998400
938237793125457920
938237930765766656
938238021853437957
938238092133195776
938238170998730757
938238339655847936
938238373822689280
938238426763218944
938238479494012928
938238721970798593
938238785489215488
938238811338887169
938239172623720448
938239542343192576
938239838632935425
938239922124701697
938240304553000960
938240571994529793
938240665124855809
938240811971547137
938240826634891264
938240946466119680
938241219259518986
938241289975422977
938241299681071105
938241319150878720
938241346506297344
938241348309839872
938241428156796929
938241456237670401
938241471500771328
938241487162114049
938241590535053312
938241605814718464
938241628950679554
938241648521302016
938241784030945280
938241844047171585
938241883679133701
938241887722459137
938241968257331202
938242025794752512
938242171244892160
938242194170875904
938242223824691200
938242343651725313
938242350467502080
938242369346031617
938242475122155521
938242546911907840
938242597436485632
938242681980911616
938242686565224448
938242835811151872
938242841104601088
938243009124098048
938243070449082369
938243118050238465
938243562117967872
938243902951145473
938243976326414336
938244186683428865
938244294170824704
938244322461351938
938244348323430400
938244453730537472
938244717384491008
938244821583613952
938244866609467393
938245017310760960
938245128082386945
938245267727536130
938245270390956032
938245309284667393
938245311805493248
938245358207029253
938245463618277376
938245490340188160
938245656241729537
938245657319657472
938245943929065472
938246102578532353
938246142495789057
938246172057260037
938246184652738560
938246239312850944
938246416937385984
938246539113218048
938246671275839489
938246996489658374
938247123803525120
938247125497991168
938247139053985793
938247227624996865
938247515476054018
938247650075439104
938247814479523841
938247885476507648
938247941722198017
938247982885072897
938248058147627008
938248167614746624
938248206458261506
938248279090978816
938248345444864000
938248353808297986
938248703890149377
938248763197526016
938248936485281792
938249035038773248
938249094312742912
938249110599200768
938249296138432513
938249319060332544
938249544634073088
938249686691078144
938249813115760640
938249872557428736
938250213940191233
938250285159288833
938250382207324160
938250679113658368
938250711565062146
938250970009567232
938251131788124160
938251578779291649
938251814012628993
938252017075712000
938252108570218497
938252142338387973
938252571650723840
938252848273547265
938253660085211136
938254044715454464
938254933262000129
938254989276975106
938256041132818433
938256122930065410
938256267461742592
938256450819801089
938256463130189825
938256468389847040
938256585918427137
938256614192304128
938256775626702848
938256839505985536
938256903028858880
938257229949669376
938257244025774080
938257522250715136
938257584791924736
938257865780944896
938257895480877057
938258197596524544
938258514459480064
938258887295340544
938258905011978245
938259323440058368
938260043958489089
938260074581065729
938260151102033921
938260151320137728
938260579931836416
938260608411107328
938260665671868416
938260835780132865
938261238475382784
938261503823581184
938261527127314432
938261565710757888
938261650238517248
938261738612494336
938261854828355584
938261979747225600
938262011733004288
938262117068820480
938262196798271489
938262400184274947
938262825327300608
938262930482696192
938262993581826048
938264032053735424
938264218511511552
938264684448374786
938264945824878593
938265168328478720
938265409014456321
938265573863116800
938265683091214337
938265904994975744
938265966466748416
938265978072453121
938266249418756096
938266368474079234
938266493271314433
938266546107043847
938266675694178304
938266734120841217
938266814613803009
938266834729619457
938266963125719040
938267276930965504
938267453095899138
938267518237540352
938267681534496768
938267706066812928
938267713901858818
938268019448516608
938268217876860930
938268504188387329
938268619213033473
938268743918018560
938268841477537792
938268986428526592
938269229870125056
938269530064859136
938269717751648256
938269995905306624
938271088814866432
938271188622757889
938271807093821441
938271922290397184
938271994545664000
938272016351707136
938272275979259904
938272889018699781
938273276417191936
938273709776867328
938273731557945344
938273778890694658
938274534637137920
938274738878554112
938274983628992513
938275024280129536
938275041728454656
938275491727007744
938275515412205568
938275550623301632
938275860783816707
938275913313210370
938276312321544192
938276326301229056
938276389354115072
938276435839643649
938276488088047617
938276937423781888
938277058991489025
938277215397179393
938277237610221569
938277389955682304
938277552715632640
938277828344377344
938278171161620482
938278735169622017
938278849078546433
938278925410676736
938278952589807617
938278976895807490
938279458422837248
938279711419052032
938280393773670404
938280636909080577
938281151856291842
938281569424420864
938281604291747841
938282037110243330
938282485322080256
938282551373950976
938284152075505665
938284946506084353
938285017414893568
938285255462719489
938285827205074945
938286115060158464
938286198929412096
938287739736330241
938288057224253440
938288578370658308
938289447023665152
938290652953174016
938291174342844416
938292087006646272
938292250127282177
938292534903795713
938293380764852224
938294029904744448
938294114403127296
938294945911328769
938297268305907713
938297997485584385
938298623892377600
938298819783127040
938300992646471681
938305342324305920
938309163582619648
938309309171163136
938310206299295744
938312766372372480
938313897903296512
938313926864965632
938313993550204928
938319169380077570
938319391502094336
938319979841286144
938320470348324865
938322134480322560
938324197406859264
938324346673778689
938328554860957696
938330766672564224
938331546913734656
938332545053282304
938333273264152577
938333364712505344
938333651175137280
938334564786860032
938341865648111616
938342398140264448
938345622645739520
938347032842039296
938348753274118145
938349673126989826
938350231590260737
938352334463217666
938352417770524673
938355535178379264
938355543684603904
938356105561985026
938356245584588800
938357500499382272
938357693013811200
938359063619960832
938359063619960832
938359525039591431
938360105334124545
938360508582891521
938360609795706880
938362078472978432
938362124203675648
938362471848357895
938362766724927488
938363014453096448
938363365193338880
938363708509704192
938364253324632064
938365394687012864
938365494788227072
938366004178059265
938367500483514369
938367950968541184
938367975177908224
938368161191223296
938368434504634368
938368861371592704
938370684828270592
938370920686800896
938372067837251584
938372495983497217
938373233254035456
938374249873539072
938374599955353600
938375704927928320
938375853582487553
938376479263657986
938379242399600640
938380011270111232
938381232521564160
938381784756170752
938381969687306240
938382355831709697
938382566549348352
938382876445478913
938383440692547584
938384424361541632
938384978877886465
938385460493258753
938385729402613760
938385980683272192
938386061541199872
938386126225723392
938386357986254850
938386393587269633
938386650694070273
938387047768879106
938388125822398464
938388969800323074
938389483883548673
938389830588809218
938389876696846336
938390070893178880
938390223423074304
938390246944886785
938390272802729984
938390973398372352
938391565000511488
938391604217315329
938391626627584000
938392021345202178
938392110037843968
938392122192945153
938392359024263169
938392632727830529
938392681285218307
938392681675341824
938392828857737216
938392869651472385
938392971254386688
938393119631982592
938393372817059840
938393615822307329
938393616254255104
938393869103783936
938393870647173120
938394120833269760
938394134124969984
938394226294849536
938394374500597760
938394428439449600
938394566616522752
938394629229051904
938394678323322881
938394918762024960
938394973845716998
938394984247541760
938395140925808640
938395178976645122
938395489518592000
938395583613751298
938395672671289344
938395850560045058
938396030940471296
938396390518116352
938396411971878912
938396580377280514
938396620646858752
938396823806468098
938397078199390208
938397098432544768
938397201490948110
938397665422925824
938397678227963904
938397736839319558
938397746003959809
938397759610253315
938397925561991170
938398232580907009
938398352168820739
938398413007278081
938398443080368128
938398595706912770
938398858878603264
938398890780368896
938399152421163015
938399543753871360
938399629409996801
938399677002559488
938400126317613056
938401356162981888
938401412165148672
938401600388980736
938401747294474241
938401788541075456
938402010117869570
938402139541528576
938402174626877440
938402244625498117
938402363102113793
938402636306493440
938402671370874881
938402767185604609
938403045641216002
938403060354777088
938403519530524672
938403654041776128
938403761252421633
938403771461308417
938403793355583488
938403817346957312
938404180196319232
938404326267129856
938404358785339392
938404628160540672
938404898181402625
938404987348008965
938405119732867074
938405337945858049
938405429947887616
938405540404891648
938405560042557441
938406110574383104
938406476942659584
938406709730607104
938407788216188929
938407872664428545
938407879098404864
938408145138876416
938408574333661188
938408867830038528
938408899753005056
938408933743407104
938408975971831809
938409232461942784
938409298329088000
938409527392731136
938409644522749952
938409840359206918
938409897254940672
938409946869370883
938410000048721920
938410021464965121
938410153753305088
938410632767881216
938410956002156544
938411060272533505
938411138949304320
938411216862568448
938411244247289856
938411283942199296
938411387193380867
938411634082664449
938411786944090113
938411809857470467
938412177794330625
938412214649872384
938412300620500992
938412660110053376
938412819862708224
938413045516328960
938413154014580736
938413482927624193
938413600359587841
938413752881434624
938413809059991553
938414019404271616
938414077340139521
938414403241824256
938414473232179200
938414497693339649
938414721719525376
938414782717333504
938414979522355200
938415346750492672
938415545698922497
938415608118566912
938415972087685120
938416030002577408
938416069781475329
938416078694305793
938416106720710659
938416153365327872
938416184206221313
938416401647247360
938416457536307206
938416600545415168
938416762122588160
938416911125278720
938416910601015296
938417034873974785
938417260980572161
938417657686183937
938417865170014208
938417909566603265
938418238966333440
938418594358136832
938418756124139522
938418890656309249
938419175759974400
938419201034936320
938419721560567808
938420263468916741
938420768374968320
938420925212647425
938421117911408641
938421605830557697
938421606426144768
938421782775783424
938421811720654853
938421871497883648
938421956248064002
938422106597085184
938422149898997761
938422197948858368
938422206299885569
938423008238194688
938423038554632193
938423395296804864
938423494693588993
938423835929595904
938424726334013442
938424791475814400
938424875437477889
938425699777597440
938425699790213120
938425773597253632
938425805117456385
938425922046140417
938426487639744513
938426823800709120
938427016440963073
938427063563939841
938427450987634688
938427625801859074
938427671163187201
938428129324003328
938428542647287808
938428580316483585
938428605897592832
938429143959601153
938429175131725824
938429267389513728
938429309986914305
938430184675459072
938430246944169984
938430402200514560
938430651061166080
938430802253066240
938431035355824128
938431172371255296
938431314834984965
938431393134235649
938431857603031045
938432098318381056
938432213661622272
938432225233788929
938432469371703297
938432635751235584
938432775622885378
938432851162185730
938433290553384960
938433958202703873
938434066927427584
938434461187833856
938434464396521472
938434514585571328
938434990316179456
938435021823766528
938435175024705536
938435242649513984
938435333678620674
938436030641917953
938436033082830848
938436361085841408
938436462269419520
938437036213665792
938437209027416064
938437289868279808
938437406608576513
938437627170127872
938437682836987906
938437791087759360
938437799526707200
938437923439104000
938437930296774656
938437929730564096
938438011494240256
938438053697392640
938438293774991361
938438295586979840
938438657731629056
938438882894508036
938438935885242368
938438971197190144
938439543929188353
938439603551215616
938439796212432896
938439854370770946
938440014324645888
938440213138984961
938440562486673408
938440570321670147
938440858600398848
938440974962868225
938441003786227713
938441082643337216
938441617484210176
938441901698531329
938442093546164227
938442246822809600
938443046500302849
938443562722758663
938443792348102656
938443953304633346
938444676763336705
938445047204327424
938445095761793025
938445120080187392
938445155790491648
938445695379312640
938445755718782976
938445784625963008
938446545757892608
938446701244887040
938447667943768064
938447946424733697
938448118076416000
938448163257683970
938448424638263297
938448658944622593
938449112839593985
938449351130546183
938449433800220673
938449512754008064
938449699400425472
938450186476466176
938450270664691712
938450383155838977
938450848664956934
938450849910657024
938450956638916608
938451103510708224
938451144241827840
938451350190469120
938451496424808449
938451786456846336
938451830744539136
938451857323704320
938451889984802816
938452054661402624
938452068540518400
938452124593205249
938452448770908160
938452954482466816
938453090201513986
938453202977959936
938453651730792448
938453741908447234
938453875987587073
938454197149884418
938454240296566784
938454470874279936
938454525857251328
938454553648705536
938454597974102016
938454727792250880
938454781571551233
938454909057454080
938455324494774272
938455341603237888
938455509082038273
938455522830880768
938455585539928064
938455619622883328
938456278241873926
938456802060046336
938456876269953027
938456965398913024
938457062421487616
938457108978323457
938457199805943808
938457248841465856
938457275118755840
938457673770717186
938458326815461376
938458415189385217
938458447431045121
938458708388048897
938458950042898432
938458996591284225
938459133535064064
938459187591364609
938459209833820161
938459332693413888
938459872558972928
938460146048684038
938460152230899712
938460235315818496
938460285907677184
938460297836216320
938460346783846401
938460360444694528
938460708492099584
938460751341215745
938461136953004038
938461188928675840
938461303244509184
938461457674469377
938461519678967808
938461530550603777
938461642962231296
938461749073924097
938461924026732547
938462183041716224
938462217413918720
938462374335598605
938462377221095424
938462409022492675
938462584923213825
938462625683316736
938462825256599552
938463480423895042
938463625982902272
938463906300858368
938464140628197377
938464173742321664
938464190641131520
938464237344604160
938464333566066689
938464383696621575
938464446527221760
938464733841313804
938464793756946439
938464940154916870
938465241486188544
938465409333846016
938465428648501248
938465567228428288
938465587876970496
938465755376570369
938465890231881728
938466020108525569
938466022176231424
938466051737706496
938466100903399425
938466188086202368
938466210479464448
938466532639744001
938466781273788421
938466922655633408
938466946059665408
938466967501107200
938467045624213504
938467388097523714
938467605136003073
938467846522368000
938467952210464769
938468361322811392
938468485381918721
938469178901536768
938469241258422273
938469510490845184
938469730641354753
938469751877193729
938469954038452224
938470055414599680
938470057830739968
938470062033424384
938470135689596930
938470226949177346
938470402879381514
938470613777244160
938470613777244160
938470754722738177
938470885425520640
938471033744617473
938471411957383168
938471453435088896
938471466907009024
938471914980478977
938472142924124161
938472160783360000
938472393856684032
938472526946193410
938472728482349056
938472776301776896
938473033722974208
938473067747184641
938473301873225728
938473314812682245
938473530059923456
938473717197307904
938474387765977096
938474450260869120
938474516925370369
938474654951452672
938474972728713216
938475014831116289
938475599332626432
938475638385790976
938475747697709057
938475984508145665
938476018872012801
938476310099300352
938476430727565314
938477236939886593
938477291327426561
938477453953167362
938477489910726656
938477516716756992
938477902558932994
938478155375038464
938478171988652033
938478272416907265
938478309989478400
938478913130438656
938479093426749440
938479736669356033
938479812301279232
938480285024268288
938480700092710913
938481013222727685
938481380446613504
938481385672794118
938481408560988161
938482039573139457
938482592176676864
938482939456765952
938483056414941184
938483246819618821
938483428680445952
938483720809574400
938483734776487936
938483987315437568
938484167553241088
938484210913947653
938484242497097728
938484274386407424
938484308284715008
938484319902842880
938484345874014208
938484805204873216
938484847185555456
938485159854141441
938485192355917825
938485501903953921
938485559734833152
938485578798157832
938485605356490762
938486304790028293
938486308045033473
938487862512807937
938488241505886208
938488376130404352
938488382736490497
938488419197636608
938488466199011328
938488500449574913
938488666216960002
938488686756421632
938488881586073600
938489115149869056
938489333702709248
938489441605312514
938489473905590273
938489549822586881
938490218709241859
938490522888491011
938490551174701056
938490928695775233
938490989907496961
938491322448711681
938491973299826691
938492148202246144
938492729704640512
938492755583541249
938492881047756800
938492987453132800
938493312561901569
938493467319205888
938493536172994562
938493636966256646
938494876773179397
938494967902810112
938495233574293504
938495280005120000
938495683534970880
938495846387032064
938495907808595968
938495945431433216
938496063144636418
938496628046082048
938496818274586624
938497378763419648
938497431817326592
938497505188134912
938497506639601664
938497848135569408
938497935888797701
938498127551651840
938498419462729728
938498459090505729
938498528904695809
938498593551470592
938498611989635073
938498643396407296
938498871377805312
938499845232394240
938499860118036480
938500498243686401
938500741823688704
938501595737632768
938502225638301696
938502974292332545
938503037987016704
938503564636196866
938503661461876741
938503686497689600
938504482584965124
938504491011330048
938505031464054784
938505343319101443
938505420494245889
938506156418453505
938506157450190848
938506803444252672
938506859186491392
938506999091879937
938507101625655296
938507137256275968
938507196161290241
938507249512845313
938507302239440896
938507432036372481
938507446066319365
938507470057566208
938507538450075648
938507586248245248
938507816465289219
938507923378069504
938508199233310721
938508328619204608
938508678654767104
938508729263247360
938508860091899904
938508888063791106
938509064606187520
938509210056146945
938509482644135936
938509623467765760
938510397023379456
938510475440074753
938510845729914880
938510917742014469
938511046570102785
938511258738819073
938511290145869824
938511722779938817
938511761774432256
938511853621338112
938511940678311937
938512313866473472
938512363032137728
938512681278910464
938512923722477569
938513452989075456
938513547180552195
938513583335342080
938513727661453315
938513741523456000
938513992695406592
938514023682777089
938514157284085760
938514364377661440
938514376465813511
938514536923123712
938514989626818561
938515029095276547
938515154379116544
938515256825077760
938515301938769920
938515522202746880
938515701027033088
938516159883657216
938516381863002117
938516744167141377
938516878548283392
938517184283803649
938517242114748417
938518132884430848
938518178988199936
938518313826684928
938518559067656192
938518911867240448
938518915575054336
938519068524580870
938519165979181056
938519208396316673
938519257565892608
938519301841211393
938519388063453186
938519532058050560
938519573304819713
938519666594648071
938519824715698176
938520365202132994
938520373481455616
938520473230565376
938520526263345152
938520644353851393
938520690063441921
938521003348692992
938521152544051200
938521219879587840
938521574507974657
938521775368896513
938522070211792896
938522098384949249
938522255805505536
938522438899347458
938522544189198336
938522663613591553
938522886272200704
938522974788792320
938523257220759554
938524048346185733
938524228634034176
938524547996930049
938524947907055618
938525153029275648
938525404595339264
938525494244360192
938525654881992704
938525791176089601
938525806732693505
938525895572316161
938525988333477889
938526207615922176
938526393129996295
938526552593137665
938526634411425793
938527062964531200
938527459921842178
938527608249122816
938527698887983106
938527874025263106
938528081802907650
938528092330455040
938528787758833664
938529004369223680
938529104831369217
938529236129853441
938529365096304640
938529479739236352
938529482092236800
938529646093709313
938529853975998464
938529869155069952
938529946477006849
938530134834929664
938530202237403136
938530583222788096
938530604399972354
938530657936003072
938531512529620992
938531541705256962
938531823407239168
938531852461146112
938531957499076609
938532066752450560
938532444210331648
938532544999456768
938532846146326528
938533187306840064
938533239303655426
938533258882625536
938533562223136769
938533713859829760
938534253985484800
938534294108147713
938534329319292928
938534407610265600
938534828839972864
938534922171617280
938535520975470592
938536066075779078
938536170287521792
938536174439804938
938536208078163968
938536633267343360
938536694525153282
938536755858427904
938537113385086976
938537453685760000
938537642945265664
938537687002308609
938537772637331456
938537803876569088
938537958751293440
938537962849087489
938538069833273344
938538430627241984
938538548768022530
938538816322797568
938538851802468352
938539309673656322
938539438522580992
938539460177858560
938539492633391105
938539500011171845
938539809995309056
938539870129152000
938539957286825984
938540077717901312
938540151663398912
938540301811179526
938540443637346304
938540495491518464
938540905048424448
938540989819494400
938541332645244930
938541411435036674
938541565986922496
938541621217513473
938541628125581317
938541662992703488
938541793632800768
938541808925147136
938541882635902976
938541901250166784
938541932392919041
938542021354184704
938542024571215872
938542032280342531
938542258785280001
938542262937468928
938542356952944641
938542414071062528
938542548615925760
938542583181185029
938542833069363201
938543002208931840
938543443076440065
938543458385526786
938543537712443393
938543547971600384
938543563771703296
938543586773229568
938543636295413761
938543836577624064
938544157227913217
938544409217552384
938544646501826560
938544786163736576
938545448901644288
938545626010345472
938545850590158848
938545922861973504
938545930135064577
938546276907520000
938546500510109701
938546513680138241
938546574367617024
938546659168063489
938546873652207616
938546917776048128
938546919223189504
938547225487118336
938547562138800128
938547563053178880
938547635295805441
938547943472234496
938548204907515904
938548287480659968
938548512156823552
938548799538069504
938549114589077505
938549147656957952
938549334370586624
938549356671766528
938549456605245443
938549569650032640
938549683844206592
938549793726529536
938549795320422400
938549919362797568
938549988686262272
938550110128148480
938550275513749506
938550562861101056
938550678556987392
938551000213917697
938551057730416640
938551256192348161
938551402099630081
938551750159667201
938552044432035840
938552207741411328
938552269414465537
938552388578889728
938552405800742912
938552537443024896
938552602299473920
938552647992467457
938552690250002432
938552769631477760
938552886400831490
938553058228948992
938553498945417218
938553639429275648
938553834770718721
938554077264470016
938554228041306112
938554781559349248
938554826849488896
938554832213831680
938555099382652928
938555177723990016
938555193263828992
938555350491586560
938555354929123328
938555405877121024
938555504812609536
938555579945160704
938555593584979968
938555946871279616
938556051951104000
938556221228859393
938556502729740288
938556502729740288
938556659810689024
938556694501699584
938556744858505217
938556971359391750
938557098941648897
938557188410347520
938557205556678656
938557231292997633
938557301543391232
938557319411109888
938557468120141824
938557537455980544
938557544615874560
938557546398351360
938557688652468224
938557712941699072
938557880038576128
938557923575455744
938558022967631872
938558086872104961
938558261686685696
938558265755164673
938558616612696064
