876590384356487168
876590385740623877
876590786229481472
876590897370157056
876591141122125825
876591307925467137
876591421238673408
876591643293618176
876591773845520384
876591788110131200
876592099797454849
876592162493915136
876592218278121472
876592285689016320
876592520184180736
876592750472253440
876592803454881796
876593083810533376
876593332679577600
876593486576967680
876593562833629184
876593844460113921
876594129601519616
876594711586152448
876594818583023616
876595132178583552
876595178013773824
876595278987624448
876595288873500673
876595288236064768
876595583796076544
876595837845086208
876595861236719623
876596438297444352
876596804829143040
876596949293596673
876597343956725760
876597503575166977
876597712573149184
876597821964783619
876597886519312385
876597926956601344
876597996334592000
876598004639289344
876598224764719105
876598250517782532
876598286412636160
876598375008940033
876598397750456322
876598473264705537
876598635995291650
876598844775182337
876598970197389312
876599370019426304
876599476294647808
876599511669366784
876599517373767680
876599627084169224
876599826883989505
876599969821732865
876600140248776704
876600270679023616
876600328988348417
876600605615288320
876600660564856833
876600685248348160
876600890702036994
876601136748400640
876601155551363072
876601271234568192
876601328583233539
876601433444859905
876601456018812929
876601621526056960
876601645613928448
876601652077182976
876601679873007618
876601726303907841
876601875570798592
876601932026138625
876601965312126981
876602311765876736
876602413951668226
876602516372410368
876602537977282561
876602538937724928
876602676217303040
876602757247102980
876602757628776448
876602909366079488
876602977234112514
876603024340373504
876603400678461441
876603495658467328
876603550557667328
876603627409993728
876603817017487360
876603924991672320
876604166168346624
876604215413682180
876604219242848256
876604332086636546
876604403544985600
876604594570358785
876604618121392128
876604710685474817
876604767279173634
876604778985422852
876604914121797632
876604957536919553
876605099438739456
876605248990842880
876605305098035201
876605307388088320
876605391257427974
876605475139108865
876605523247992832
876605531972096000
876605937577885697
876605980024250369
876605996969361408
876606281334894595
876606336607412225
876606640501469184
876606783351029760
876606888397250560
876607105959993344
876607216790495232
876607240014266368
876607272876683266
876607383639777281
876607460471164928
876607540527853570
876607666604441602
876608021492838404
876608073355472897
876608140342693890
876608235456925696
876608239181475840
876608306109861888
876608418173394945
876608548612046849
876608652790169601
876608889797607424
876609115417702401
876609196426276865
876609330157694977
876609529928196096
876609597087375360
876609685192929280
876610001170829313
876610080619343872
876610112382799874
876610122755211264
876610258441035776
876610361314750466
876610378003828741
876610512330665984
876611109473722368
876611244593221636
876611323089518592
876611364105728002
876611461002522625
876611848484814848
876611851588685824
876611854088450048
876611879627440128
876612205885739008
876612368146497537
876612515115012096
876612517396709377
876612649391276033
876612832380538880
876612980154224641
876612994150658050
876613213986705410
876613332513456135
876613349546524672
876613405506928641
876613450088230912
876613548742508545
876613566471778306
876613909024821249
876613988985032704
876614093343510528
876614198566027264
876614439994368004
876614667983912961
876614813769748481
876614829460647938
876614848645394432
876614998738522112
876615014781779968
876615334433894400
876615489954381825
876615523345281025
876615562721472512
876615775716597761
876615970097377280
876616048547692544
876616060367228928
876616246900518913
876616250272735234
876616500164960257
876616626057224192
876617050399092737
876617080392609794
876617104639709184
876617225280647170
876617272168771584
876617300086063109
876617305412833280
876617440737861633
876617480017518593
876617650616639488
876617790605713410
876617885631885312
876618015151935488
876618015940456449
876618147322892289
876618600668385280
876618608205598721
876618691198287873
876618719258083331
876618776149725184
876618881078616064
876619020518162433
876619420487077889
876619592264822785
876619616067387393
876619714193235968
876619843012788224
876620120239558657
876620331380879360
876620800488591360
876620816582139905
876620866133659649
876620869392617472
876620956734828544
876621243889446913
876621355688628225
876621385568747521
876621436449902593
876621466124656640
876621730013478913
876621809512103936
876621813996036096
876622192989138944
876622369279717377
876622533973422080
876622678781808642
876622794544611329
876622854724485122
876623030683873280
876623661435953157
876623685859364864
876623752246816768
876623945222508546
876623972850442240
876624016974458881
876624045013336064
876624145961943040
876624351390572544
876624362278879232
876624431447199746
876624562259210240
876624683705270277
876624922931605504
876624955936567300
876625088421871616
876625536507924480
876625725616513025
876625819006894081
876625934912303104
876625969573838848
876626045574762496
876626671452946434
876626686040829952
876626807809814528
876626971983319040
876627199331381248
876627352645771265
876627791210565632
876627794792501248
876627932139081728
876627964879818756
876628276667658240
876628388957630468
876628827274870784
876628827723661313
876628827979567105
876628989724512256
876629071714811904
876629222084816898
876629373474013184
876629506353766404
876629591015792640
876629637035589634
876629642253414401
876629670531354628
876629717490814976
876629773786730496
876629812546347011
876629913742319616
876629971791380480
876629972093472769
876630087835291649
876630250804871168
876630287433818113
876630334393114624
876630425464168449
876630462239735809
876630476752072705
876630576568176640
876630627008880640
876630691596861440
876630864729448448
876631060905304064
876631255890186240
876631315247923200
876631668630663173
876632129551159296
876632642841661442
876632823771299841
876633167003873282
876633209852887040
876633253297491969
876633616729505792
876634120394338304
876634414930964480
876634767038590976
876634828367679488
876635176155197441
876635691861639168
876635908799426561
876636831252705281
876637029446156288
876637246325129216
876637254491484160
876637526232113152
876637890067009536
876637948804030469
876638127930126336
876638577865752576
876638970196758530
876639062127521793
876639235264188424
876639300573638657
876639495180955649
876639877890289664
876640087798370304
876640163933425664
876640237866201088
876640486051721218
876640582294286336
876640692449234944
876640700204548096
876640985480138753
876641045617967105
876641103130370049
876641510552477697
876641736554143744
876641897401528322
876641985255395328
876642029681430528
876642276897959936
876642800095375360
876642925614055425
876643862743310337
876643998873649153
876644139470925824
876644652077785090
876645734132613121
876646181807550464
876646551090847745
876646639649345536
876646830116884480
876647209583992832
876647337095032832
876647541810614272
876648077033168896
876648338992631808
876648340846522368
876648374757359616
876648874550726656
876648974744268801
876649020864835585
876649296787111936
876649328403779584
876649767987593216
876649950544789504
876649977266806784
876650379211034625
876651267765829632
876651429250969600
876651730166992897
876652014335389696
876652123613794304
876652610798968832
876653110332014593
876653180255449089
876653639011586048
876653694196097025
876653744582082560
876653804116115457
876654042142969862
876654127249588224
876654548185755648
876654631945998336
876654836871307266
876654839819907072
876655191361236992
876655742920646659
876657206510407681
876657347594252288
876658531839217664
876658663330656256
876659346125586433
876659727555588101
876660348648116224
876660730400882688
876660788567650304
876660796146806785
876661205632471040
876661421781782528
876661728796446720
876661793988280320
876662936663711744
876663231741403137
876663961638363138
876664642797535232
876664741472677888
876664748452048896
876665351454568449
876665542005985280
876666075408199680
876666305402724353
876666349619216385
876666479126753280
876666585678839810
876666922783449088
876667359607615488
876668948162502657
876669684594204672
876672413936885764
876672489765711877
876674302346764289
876674976807616512
876676537898201088
876676855637716992
876677067651330048
876678253502705664
876678728075677696
876679005046525952
876679329911984128
876679619373649920
876679949058547713
876681638486429696
876683810339004416
876684971972452353
876685401297219584
876686242708168704
876687689013223424
876688158087413760
876693317479804929
876693470093623296
876694970903777281
876697592213757952
876700365101596672
876702851216662529
876704107012214784
876706016217321477
876707649202438145
876710215193776132
876711176633069568
876712623160655873
876712709328449536
876714043574276096
876714977599606784
876716721033416704
876717101951614976
876719049526390784
876720321268559872
876720410959761408
876721203875991555
876724914761453570
876726829100478469
876726949271490562
876727307695566848
876727549581283328
876728353490747392
876729301714051074
876729501325160449
876729788949573633
876730009632866304
876730282149371904
876731015598940160
876731130929664000
876733033537310720
876733067783786497
876735180144349184
876736869467336704
876738412799303682
876740180429897729
876740422835556353
876740431958204416
876740549008650240
876740935174025216
876741191852797952
876741407570096128
876741953177735168
876742010627125250
876742109407191040
876742219599937538
876742384863891456
876743622544297985
876743773144920065
876745168954826753
876745270033297408
876745547813715969
876745592176816128
876745735244455936
876746317493555200
876746884504850432
876747086527553536
876747983177601024
876748376972431360
876748544161587201
876748671261519873
876749244346093570
876749628120723456
876749660160901120
876749751554895872
876750053507051521
876751159876366336
876751261172944897
876751983406981121
876752149589487616
876752278937587713
876753300854456320
876753397336203264
876753415396888576
876753731387363328
876753930788777984
876754384197001216
876754509984346114
876755066052628480
876755528122339328
876756090834362368
876756808383291392
876757070665707521
876758376822300672
876758436473696256
876758527867576321
876758687871901697
876758758407507968
876758772718473216
876758896651763712
876758916587294721
876759930426019840
876760497013633024
876760988409880577
876761544041922560
876761690402045952
876761982032019456
876762014084943872
876762132410286084
876762147413528577
876762576419467265
876762761379934208
876762959124602881
876763692091793409
876763984808030208
876764001262157824
876764559100530688
876764874335961088
876765425182396416
876765817895038976
876765933754351616
876766262940008450
876766264424886272
876766295747956736
876766385497681920
876766520361328641
876767031332282368
876767032930312194
876767333620097024
876767681801842688
876767697081696257
876768458855378944
876768715903205377
876768767946219520
876768793111834624
876769050105458692
876769541908570113
876769686708527104
876769845089644544
876769920633237504
876769926903681024
876770015395098625
876770390563008513
876770486725877760
876771050293526529
876771069058613248
876771079091503106
876771081415086081
876771207034486786
876771363209363456
876771590817538049
876771632005525505
876771645549027328
876771649772761089
876771838403133440
876771912562614272
876771951145922560
876772121640181760
876772473626214400
876772582577459200
876772583022010368
876772582971719681
876773351154307072
876773509669761025
876773524081451008
876773549083676673
876773634613755904
876773651147653120
876773740310298624
876773873194336256
876774183908323329
876774211812900864
876774769668096000
876774831231991813
876774852044218369
876774976753475584
876774993740402689
876775043509964800
876775156533927936
876775242936483840
876775823256301568
876776052823138304
876776171559583744
876776553971056640
876776566218530817
876776734636617733
876777002379997184
876777457960968193
876777573350391808
876778183332421632
876778579509563393
876779028878770176
876779036508250116
876779334211575808
876779630304256000
876779724101402625
876779825268047872
876780089014272001
876780223160737792
876780425598779392
876781187779379200
876781767973158914
876782519131164672
876782700094533632
876782820584292352
876783152466989057
876783205793312768
876784083816271874
876784534771118080
876785057876389888
876785367311015936
876785631078363136
876785778243796992
876785933605105664
876786290359885826
876786444949479424
876786539073810432
876786658858811394
876787886691160064
876788477924388864
876789262133284864
876789695505506304
876790517891293184
876791142393810944
876791323914883072
876791482572656640
876792002058350592
876792345613791238
876792450072944640
876792876113551360
876792889044602881
876792890315472896
876792891036839936
876792891594723328
876793367732133888
876793642123440128
876793841109618688
876793879995064320
876794365645074433
876794400592064512
876795217831133186
876795892011028480
876795916807794690
876796554576900096
876796725041782784
876796771317538816
876796984719429632
876797018638823425
876797090814320641
876797219168497664
876797663223717888
876797847785455616
876797855591215105
876797892320665600
876797952416731137
876798139612704768
876798660499079169
876798793462816768
876798820226609152
876799819670577153
876799848489639941
876800197187309568
876800260928098304
876800369422082048
876800511294533632
876800513718853632
876800777788035073
876801152750419969
876801159104782336
876801245301751808
876801388025610240
876801682201595904
876801967431045120
876802175363465216
876802254778642433
876802904887365632
876802922113228800
876803050966589440
876803092431425536
876803160114900993
876803380554977281
876803447340883968
876803450637570048
876803578303844352
876803585186463746
876803648466161667
876803657651585024
876803668783374339
876803689872228352
876803716992643073
876803874975350785
876804047478509572
876804056626417669
876804065417723904
876804200419672069
876804346796810240
876804386143567872
876804537973166080
876804689203007488
876804830194434048
876804959735623680
876804960767414272
876805131626569728
876805741545488385
876806497459720192
876806695791583234
876806817367465984
876807614641909766
876807674209480705
876807866685956096
876808144982331394
876808174053064704
876808317905063936
876808411324743680
876808712668753920
876808980185722880
876809235941797889
876809401419649024
876809823546900480
876810230599909376
876810395264049153
876810743932432384
876810870273081344
876811151803379714
876811195818364928
876811373824659458
876811387535847424
876811859172745220
876811864369496064
876812052295290881
876812081064022017
876812930909708288
876813077634727936
876813194152603650
876813305620426752
876813962758762496
876814174931865600
876814173497425920
876814478624657408
876814607599403009
876814899879587840
876815113705095169
876815908391596032
876815991350710272
876816104466862080
876816186033532928
876816373175005184
876816446189424642
876816583317835776
876816648149372928
876816668630167552
876816726217940992
876816785407954944
876817008955969536
876817077671153665
876817216058130432
876817238908702720
876817243815804930
876817504433311744
876817512691896320
876817536410673152
876817765570629634
876817795908067332
876817806792290304
876817874802835456
876817887046111232
876817904272113668
876818040964489217
876818144559583233
876818152893677568
876818183881195524
876818213207670784
876818537381326855
876818755258601473
876818942001639428
876818998549204997
876819058112462849
876819104820232197
876819122931113985
876819231446372353
876819827440091136
876819872369582080
876819893538238465
876819987251449857
876820302700957696
876820884828323840
876820906047229952
876821530075856896
876821566000164864
876821979428421632
876822284224344064
876822372837453827
876822403279708162
876822907309051904
876822995830026240
876823018139508736
876823102415659008
876823142731329537
876823156220153856
876823355311218688
876823772140941312
876823969852260352
876824057488003072
876824282009145344
876824284492070912
876824431447777281
876824494265909249
876824641146310656
876825172585594880
876825390853050374
876825588710989829
876825616955396098
876825762883653632
876825795309731840
876825889459154944
876825920547508227
876825997588541440
876826036742127616
876826611273748480
876826830363348992
876827213886304257
876827478186217472
876828118945865729
876828593606864897
876828875673800706
876828900265005056
876828915880349699
876829210458730497
876829306260992000
876829341115531264
876829545243877376
876829550600126465
876829561996103680
876829561987620864
876829719081209856
876829844293783555
876829986803642369
876830246519148544
876830277175312384
876830447057211393
876830473422614529
876830767342596097
876830814008475648
876830961283076096
876831244406882305
876831400103747584
876831600138264578
876831607432282112
876832277082320897
876832298091646976
876832393893564416
876832635070410752
876832865513861120
876832969775886336
876832996619407361
876833064135127041
876833134385532928
876833255500259328
876833273015672832
876833645536964608
876834218424254464
876834430047866881
876834616807763968
876834964301651968
876835231323521025
876835621473484800
876835884846522369
876835892891090944
876836053935468544
876836456014139397
876836487899336704
876836520270991361
876836567947423744
876836724877512706
876837427360526337
876837623049756672
876837646647136257
876838207006154752
876838628722388994
876838718421610500
876838831307227140
876838971246096385
876839259558346752
876839781015183360
876840252266205184
876840681125408769
876840692663889920
876840753049350144
876841281598754816
876841302087802880
876841407813746688
876841461232304128
876841965773520896
876842047361212420
876842120522457088
876842146640351232
876842308070723585
876842456452673538
876842582910812160
876842900906266624
876843179500326912
876843622758584320
876843759518060545
876843977768448000
876844319113654272
876844994820288516
876845111266742273
876845136939851778
876845286332801024
876845295346253824
876845312563789824
876845715296669696
876845831940395009
876846024731500544
876846122899300352
876846225198329856
876846248703217664
876846310158204929
876846858714460162
876846977589403648
876847225925664768
876847227360202753
876847241620840450
876847455853191168
876847613823340544
876847930363301888
876848617713172481
876849042306867201
876849252789624836
876849421069172736
876849647691673601
876849706869063680
876850016857575426
876850124777041921
876850181496610816
876850348861816832
876850406101528583
876850424640360449
876850558505758720
876850678559367168
876850712273068032
876850792787058688
876850875842560000
876850994256150528
876851210212569090
876851345197850624
876851415741718528
876851472557846528
876852153993658368
876852202211618816
876852241310810113
876852365864951809
876852514578214912
876852586179112960
876852852970344452
876853214624264192
876853311365947394
876853331196555264
876853729319833600
876853883183693824
876854626548580352
876854827132887042
876855178745589761
876855216905351169
876855271477432324
876855322614394883
876855490247966720
876855615343218688
876855665041580032
876855708028981249
876855738597068801
876855750404001793
876855798340743168
876855852564656128
876856079040335872
876856124041035777
876856186259349504
876856256174141441
876856551620976641
876857033689006080
876857051447799808
876857052706025472
876857092996509698
876857467031998464
876857881068482562
876858044503797765
876858089949069312
876858196727648257
876858218030522368
876858300259860481
876858372741636097
876858389695016960
876858549279875076
876858575292968960
876858610583834626
876858690275602436
876858979795783680
876859481912750080
876859876907134976
876859886361083904
876859898939809792
876859914689417216
876859935358943232
876860180411056129
876860233951436800
876860605575155713
876860648587759618
876860760303054849
876860773200474113
876860851529166848
876860890963955712
876860923897675776
876861008786206720
876861063907639297
876861166328446976
876861170614927360
876861269218930689
876861329671413763
876861336822599680
876861434172514304
876861509380472833
876861589558841345
876861852218773504
876861863522336768
876862007965876225
876862133631188992
876862193270231040
876862210802409475
876862472401059840
876862556455018498
876862641679028224
876862755453771776
876862760696414208
876862807853105153
876862809535127553
876862886253146113
876863006625419264
876863169863581696
876863287786340352
876863293641691136
876863365200707587
876863423308480512
876863491637989380
876863554342846465
876863608067686400
876863621405577216
876863687482626048
876863739089342464
876864044941967361
876864094292381697
876864279349264384
876864397209210880
876864425545936896
876864517975810048
876864737480519680
876864972713635840
876865200607113216
876865483139670016
876865523568582656
876865862640308225
876866142681354240
876866516737806340
876867043278172160
876867260199186432
876867264959721472
876867496568946688
876867527225344002
876867634314313730
876867750685286400
876867870961152002
876868115132547072
876868186888699905
876868238650507264
876868341016780801
876868347731640327
876868580251512833
876868604431663106
876868875324801024
876868932002471936
876868941691441152
876869045529608194
876869561106214913
876869564046462977
876870747548995586
876870819170988032
876870869485731840
876870992844513281
876871132435140608
876871348244447232
876871907613605888
876872109284347906
876872390860472320
876872427489427456
876872483793719296
876872657223811072
876872678291816448
876872865932607492
876872939697602560
876873061454295043
876873071142944768
876873354518700032
876873479441797120
876873635616653312
876874024948686848
876874153940406272
876874439823982592
876874564864798721
876874680325558273
876874752266313728
876874872940621824
876875038992945153
876875227547959298
876875338676154373
876875340450287616
876875508356657153
876876238119456769
876876441996201984
876876481896566787
876876960697384961
876877031178457088
876877185835032576
876877836514189313
876877996233072640
876878198063026176
876878231458246656
876878295966642176
876878447695581184
876878480746655744
876878579983949824
876878667187662849
876878679581831168
876878742475460608
876878876810637312
876879083925368833
876879091668062208
876879156902072320
876879555088310272
876879602844667905
876879828997296128
876880469916352512
876880474416840710
876880683393851393
876880861378912256
876881085761802242
876881325357223937
876881765704630272
876881865285795843
876881934101741569
876882151135956992
876882266781343746
876882282979766273
876882533450997764
876882592578105345
876882656352391168
876882872375881728
876882922476883968
876883493501927426
876883878509785088
876883880954875904
876884139873636353
876884378550497280
876884994844753920
876885190907318276
876885414921089024
876885580675776512
876885599369568256
876885694337220609
876885922691919872
876886157040246784
876886427560280065
876886524675149824
876886612877160448
876886660918767616
876886697061076997
876887248414924801
876887554783666176
876887559573581825
876887636232855552
876887719305261057
876888401269719045
876888694984146944
876888907245211654
876888931870134273
876889411698528256
876889639868608512
876890062478344194
876890341105954816
876890504113385473
876890628013125633
876890881160359936
876891387001753603
876891823595061249
876891877777321984
876891963198504964
876891973818437632
876892004373889028
876892015048314881
876892103674130438
876892260759109633
876892324998955008
876892433203822592
876892712477364224
876892723218980864
876892955344343041
876893060914917376
876893137565777921
876893146780774409
876893270223269889
876893325542010882
876893332357697536
876893335306293249
876893546422423552
876893743969959937
876893860483530754
876893877696856064
876893919560257537
876893924962512897
876894237844885505
876894426274123776
876894624689737728
876894814171787265
876894818672275456
876894907394396162
876894951770120194
876895007466291200
876895448518332418
876895464834072576
876895497772048387
876895648473395202
876895693553766400
876895862588395520
876895960999149568
876896065101766656
876896144172789762
876896212749832192
876896227538984961
876896478328958976
876896485555785729
876896510927155200
876896535283421184
876896567302782977
876896836081995776
876896842629484545
876897062322753537
876897280036528128
876897400350273538
876898133455720449
876898221661933569
876898254696271875
876898285054767105
876898322719670272
876898367170781184
876898420606238720
876898739364999169
876899011227250688
876899133835145223
876899272431501312
876899285459025920
876899378874765312
876899411800064000
876899421887266817
876899443286704128
876899454619721731
876899518918393856
876899789052321792
876900179097550848
876900396446437376
876900454466174977
876900534564909056
876900570845630466
876901104172253184
876901128830570496
876901197378199553
876901205825523712
876901289484886016
876901290260942848
876901356619026432
876901411405131777
876901464786030592
876901758940872705
876901787017633793
876901794646966272
876901800690962432
876901847792996352
876902083374481409
876902179952578561
876902231630598145
876902293270011905
876902788172730368
876902948273438720
876903003671932929
876903043236741120
876903044453191680
876903206076301312
876903296283402240
876903548449062912
876903551301292035
876903695417356292
876903835419025408
876903916298002433
876903972900155392
876904171542200320
876904480314335233
876904775484362753
876905004551946241
876905091030233088
876905320345354240
876905568136515584
876906325715947520
876906398042521602
876906674711396356
876906701978574848
876906986759221250
876907017771864065
876907149347217408
876907182926835712
876907454566715393
876907876979163137
876907990477021184
876908232379432962
876908406208028672
876908422767063040
876908829543411712
876909778391375872
876910041365979136
876910114808225792
876910181585625088
876910207099523072
876910509488037888
876910590911856641
876910603368939521
876910610566590464
876910675964162048
876910681915891712
876910920823435264
876910981548564480
876910988905381897
876911050766950401
876911100339535872
876911124133838848
876911182808047616
876911276852527104
876911335782711296
876911453122461698
876911494369222656
876911531803287552
876911948880859136
876912190049181696
876912231350321152
876912573144322050
876912639728734208
876913076095918086
876913164163612676
876913187450273792
876913378115112965
876913449695162369
876913535934005248
876913731221016578
876913862406262785
876913865212272640
876914187997290496
876914248785567745
876914410937339905
876914610212716544
876914813653221376
876914845680926720
876914954879864834
876915215752933379
876915372573765633
876915454777974784
876915529268826112
876915666355466240
876915673741570049
876915829811679232
876915912519147520
876915990914899969
876916164726628353
876916317227438080
876916444554027012
876916466167296000
876916485989511174
876916534102380544
876916748938756097
876917025578373121
876917034960814081
876917146454028296
876917464751276033
876917941895401474
876917970664128512
876918019267584000
876918109403312132
876918602171011072
876918654331441156
876918724887838720
876918752780201985
876918772602417156
876919344671993857
876919637681635328
876919857996062721
876920212058189825
876920250129887232
876920303661666304
876920331046445056
876920356753346562
876920422616399873
876920456070213632
876920471966687232
876920764485832705
876921049220341760
876921111275024384
876921365168869377
876921376619220992
876921451944783874
876921472329101312
876921905332322304
876922041328214016
876922141358403585
876922245431603200
876922401912741890
876922497941217280
876922555118039040
876923019356188676
876923155599822849
876923163388633088
876923228920434689
876923312626126849
876923326798602240
876923374584434689
876923487075667970
876923649537789953
876923890752212992
876923964500705280
876924176388554754
876924738744004609
876925211282747396
876925626988597249
876925836871348224
876926428893151234
876926511617650689
876926742337925121
876926764378988544
876927446829989888
876927485828530177
876927537179492353
876927549430824960
876927603487121408
876927821687525377
876927847356522496
876927866616807424
876927911152033797
876928005234282496
876928104245207044
876928116924592128
876928149254262784
876928154249695234
876928217143279617
876928262743744514
876928348626313216
876928380624654336
876928594320265221
876928837031997440
876928983362936834
876929128414322688
876929155706884100
876929252356227076
876929427913011201
876929463652503555
876929502332436480
876929628908212224
876929763956457476
876929890796392453
876930091917479938
876930190735273985
876930260499038208
876930331282210816
876930424353808384
876930497280040960
876930541735596032
876930808589688837
876930857168244737
876930884418625538
876930884531769344
876931013015949315
876931217752416256
876931258118545408
876931456966250496
876932092646408192
876932213605941248
876932417226850305
876932747964674048
876932992584867841
876933260969902081
876933623605329924
876933835383906304
876933867520872450
876934202964361216
876934382975565824
876934466945634304
876934474835132418
876934561996910594
876934648345096192
876935264131850240
876935500157857797
876935934792433664
876935982737743872
876936259217829888
876936363060240385
876936371809787904
876936431100448768
876936645114810368
876936931044667392
876937203129229312
876937294363607040
876937460072185857
876937498026328064
876937540493873152
876937544033873922
876937594248081409
876937599792893952
876937699671846914
876937730705543170
876938080099368960
876938196545830916
876938291999891457
876938331959042048
876938381434830848
876938368273330177
876938480252833792
876938486812741632
876938548661723136
876938577174814720
876938758939181057
876938791310602241
876939003949436928
876939104092471297
876939367041966080
876939374398771200
876939592946941953
876940102081105920
876940300295471105
876940400279273472
876940501664051200
876940618513215488
876940795760259073
876940918494035969
876941170064195584
876941320924930049
876941486704791553
876941497740001280
876941927958159360
876942324194062338
876942490611462144
876942659780304897
876943304780283910
876944041853714432
876944358955786240
876944530251141126
876944765736103936
876944973853327360
876945194502864896
876945380071669762
876945501249208322
876945739351339009
876946041664307201
876946080268779520
876946123528830977
876946149646766085
876946351141113860
876946638283182080
876946829555924993
876946877685608448
876947156355227648
876947351604264960
876947365734862848
876947512837394432
876947517858095104
876948110760660992
876948651955941376
876948652757004289
876948780641374208
876949720572329988
876950516177174528
876950578135486464
