909568097383837696
909568250220081152
909568257387933697
909568448858066944
909568451584421890
909568864408756230
909569403964067842
909569632796848128
909569740330463232
909569762191126531
909569774383923207
909569810870050816
909570064957009920
909570535755075585
909570712192593920
909570743486337024
909570751866470400
909570905801658368
909570922243350528
909571024999432192
909571068569976832
909571225189535744
909571255489069056
909571339719147520
909571343309471745
909571583194185729
909571708310265857
909571729227485185
909571736613588992
909571738505269248
909571779332583424
909571793270312960
909571871896735744
909571906755600384
909571927739641856
909572068311814144
909572482079842305
909572638305026048
909573042912632832
909573107958067200
909573385541255168
909573723946143745
909573724613029889
909573941991231490
909574139777650688
909574241699467264
909574356224921600
909574715374817280
909574767681949697
909574833683468288
909574898812583938
909574932190941184
909575060373086208
909575274953625601
909575415538290688
909575475437211648
909575606827913216
909575693159280640
909576030494609408
909576032977645571
909576337672822784
909576928184750080
909577089908649984
909577116018192390
909577156979826688
909577170057654272
909577299854548992
909577369136107520
909577420654747649
909577424064610304
909577511759118336
909577756953812993
909577761907503104
909577854245056512
909577856870699010
909578050488143872
909578111129473029
909578565380968448
909578610167750657
909578718741450752
909578748730777600
909578967778242561
909578968772341760
909578999797616640
909579044404023297
909579158816256000
909579371064827904
909579535825416192
909579725403762694
909579755028086784
909579853934022656
909579863543226369
909580211318136832
909580321636651008
909580400309276672
909580540835254272
909580686058823682
909581093313089536
909581208190951425
909581557756780546
909581589864226817
909581593169231872
909581896224559104
909582044614807552
909582191423868928
909582278518562817
909582314241429514
909582589060698112
909582654445637634
909582728399552512
909582727187505153
909582783793778688
909583067395870725
909583134911602688
909583173725638662
909583195372482560
909583710093275136
909584013605601280
909584344972513280
909584377226686464
909585066745057285
909585211847036928
909585236358516736
909585399214956545
909585575237292033
909585604270284800
909585941353914369
909586116109570048
909586288654929921
909586312809893888
909586394410110977
909586401020321792
909586434620821504
909586455281926145
909586565936160768
909586577902456832
909586605400252418
909586889606418433
909586953808605184
909587602633879557
909588122186518528
909588260506259458
909588364852154369
909588393486573568
909588454207627264
909588599330484230
909588847477932033
909588973193977856
909589104601518087
909589179973214208
909589314060849152
909589495665823745
909589599705554944
909589875913117697
909589917474402304
909590121946763264
909590220365996032
909590347319316484
909590349261271043
909590350158876673
909590353824624640
909590534728978433
909590544153812992
909590557504167936
909590728556339200
909590775142461440
909590975177207808
909591074963783680
909591114713362432
909591193553707011
909591253792296962
909591337246367744
909591478145560577
909592096922841088
909592272215437312
909592452947939329
909592639028285440
909592654886965249
909592798466363392
909592830376599552
909592973985353729
909593159809798146
909593323932995584
909593365678821376
909593544901496834
909593744965603328
909593829250015232
909593874124943365
909594227461341184
909594267416395776
909594382055206912
909594410861678592
909594422136000512
909594668354146305
909594758070325253
909594898424266753
909595002661109760
909595048014102528
909595274586284032
909595401199718400
909595401769984001
909595411194589184
909595442031288320
909595474532929538
909595605596381185
909595875638480899
909595932404125698
909596040998920194
909596250193797120
909596647235244032
909596994817183747
909597127692767232
909597418899083264
909597470627377152
909597542421270530
909597585991708672
909597612235423746
909597735363518464
909597783417655296
909597843639455744
909598206799106049
909598259986956288
909598512551211008
909598813010239488
909600010064596992
909600371466735617
909600692930777088
909600720789352449
909600812061650948
909600929556688896
909601111430098945
909601195475574785
909601636464676864
909601656953868288
909601666558775296
909601677099102208
909601821798346753
909601847907889152
909602131656704000
909602268235808768
909602368265781253
909602602232430592
909602670075400192
909602718074982400
909602817609957376
909603000607485953
909603202051518464
909603414249758727
909603577898852352
909603670211403776
909603716344553473
909603786875949056
909603805913686016
909603875266744320
909603904421285893
909603961702899713
909603980606623745
909604066015174656
909604084990300161
909604128531218432
909604333729312769
909604564118028288
909604699371982850
909604907149389824
909604913466036224
909604987386433537
909605098157883392
909605163173900289
909605470477807617
909605690133630976
909605798443065344
909606185103437824
909606258755477504
909606355530432512
909606433712410624
909606510292062209
909606577598066689
909606762134859776
909606939297972224
909607548801646592
909607601825914880
909607783884103682
909608399322669058
909608669800747008
909608864236138498
909608953323180032
909609304789004290
909609322749087744
909609503104143361
909609526013374464
909609808378126336
909610303201185793
909610443127250945
909610576460107776
909610622123311104
909610657720487936
909610788859588608
909610794156986368
909611016677412865
909611039679025153
909611161766760450
909611579070656512
909611587283165185
909611589397082113
909611725099552769
909611747346173952
909612021406158849
909612249077166080
909612549196435461
909612568876109825
909612629706051584
909613060637290497
909613341936627713
909613606932803584
909613827829907457
909614350507429888
909614388801241088
909614637062197248
909614888292638720
909614945465139200
909614963538395136
909615075463499776
909615209182060545
909615253243260928
909615468847276032
909615532642533377
909615637286260737
909615934079426561
909616092749996033
909616145925361664
909616201852231681
909616211868241920
909616306982457344
909616361009291264
909616486314102784
909616568082059273
909616586037825536
909616676475428864
909616943396769793
909617069062225920
909617103002652672
909617185953337344
909617260578385920
909617861777350656
909618072092381185
909618142229467137
909618370991050752
909618379769729024
909618870083739648
909618946285998082
909619106340642821
909619229506367489
909619751487389699
909619865836818434
909620269764968449
909620363990044672
909620658388258817
909620804840771584
909620877385506816
909621004187480064
909621115559010310
909621125218529280
909621142251503617
909621204264407043
909622316774166534
909622493501063168
909622707385495558
909623012181381120
909623023292096513
909623026592944128
909623206989922304
909623579234496512
909623969392799744
909623978334941184
909624043732717569
909624205297307648
909624376076783617
909624396335034371
909624961668612096
909625010632916992
909625138303221760
909625315521187840
909625516625481728
909625646107774976
909625769181270016
909625996940337152
909626004339085312
909626190025109504
909626207309877248
909626375975424000
909626484570116096
909626568225558528
909626917820780545
909627100956708866
909627220125208578
909627492071329793
909628073913589762
909628105152544768
909628472976396288
909628909603434496
909628953899479040
909629014343651328
909629135005380608
909629250495549441
909629253012082688
909629282628104192
909629591454650368
909630020620046337
909630870562230275
909631077714718720
909631607996387328
909632285841821697
909632957618573314
909633169317535744
909633519198117888
909633725436190721
909633869690814464
909634366002909184
909634463361064961
909634614049812480
909635280138670081
909637007525195776
909639719595765760
909639854165774336
909640156847669250
909640888908951552
909641044245012481
909641724330414080
909642120931225600
909642156763000837
909642296617926656
909642994827055105
909642998119636992
909643733251092480
909645381797003264
909646062436208640
909646326895464449
909646455442374656
909646936801730560
909647341082292226
909649269317128192
909649901474025472
909650643652096000
909651166895706113
909651817067352064
909653299074387968
909653943587938304
909654780850638848
909654928582352896
909655728448839680
909657894416654336
909659748034859008
909659933313871872
909660335266820096
909660998210080768
909664301278838785
909664636013764608
909664748513329152
909665246117117952
909666034591793152
909669639671574528
909670224038785024
909670421011718144
909670787736571906
909672258494443520
909673273805254657
909674729740550144
909681165799510016
909686558642630656
909688549057773571
909691020278943744
909691117305769984
909692729709473792
909693001785634816
909695981981130752
909698855557566464
909702138166697984
909702376138960897
909702959017144320
909703534047846401
909704599841492994
909705540808380416
909706515875008513
909707549083144192
909708939759161345
909709612483534849
909710777954783232
909711333502980096
909712252298825728
909712365691723777
909712827534811137
909713072453013504
909715873329491970
909716063553773568
909716283276619777
909716434082770945
909719668075696128
909719668390289408
909720737589678080
909722776331800576
909723651100037120
909723780020412416
909724038704107521
909724347148963840
909725002186051584
909725185917546496
909725390582710272
909725631918821376
909726610215104512
909727563823681537
909727716106260481
909727815087484928
909727936751816704
909727976849235968
909728006884663297
909728228075503616
909728450512072704
909728469835116544
909729042806509569
909729077757566976
909729371459510273
909729520743256064
909729974009176064
909731416233017344
909731498986631170
909731602044997633
909732656694349824
909732778488471552
909733070047203329
909733084102320128
909733284141076480
909733602203721729
909733630271991808
909733642922024960
909735404953378816
909736196896641025
909736372507987968
909737758448652288
909738609108029445
909739026155962368
909739096406413313
909739249943109632
909740203400728576
909740701860147201
909740881770577920
909741155776069632
909741173836619776
909741309157617665
909741415877443584
909741440955224064
909741516259807235
909741615048249345
909742136043679746
909742430903300097
909743554922237952
909743918861955072
909744614709612545
909744707307167744
909745185243959296
909745398239113216
909745837424676869
909745846320852992
909746595662487552
909746897077882881
909747011250921472
909747218399268864
909747418001956864
909747552320450560
909747684512354304
909747876812738560
909747947612536833
909748393794080769
909748394872250370
909748396604276737
909748398156259330
909748657557086209
909748959702163456
909748959765176320
909749236530536448
909749406244626432
909749476272824320
909749520271015937
909749825993707522
909750134233112576
909750174863511552
909750386461786112
909750509178847232
909750536194359298
909750895029702656
909751174164881409
909751304234328064
909751483041796098
909751600960475136
909751665473007616
909752330064744448
909752430396452865
909752583895633921
909752625205149697
909752973642862592
909753014268948480
909753102324178944
909753120145604609
909753170338889728
909753681880416256
909754350104281088
909754720738299904
909755111026475014
909755318938169344
909755372034039809
909755449867563009
909755653929029632
909756016262303745
909756050970116097
909756077037772801
909756147703332865
909756230893277184
909756269585686529
909756293195468800
909756300443230208
909756625979871232
909756866980339713
909756887050149889
909757125068513281
909757626933813248
909757920765767680
909758107680690181
909758110998331392
909758303382659073
909758323658051585
909758502792437760
909758525085061120
909758625777963008
909758986030895104
909759097574105088
909759107241873408
909759531994902529
909760001048174593
909760019373203456
909760360512675841
909760642034409472
909760817880543232
909760936117964800
909761052468039680
909761154850926592
909761323780755458
909761602076971010
909762057146269696
909762192081289216
909762233873207297
909762374067830790
909762907361222656
909762912276721664
909763070628630530
909764259193667584
909764261777309697
909764280425226240
909764328357638144
909764399182819330
909764555202613250
909764565877092352
909764896325173248
909765321388707842
909765354448199680
909765647231537152
909765658698813441
909765678642671622
909766052304883713
909766206625927169
909766208349786112
909766210853769217
909766211789103105
909766209125666817
909766221222092801
909766222111178752
909766223025537024
909766224850042880
909766209125666817
909766219888197632
909766627792744453
909767084476817408
909767139065827328
909767222658297856
909767551655268352
909767691556282369
909767708488687616
909768122206433280
909768629171912706
909768888182767618
909769121386176513
909769144731439105
909769188843114496
909769231528611841
909769469203030016
909769817753837568
909770065066807296
909770121169604608
909770129600335873
909770144007589888
909770174617833472
909770835069677568
909770882989600768
909770964430356480
909771128255721473
909771247860330496
909771251396300800
909771343427543041
909771540920750081
909771573414031362
909772091322376193
909772354678640641
909773373080817664
909773590794575872
909773728350957569
909774209387257857
909774571263447040
909774895881625600
909775010872664064
909775139348369409
909775160990875648
909775605478100992
909775745936797696
909775865793331203
909775944264683522
909776044223270912
909776087495798784
909776132819623936
909776539696451584
909777019008880640
909777430801473537
909777486946414594
909778169330270208
909778427577761793
909779138537558016
909779208641155073
909779660526968832
909779977171849218
909780061842178048
909780086324416512
909780131102720000
909780347642105856
909780698499768321
909780882927452160
909780901063725058
909780953270190080
909781221479256065
909781241884528640
909781308624244737
909781624769908736
909781842047504385
909781885601099776
909781943214100481
909782129931890688
909782816308809728
909782931291430913
909783014464397312
909783044323758081
909783127295488000
909783369684213760
909784184775958528
909784237448024064
909784496098209792
909784582555389952
909784661345398784
909785300003520512
909785891509387264
909785952163438592
909786545720262656
909786770627117057
909786821604921344
909787133254209537
909787162887016448
909787393317892097
909787415765712896
909787851646218240
909788135076265989
909788548429119493
909788634940809216
909788752104480769
909788826498945024
909788845985681408
909788958917365765
909789263209869312
909789834054471680
909789917630291968
909790440018386944
909790582519816192
909790681081708544
909790800711700480
909790811054837760
909790829912428544
909791047173201920
909791276781912065
909791283312340992
909791449301970949
909791580680331264
909791781553917952
909791813678100480
909791953939611648
909792040308834309
909792082012905472
909792166121213954
909792495718076416
909792744746438657
909792797447921665
909792810101915648
909792897351995394
909793333286887425
909793940248940545
909794163155017728
909794167118811136
909794422006603776
909794930788261888
909795016654098432
909795424227164161
909795496713179136
909795566212796421
909795568796540930
909795991309766657
909796375289884672
909796617481539584
909796831881760768
909796834943496192
909797161000243200
909797733460045824
909798281718374400
909798394033528832
909798859290943490
909799116124942337
909799704275378177
909800730114056197
909800830123036673
909800828034273280
909801659026563073
909801661110947841
909801703624585218
909801856536215552
909801911817252865
909801991030935552
909802001437020162
909802003970318336
909802259369938944
909803270276812800
909803537621712897
909803716760543232
909803830224805888
909803986441719809
909804017718620161
909804292688826368
909804649724735494
909804847251247105
909804969712332800
909805609221947393
909805672258265088
909805684354699264
909805862713200640
909806013146124289
909806115084435462
909806180087853058
909806195602366466
909806225365364736
909806829714137090
909806844528529408
909807061143359488
909807093716267010
909807758756667392
909807882815733760
909807938016919552
909808169450434560
909808308881518592
909808564264415233
909808717570310145
909808876509437952
909808906343534592
909808920650305536
909809175471050752
909809400138870784
909809494435225600
909809554560446465
909809646340149248
909809826800300032
909809842323259393
909809873554042881
909809979150016515
909810333753200640
909810426048864256
909810702797307904
909810815179591681
909810867251838977
909811546208993280
909811767055749120
909811767399915521
909811960983769093
909812176407416832
909812243583336449
909812253381275648
909812428191318018
909812787030970368
909813252900745217
909813647932903424
909813754954682373
909813817277853696
909813826417127424
909813995732795392
909814194396127238
909814224037310464
909814330501279744
909814398990024704
909814427737841664
909814452400410627
909814558369316864
909814898237915137
909815868942618624
909815959472312320
909816084404097024
909816272006926336
909816680951492608
909817179826278400
909817452514725892
909817453609336835
909817524992319488
909817535176077312
909818137029349377
909818581596196865
909818710948499459
909818801755230213
909818890594734082
909819425158762497
909819852415696901
909820093739278337
909820536313786368
909821040699813888
909821231687331840
909821379507187712
909821380593541120
909821450957225990
909821628627935232
909821649201090560
909821835327541248
909821992018366464
909822002957086720
909822084397912064
909822310043078656
909822452729040896
909822490356125697
909823007547285505
909823133342867456
909823206197936128
909823229094744070
909823506363371520
909823533064302593
909823734491570177
909823916658524161
909824216895238145
909824411036815360
909824572622376961
909824590226104320
909824696723673088
909824710833184768
909824954845278209
909825216876032001
909825488985710593
909825592169820160
909825785329983489
909825834982060032
909826738196230145
909826793724669952
909826856890880000
909826867468922887
909826881846939648
909827255374884864
909827436841279489
909827683273625602
909827714177265666
909827809752870912
909827935850307588
909827967655858176
909828478081601537
909828546125758464
909828616921509888
909828618439811072
909828669979344896
909828718624899072
909828757032132608
909828869066301441
909829671600181249
909829940597706753
909830318923898880
909830325668335616
909830656087257090
909830733979688966
909830847879979008
909831015711084544
909831029652942848
909831156182454272
909831269046927360
909831308913909760
909831817921998850
909832035157540865
909832059186745344
909832077331374080
909832628014080001
909832821702840320
909833248217325568
909833328328675329
909833570587336704
909833644017102848
909833846207782917
909833992144384000
909834654513090565
909835237034745856
909835748865581056
909835925340827648
909836026788683776
909836182472630272
909836554620882944
909836651450560512
909836720484601857
909836790000947202
909836963162750976
909837042091139072
909837507231191040
909837563522936832
909837613640581121
909837685212291072
909837748919586816
909837750186201089
909837800249462784
909837958076825600
909837960627056640
909838060162097152
909838223601471489
909838524417036288
909838796690247680
909838801006145538
909839114136166400
909839624197038082
909839953844162560
909839970549952513
909840052976365568
909840067690209280
909840382887890944
909840850670166016
909840968421040128
909840980714643456
909841113359486978
909841140991569922
909841373561593856
909841380255703041
909841478624485377
909841529547759616
909841540306137088
909841827498520579
909841886554202122
909841994612174848
909842050878775296
909842369624887297
909842432765960192
909842450046504962
909842463287898114
909842753114255362
909842835414945793
909842945192398851
909842968076537856
909843038415015936
909843152508473344
909843155863863296
909843226181345283
909843234330988544
909843276877975553
909843537155502081
909843767078850561
909843933152280577
909844005457870848
909844130372624386
909844162731757568
909844177067880448
909844311734460416
909844525249650696
909844551476457472
909844883979960320
909845067891748864
909845330962911232
909845335291314176
909845947957567490
909846571428274176
909846601287520256
909847011775488000
909847037830610944
909847113273675779
909847205338664963
909847214268276736
909847404752535558
909847440144166912
909847586684665856
909847890159423488
909847973948948480
909848242103422979
909848377705328642
909848385972260864
909848441899163649
909848462665109504
909848797970276365
909848857038802944
909849428395208704
909849652480106497
909849965417127936
909850212558151681
909850732324679680
909851655969046528
909852088477331461
909852115585191937
909852269847425024
909852469487980545
909852499690930176
909852545178263552
909852594062938112
909852700958953472
909852709423079425
909852712870674432
909852922439258112
909853028957736962
909853081218830336
909853465962151937
909853916845576193
909853949385220096
909854003785281536
909854141928833026
909854158680883200
909854328805982208
909854406987993088
909854419688312834
909854715403419648
909854752711823362
909854873465839616
909855147618058240
909855160721137666
909855280426610688
909855551831646209
909855683646033920
909856115000823808
909856400280563712
909856646477709322
909857017950539776
909857204257169408
909857646345428993
909857820291616768
909857838834622465
909858080686448640
909858860818714625
909858966431297536
909858984290549761
909859139156836352
909859250217857025
909859485128253440
909859631433994241
909860104094306304
909860324534312960
909860425738735616
909860450514415616
909860566969094144
909860619880366080
909860654491807749
909860730496864257
909860864639070208
909861077277700096
909861139281985536
909861233745989632
909861310099271686
909861383046656000
909861384019693569
909861542132404224
909861665197445121
909861897838714881
909861945293066240
909862169273143296
909862213955006466
909862219151740928
909862348554362880
909862365516070913
909862438362861574
909862852583882752
909862887598026753
909862949551931393
909863228733378561
909863241857118208
909863600591745024
909863615016194049
909863924618608640
909863972521824269
909864216823246849
909864331352952833
909864480888168448
909864653114580992
909864710543171589
909864733548871681
909864804604633088
909865278850269190
909865527291629568
909865538414895106
909865731482804224
909865817449406464
909865887074783234
909865924076953601
909866035947409409
909866067346034689
909866098182492160
909866152435752960
909866167136694272
909866176276254721
909866181598826496
909866211940413441
909866654573703170
909866787759521793
909867116542742535
909867229407252481
909867634430115845
909867635969425408
909867853628760065
909867996390109184
909868016405381121
909868027717541888
909868066703425536
909869095616688128
909869128189726721
909869133973528576
909869212906151936
909869447720112130
909869568142790656
909869613688770560
909869646131601408
909869915468963840
909869934984888320
909870123619516417
909870479053410305
909870546179051521
909870948958003200
909871070613667840
909871240491487232
909871278139592704
909871540707250176
909871544339484672
909871635884277760
909871674643841025
909871948997394432
909872125770530821
909872530529415168
909872569322524672
909872899288215552
909873956823302145
909873964025032704
909874225841868801
909874320821891073
909874484584185859
909874661399265280
909874725668745222
909874832229138432
909875023346880513
909875094083776513
909875489724125185
909875510661877760
909875601795842049
909875670674821120
909875811913740290
909875857715380224
909876022627225600
909876243461320704
909876260263915522
909876305507815424
909876370964086784
909876476845150209
909876507232923650
909877367400738819
909877458446487552
909877539501494272
909877632002650112
909877712487112704
909877708976422914
909877770813140998
909877830737174533
909877926082043910
909878099633954817
909878265032118272
909878706587553792
909878782789652480
909879293072642048
909879495821332487
909879579547926529
909879962336768000
909879991483142145
909880159259394049
909880523211902977
909880738983694339
909880777642532864
909880908630646785
909881036133294081
909881273279062016
909881295077040128
909881437679169538
909881496449818624
909881497691332608
909881678574825474
909881834355519488
909881967151267840
909882011757793280
909882053079949312
909882286832848896
909882447952785408
909882515925508096
909882583739240449
909882968684015617
909883030730362880
909883247840067585
909883615152103424
909883625881161729
909883653135536128
909883798292242434
909883949530394625
909884017956282369
909884083978723328
909884150743814146
909884561135456257
909884679687479301
909884737816317954
909885004120862720
909885430631301120
909885842168045568
909885946451066880
909886029770891264
909886213632528386
909886431216017408
909886463768068096
909886593175097344
909886918938173440
909886974533783553
909887139541848065
909887781215850501
909887822319853568
909887979123908608
909888074037039105
909888281378033664
909888352475807745
909888373640241152
909888509133168641
909888611805487106
909889343824760832
909889416268787717
909889569574785024
909889756208795653
909889929408212992
909890087994892289
909890298775506945
909890324079763461
909890351263047681
909890497321123840
909890651428339713
909890838720892929
909891135472103426
909891616000880641
909891892267048960
909892058583838720
909892393289297921
909892842939572225
909892996077965312
909893290274754560
909893692944732161
909893831742570496
909893844422070273
909893994099777536
909894059984130048
909894281489518592
909894462712582144
909894551418163201
909894590852997120
909895016369332224
909895387414171648
909895506549198848
909895579081297921
909895580670885889
909895623180242944
909895625814274049
909895660731846656
909895697884958720
909895798489415680
909896041721470976
909896178648719360
909896695315648513
909896729323073536
909896763665899520
909896784993935360
909896818837749761
909897004565893120
909897056139055104
909897062598053888
909897322166972416
909897495085506565
909897505638420480
909898094808092672
909898459615858688
909898651874467842
909899203358466048
909899355565514757
909899406534676480
909899635149418501
909899720067137536
909899894231416832
909900196020195330
909900291428032512
909900930677587968
909901238367653888
909901272735662081
909901922903015424
909902012384505857
909902110132760579
909902173592416257
909902315049635841
909902361413304322
909902390027067392
909902502480564224
909903140056530945
909903172357050368
909903204242083840
909903380490756097
909903388762083329
909903801284358144
909903886403719168
909904010785775617
909904109553246209
909904181900795904
909904436738297856
909904469705449472
909904651587346433
909904674882560001
909904754641457153
909905058753589250
909905540024856578
909905701778141185
909906333251637248
909907133868662784
909907345731391489
909907539080437761
909907594214600704
909907796304568320
909907799886282752
909907830819483648
909907875622903808
909908097275191296
909908310094172161
909908362246025216
909908406374367232
909908667373305857
909909031803920384
909909049805819905
909909240101339137
909909460071706624
909910287997739008
909910349494792192
909910586024226816
909910805889605633
909910981513531393
909911214490341377
909911292344983554
909911345495130112
909911651385720832
909911765609218048
909911785876148224
909912337280372737
909912390531260416
909912805008138241
909912831943892992
909913307250855936
909913341031780352
909913413127626752
909913588932005890
909913695777681409
909913907908706304
909914309928587264
909914398990454785
909914662472257536
909915040580603905
909915106946949120
909915221547999233
909915253764276224
909915524859011072
909915685500915712
909915687430344704
909915742518247425
909915791117742080
909915867353374720
909915894062682113
909915918100086785
909916136648581121
909916198233608193
909916323836198913
909916654657605632
909916667832098816
909917010720681985
909917083009294339
909917351168155653
909917459184013313
909917475940323328
909917522866135040
909917603170328577
909917652503584770
909917880493494272
909917998730891264
909918201596796928
909918302243258370
909918604656807942
909918698554540033
909918713285144576
909918804003758080
909919111487963136
909919183319846912
909919668642701323
909919811412549632
909919932590231552
909920251143434240
909920287654924296
909920327337168896
909920453929644032
909920557059190784
909920625157918720
909920658485907456
909920703062953984
909920718971863041
909920924237008896
909921045431373830
909921046328774656
909921187010146304
909921240432947200
909921339435356160
909921640334729216
909921853304709121
909921973828030464
909921994216484864
909921998473715713
909922035920461825
909922059156893697
909922228153831427
909922555355701248
909922704169385984
909922730169982977
909922732284022788
909922794938540032
909922811518570502
909922827180023808
909922918901194752
909922926203428864
909922938551455744
909923092524388353
909923114234077184
909923242571427840
909923357239529472
909923394170343424
909923504694337536
909923517390565376
909923611548545025
909923680687411200
909923715059724288
909923838779158533
909923887315603463
909923939312439296
909924003464192000
909924066416570369
909924202848903168
909924220368506880
909924229247852544
909924529782259712
909924619666239490
909924703887904769
909924732673429504
909924810813313029
909925000710324224
909925100711022592
909925391971897344
909925428244172800
909925674919583744
909925761087414273
909925949369487360
909926122233753600
909926274470219776
909926526090645504
909926701282537473
909927114379612162
909927142439424000
909927300887728134
909927567880343552
909928460042125312
909928528669487104
909928575301832705
909928834337779713
909928840281108480
909929138227634177
909929222239670273
909929737564426240
909929880715956229
909930004879986689
