908842961307410432
908843490628571139
908843517337903104
908843570462937088
908843622425960448
908843736209215488
908843828496519168
908844320807116800
908844461106634752
908844587359330304
908845017342586880
908845037580111872
908845230400638978
908845308385390592
908845466204348416
908845513260355584
908846036231315456
908846074303049734
908846078954557440
908846218192855040
908846246055469057
908846306092883968
908847142068015104
908847343717433344
908847503847682049
908847506842374145
908847528799588352
908847534503714816
908847945017151488
908848025690365959
908848365156397063
908848423746629638
908848673278308354
908849031790698501
908849476860878848
908849505642172416
908849733820731393
908850210016817153
908850317315280896
908850502351409152
908850608161132544
908850683612450817
908850877909348356
908851274682109953
908851303215804416
908851387735379968
908851832482598912
908852079896211456
908852102348259328
908852266416910336
908852423703351296
908852441101283328
908852448047058946
908852729929457665
908853198512726016
908853583529086976
908853812202483712
908853846235127808
908853898932240385
908853993123786754
908854189450809344
908854666850643968
908855065678450688
908855258524372992
908855374379405313
908855381711114242
908855453123268614
908855480981782530
908855535440728064
908855674532253697
908855870381051904
908855876949348352
908855952140587008
908856044490596352
908856113092808711
908856190716846080
908856287718445056
908857274399170560
908857305831231488
908857535511265281
908857984666755072
908858068838092800
908858206595829762
908858242352144386
908858569440874496
908859011910520832
908859345949138944
908859502648324097
908859672064659456
908859819938992129
908860190962970624
908860470475448320
908860590822690816
908860897841569793
908861169883942913
908861177580703746
908861302424076289
908861489116848129
908861770399326208
908861818323460096
908861914884792320
908862017565577216
908862129867857920
908862699307769857
908862956355584000
908863085687042048
908863087712849920
908863145531371520
908863299097423872
908863339270492160
908863504920252416
908863586465976321
908863982995255296
908864030818885632
908864091091030016
908864177829285888
908864255126056960
908864301460541441
908864455353569280
908864715282989056
908865006103597056
908865128904429568
908865144951894016
908865211880361984
908865276602716162
908865432785911808
908865594522468353
908865596628062208
908865597668302848
908865600092590080
908865662617100288
908865962782240768
908866074720047105
908866162129358849
908866214058876928
908866506993360896
908866852356595712
908866938453086208
908867156393074688
908867225746116609
908867325717368832
908867504977702913
908867675652227073
908867693301977088
908867736595501056
908867777234120704
908867829335756800
908867875636523009
908867989881131008
908868334401331200
908868511786704896
908868670327320576
908868711632850945
908868947948167169
908869301796573185
908869314844909568
908869370285379584
908869646308331520
908869689702539264
908869916614447104
908869962760105990
908869987338563584
908870696142438400
908870826874765312
908871305256108032
908871577877516289
908871942995836928
908872222709870592
908872494014066688
908873481495998464
908873496658432001
908873617819258880
908874384311435264
908874501244559360
908875012819570689
908875370518237185
908875402306838531
908875665570705411
908875671753121792
908875917015044096
908876070962724865
908876473204867072
908877128074063873
908877158709288960
908877193584902144
908877485483466752
908877523588730880
908877761128919040
908877885527732224
908878152042246144
908878212159156225
908878222196039680
908878898494038016
908879593913880576
908879865138446336
908880347647156224
908880703789690882
908880952029536256
908881114898616320
908881115989016576
908881166949810177
908881473603870721
908881862122246144
908882463249793024
908882465971941376
908882577599139840
908882783921111040
908883410093068288
908883549432025090
908883877514694657
908883900231012352
908883905524129792
908884085766021120
908884561249136640
908884674747015168
908885870039699457
908886078261796864
908886247778611200
908886493124538370
908886685823488000
908886836633841665
908887735200505856
908888223664963584
908888455756775424
908888498282881029
908888595141939200
908888954027593728
908888976630669312
908888989448511489
908889280872894466
908889388880408576
908889634112974848
908890000334389248
908890416887590914
908890512710549504
908890789622702081
908891308789465088
908891669529014273
908891714529632257
908891816765870080
908892293997973506
908892322192150528
908892421878112256
908892719690534918
908893005624553472
908893294440144896
908893301792759808
908893417450737665
908894046424322049
908894232101969920
908894322241785856
908894488424275968
908894945657987072
908894986363707392
908895163560398849
908895643346833408
908895660082155521
908896065683968000
908896276711972865
908896357540175872
908896569755357184
908896973297733633
908897151543054336
908897691249270784
908897909319651328
908898285758373888
908898750298456064
908899010731266048
908899027974000641
908899292219363328
908899341879926784
908899369902133250
908899386540875776
908899592535662593
908899732487131136
908900000171671553
908900109198385152
908900556105805824
908900576292954114
908900897777786885
908900938152374272
908900972285579266
908901238552571904
908901307058069504
908902075618209792
908902162532589568
908902264898768896
908902428417937409
908902541701894144
908902586400600064
908902651898843136
908902781020459008
908902880328978433
908902915661688834
908902953662197760
908902955373514752
908903092686553088
908903146042400768
908903149158662145
908903190078398464
908903330914717696
908903485193809926
908903743344795649
908903801398091776
908903888899727365
908904336431951872
908904620549967873
908905684233867265
908905884138573825
908906258043772928
908906289526427648
908906320291446785
908906742301442048
908907021059198976
908907121655402496
908907161278959617
908907260381765632
908907460970213376
908908135506698240
908908322916532224
908908452164116480
908908646934949889
908908957045059584
908909001747894277
908909059344146432
908909494297645056
908909576120041475
908909986058838017
908910440964591616
908910703104479232
908910830900715521
908911367121457153
908911593504862208
908911597178978304
908911900855095296
908912201565687809
908912227335524352
908913140460658688
908913181812252672
908913208261595137
908913539741560832
908914517492535297
908914942937489408
908915072935825413
908915169064972289
908915205081587713
908915220206284800
908916080457940992
908916081435316224
908916303544639488
908916583568957443
908916858564292609
908917058750046208
908917228950769664
908917481389125632
908917863892754432
908918049629261824
908918500785303553
908918715365957633
908919115330478081
908919438551994369
908919642755911680
908922522573299712
908922642383691776
908922662960934912
908922749132857344
908922948416884736
908923476983078912
908923589218496512
908923856211054593
908924035609907200
908925140595101696
908926099538759680
908926204652158976
908926222679212033
908926379277811712
908926508378533888
908926557317513218
908926771659247616
908926826348777472
908927264846438402
908928229158907904
908928343336140800
908928924620607488
908929350522818561
908929416537034753
908929700369768449
908929730711351296
908930146622566400
908930354924441600
908931050381987841
908931066970480641
908931069520596992
908931433619537922
908932786685304833
908932868684075008
908933580394516481
908934523613724672
908934710499401728
908934964061683712
908935084647923712
908935117027946496
908935154831372290
908935220472229888
908935395005440000
908935492481306625
908935619405115392
908935878508187648
908935901610311680
908935984900739073
908936382491561985
908937051751407616
908937765814919168
908938396717821952
908939448078839809
908939809477021696
908940233986764800
908942086052941824
908942637146787840
908945447301124096
908945572182282241
908954466073939968
908955332579381248
908956044046557184
908956255284318208
908956534339751936
908957402271223808
908957806266654721
908962018060840960
908962075506089984
908962555963387904
908963340764028928
908963870080999424
908963880843476992
908964555652571136
908964581317292032
908964659717427200
908966116088676352
908966222129192961
908966753149112320
908967511353380864
908967585122840576
908969033273356289
908970423865376768
908971146942480384
908972528189747200
908973734647812096
908976448169426944
908976485360431104
908978299744989184
908978910876053504
908980899181719552
908982751935610880
908983145587990528
908984419897282560
908984453522960384
908985037948899328
908985849362223104
908986541921488896
908986648473608192
908988195001569280
908989001624952832
908990516758491137
908991217672900608
908993510174527493
908993765976797184
908995456146997248
908995931533565952
908996327882846208
908996955170328576
908998160013459456
908998539086385152
908998644212338689
908998881354108928
908999567143776257
909000557364498433
909000746171068416
909000969257615361
909001485719138307
909002426820079616
909002491685167104
909003080628359168
909003377610289152
909003542953836544
909004122820669440
909005091922939904
909005463991324672
909005512972357632
909005829960957953
909005831277920257
909008568090755072
909009263057653760
909010040622845954
909010297003921408
909010457255694341
909011088267710465
909011989699145728
909012664327852032
909014347464273920
909015162186719232
909015679159947264
909015855861813248
909016134451699712
909016505026842625
909017847220903936
909017928133169152
909018108496629760
909018322129256448
909018451573747712
909018625318801409
909018830491570177
909019067171983360
909019137749463040
909019178958557184
909019278170513408
909019497369042944
909019511092924417
909019717851123712
909019757302620162
909019781000564738
909020027399081984
909020208110669825
909020450382114816
909020574034403334
909020673611304960
909020841693851649
909021475369299968
909021480666718210
909021558496210944
909021559548973056
909021583796092935
909021772871118849
909021866534174720
909021932934324224
909022218721660928
909022772705116160
909023606042116096
909023606616735744
909023661050515457
909023673817948160
909023848384757760
909024162349424641
909024163699896324
909024620287627266
909025374616526849
909025375153381377
909025602778386433
909025634931769344
909025674534506496
909025685443940354
909026090110382082
909026121987104768
909026172239040514
909026559184506880
909026620345810954
909026913901039617
909027023712083968
909027106339868673
909028014431916032
909028046077865984
909028244011257856
909029095895371778
909029490940108800
909029567393824770
909030175324753920
909030342966644737
909030540417912832
909030592133476352
909030769288466432
909031102769180672
909031233203601408
909031534463680512
909031566990483457
909031620799225862
909031864328970240
909031992746012672
909032061729755137
909032837663387648
909033025790369797
909033377117941760
909033774209368064
909033829603700737
909034489329758208
909034741697073152
909035311497453568
909035568448733185
909036094653648897
909036127373418496
909036241957597185
909036243475992577
909036355539423232
909036362472480769
909036377479761920
909036599052242944
909036782964101121
909037058982842370
909037201912209409
909037211085152256
909037345734721536
909037566883704832
909037698253455360
909037823650447361
909037826024624128
909038350694154245
909038367630856193
909038757474693121
909038819860553728
909038874126581762
909039155254038534
909039544938328065
909039564534177793
909039957066551296
909040320368775168
909040493786484736
909040754517053441
909040889359683584
909041241437769728
909041529045516289
909041971129454593
909042084153307137
909042166072270849
909042279045722112
909042401012060163
909042535661785090
909042650497425408
909042780307165185
909042811940556800
909042892215287808
909042939875266561
909042963384324096
909043051368189957
909043368147263489
909043403631087617
909043495855419392
909043677749743616
909043937880535040
909044080533020673
909044327128731650
909044473308471296
909044767887048704
909044820944887809
909045151993028611
909045304024076293
909045340732407816
909045532512915456
909045609075662848
909045928639778817
909046365896036352
909046457214423040
909046467888685057
909046535794692097
909046837834915840
909046978469916672
909047035076235264
909047149547196416
909047555056599040
909047981948760064
909048043646971904
909048124529872900
909048178166652929
909048198135730176
909048219929157632
909048251688587265
909049066608238593
909049080709566464
909049373543337985
909049613293948928
909050001095102464
909050091767549952
909050376657133568
909050763367800832
909050781898235904
909051065433194496
909051157594636288
909051255858720769
909051368580812800
909051653269094401
909051720130375680
909051836598022145
909051858035060737
909052258096005125
909052967826841600
909053264955453440
909053418773389312
909053681873690626
909053691461820416
909054560370663424
909055168821395456
909055191160377345
909055220407197698
909055264757862400
909055337159958528
909055395070709761
909055570057027585
909055671320158208
909055828271026177
909055996194021377
909056473518424064
909056502828122113
909057034116411392
909057079159119872
909057159526273024
909057898264719360
909058085645295616
909058104620228608
909058298581618691
909058348863119365
909058622193389568
909059369387593728
909060020242976769
909060106104578048
909060478248218624
909060636692353025
909060804997025793
909061182371360769
909061346720993282
909061513276645378
909061650099183618
909061799395446789
909061806135459841
909061832488480768
909061932014956544
909062249469419521
909062380960796672
909062427739774976
909062671076651008
909062732250480644
909062836185391104
909062902740656128
909062981589356545
909063135994241025
909063441809268736
909064123358445568
909064709873164288
909064852680925184
909065094549536768
909065375781982208
909065444245590017
909065512331698176
909065519902343168
909065574520639488
909065711850364928
909065747531526144
909065783057178625
909065976716525568
909066094391869440
909066286147149824
909066362437369856
909066419773624321
909066504020389888
909066597612048384
909066939921727489
909066978299482112
909067008792244224
909067346144301057
909067508359065600
909067921556721664
909067962111479808
909068081321828352
909068419286396928
909068519911944192
909068541810356224
909068582310445056
909068616695406592
909068681166168065
909069534300008448
909069715066310662
909069772754640898
909069924416524289
909070009347051520
909070139814928385
909070208484171776
909070917468377088
909071365004828672
909071793075388417
909072016346624001
909072022671564800
909072041680228352
909072060126826496
909072163323252736
909072522108272641
909072986489180160
909073365117280257
909073754902458375
909073871344566272
909074598301437953
909074735669145602
909074978095730688
909074987402833921
909075355633364993
909075421630738432
909075535388725248
909075850514939904
909076067058618368
909076113741066240
909076173828775936
909076220691828737
909076371988795397
909076433892339712
909076654441603076
909076735035150337
909076758451953664
909076818765824000
909076996948463618
909077052824915968
909077241199566848
909077411152531456
909077584775979008
909077633882836992
909077788862373888
909077842767388672
909077922060922880
909077979497746432
909078027501481984
909078031158923264
909078257152282625
909078443136086016
909078928081301505
909079044314079232
909079170377854976
909079174387830784
909079519708971010
909079637598392322
909079933477154816
909080368158003200
909080821474250752
909081261322440704
909081727016034304
909081880099803137
909081992549019649
909082187986649089
909082385836335104
909082393008590849
909082511287955458
909082588916142081
909082854105247745
909083282989621249
909083633130131456
909083762348007426
909083916958609410
909084268269359104
909084316327608320
909084438834876416
909084530111401985
909084789197729793
909084818490757122
909084869266833408
909085110841962496
909085127552233472
909085541462716417
909085667325554689
909086171418042378
909086199385485314
909086306508054528
909086450947411968
909086585638969344
909086607063400449
909086665448210433
909086720770973697
909086891504529408
909087248888602624
909087313858371585
909087358217277441
909087469987090432
909087976055074821
909088054240985088
909088080610590720
909088175724707840
909088281652015110
909088325469900801
909088461419876352
909088484480176129
909089004255051777
909089003516907521
909089163395387392
909089636273795072
909089744486899712
909090011252916225
909090066437357568
909090697436733440
909090861924761605
909090923975286784
909090936705179648
909090971635392513
909091240016322560
909091511614296064
909091669638819847
909091916356124672
909092091879317505
909092095444561920
909092438869868545
909092624358715394
909092782924591109
909093459688136710
909093540252221442
909094098086322182
909094889203421185
909094941778948097
909094984179113984
909095000536793088
909095258700607489
909095544089305089
909095580806402050
909095900898893825
909095990967263238
909096007467597824
909096008449249280
909096177001431040
909096188711964673
909096333985947648
909096495890255873
909096512054894592
909096674672263168
909096751239331840
909097149664776192
909097218757537798
909097267512082432
909097350811062274
909097721918783490
909098089029320704
909098104665686016
909098186932916226
909098401396015104
909098499580493824
909098981275295744
909099053039964160
909099211152662528
909099313820823552
909099567689453569
909099586102456320
909099641874116610
909099705618989057
909099737927659520
909099775433302017
909099786502098944
909099920505708544
909099945420091392
909100531087544320
909100657424031745
909100668366888960
909100708632383488
909100795857121280
909101108525621249
909101147251671040
909101777001234432
909102363301908480
909102419237392384
909102524489240576
909102589135826944
909102787815809024
909103034302652416
909103037163110400
909103362980769793
909103438662967299
909103817114886144
909104063383400449
909104129443876864
909104154798362624
909104517916057601
909104659729596416
909105029835051011
909105238094860288
909105490457649152
909105598192586753
909105604979019778
909105653234438144
909105764614025216
909105884516818944
909106045422772224
909106108995969024
909106661448716289
909106845318631426
909106873613344769
909107091712937984
909107115083649025
909107310823276544
909107414846382080
909107720799739905
909108002610745344
909108052913045504
909108074303995906
909108964864008192
909109316560523264
909109789355134976
909109909618401281
909109954648399872
909110065914892294
909110198480011264
909110427346497536
909110555050377216
909110619995082752
909110642006560773
909110901919195136
909110959809093632
909111598890999808
909111640754229248
909111743569375232
909112046440022016
909112142493769728
909112405841424384
909112774717927424
909112858327310336
909112921992638466
909113180265287680
909113199047397377
909113690515034112
909113924896800768
909113928642215936
909113944954085378
909114003577651200
909114376396984321
909114541006479360
909114741389488129
909114870146183171
909115183523434496
909115547471683584
909115561342144512
909115757375770624
909115808365764608
909116054290538501
909116691153657857
909116807247691776
909117080250847232
909117334333394945
909117871652986880
909118110132789249
909118182207754243
909118452702605312
909118901539229697
909118967381454848
909119440343715840
909119507662200833
909119676340252672
909119747542978560
909119867210444800
909120004645429248
909120943284527104
909121220628570112
909121292565172227
909121517455364096
909121830446927872
909121970134028288
909122544179056641
909123213090856960
909123332896907264
909123400593022976
909123495719768064
909123546554580992
909123731468976129
909123787244830720
909123883936239621
909123905679437824
909123960037556225
909124032649408512
909124265835974656
909124276481015808
909124330826510336
909124722809610240
909124891621904384
909124921133031425
909124974987939846
909125004314447873
909125045712277506
909125052125376512
909125129677963264
909125353209303040
909125412097347584
909125434067046400
909125688371933185
909125777240727552
909125787709734920
909125959583977478
909126047542632449
909126093684264962
909126166195376129
909126184448933888
909126283942072321
909126329542615040
909126543980601344
909126591149756418
909126648129359872
909126873908678656
909127046902796294
909127078284595200
909127241761685504
909127293569687552
909127355116990471
909127445143461888
909127476453842945
909128425650233345
909128450237128704
909128726721499136
909128871039111168
909129023783096320
909129343414280193
909129512125734912
909129520678146049
909129705042956293
909129884223655937
909129901478903809
909130164767948801
909130197609402369
909130464484397056
909130528749707264
909130777060835333
909131194737950720
909131203210395648
909131446908047361
909131598519459841
909131942154645504
909131965428899842
909132290504232961
909132360016424960
909132909206020097
909132968966287360
909133017012215808
909133077632385025
909133647416000512
909133816547209216
909133893902766080
909133974932508677
909134134794178560
909134291711361024
909134356022648832
909134477166809089
909134779970408449
909134863319449601
909134934413017088
909135138944102402
909135268443238400
909135614167089153
909135620605222912
909135908980408321
909136335818121216
909136524582690817
909136564290297856
909137110061350914
909137298918342656
909137372582940672
909137507832365056
909137639072309249
909137697658171393
909137920820486144
909138074986217472
909138246931767298
909138531997667328
909138619272765441
909138939402846209
909139010513117184
909139010781560832
909139154977591296
909140120565092353
909140320390144000
909140351549501440
909140566142722048
909140836302036992
909140889603395584
909141123251220480
909141290670989313
909141338494525451
909141382345797633
909141633010212864
909141799616135168
909141957498335237
909142819553636352
909143015377264640
909143280603897856
909143404533121026
909143731277877249
909143822751252480
909144149777174529
909144175861317632
909144534755418112
909144557627088896
909144734173609984
909144884191404032
909145045722439681
909145071215194112
909145111497342976
909145178555985920
909145542793551873
909145758385000450
909145791721349121
909146580200120320
909146768339808256
909147300244619264
909147540985171970
909147785366208512
909147909861539840
909148080309657600
909148131538997249
909148189512667136
909148220013420544
909148238942314497
909148655793377281
909148690060779520
909148909108449280
909148914066100224
909149187194916864
909149255062966273
909149316773765121
909149994233581568
909150098805882880
909150221720055808
909150482454781952
909150757525512192
909150798977810432
909150803012866048
909150956897452032
909150965777010689
909151051638624256
909151157297176577
909151412466184192
909151439120998402
909151789320212483
909151854327713792
909151984237805568
909152063807827969
909152188345221120
909152231706030081
909152364753559552
909152368201170944
909152666391105536
909152684749590528
909153107325702146
909153383499538432
909153476504145921
909153653721894916
909153655231787010
909153675192434689
909153827764314112
909153836928991232
909153986527215616
909154003816247297
909154066193723392
909154070744535041
909154350181879808
909154430729236480
909154659071172608
909154773856931840
909154826625445889
909155034343940096
909155124274069504
909155264624021505
909155330008977409
909155540453908480
909155885607538688
909156113551167488
909156434860023809
909156469345542144
909156658206691331
909156777287090176
909156816315195392
909156969952403456
909157217319911424
909157305643651073
909157650469879814
909157770288656385
909157807227854853
909157942925987841
909157951218311168
909158004834086914
909158109444177921
909158567072034816
909158732558245888
909158760316366848
909158819929972736
909158838204542977
909159066559160320
909159130019049472
909159331865747456
909159421649014784
909159486769811456
909159712704172032
909159714843512833
909159807764058112
909159840349511680
909159868346515456
909160161213689856
909160694565793792
909160780662231042
909161064901865473
909161064490782720
909161509724590081
909161753178722304
909161964257124352
909162050944876544
909162053067329538
909162065138524160
909162217983107073
909162454533513216
909162596929912832
909162882717192193
909162954888699904
909163096270344193
909163322917793792
909163358330306560
909163438466678784
909163775886073859
909163921671639040
909164028571914242
909164154820448256
909164363931582471
909164782451875841
909164931907510273
909165226599354370
909165612303310848
909165676434206720
909165853798789122
909166176323870720
909166287858864128
909166398064099329
909166414623322112
909166448014237701
909166550342684672
909166562917195776
909166590490497024
909167693869322241
909167743311761409
909168063475535872
909168128147513344
909168795108945920
909168954802712576
909169183887327233
909169351323996162
909169496233037824
909170194890797057
909170203891822592
909170308019404800
909170440618303489
909170477855268864
909170724085972992
909170980739797000
909171395967557634
909171450195607559
909171784905347073
909171907349577728
909171934176452609
909172225244139520
909172358505652225
909172441317916672
909172463170400257
909172481768005632
909172977719283712
909173053795459072
909173270879936513
909173342304956416
909173579798818817
909173896091508738
909173966153031680
909174063947505664
909174459512131584
909174871841808385
909175084538937344
909175231998074880
909175769708007429
909175856312016896
909176330952019969
909176440792473600
909176554495848449
909176977025794050
909177347693088768
909177420783116289
909177487959175168
909177736958287872
909177760307916800
909177790301274112
909178048406310913
909178109244489729
909178391152209921
909178959018868736
909179051989811201
909179549895847936
909180260092186625
909180332041228289
909180532298104832
909180644667924486
909180776180326400
909180816428855296
909180822527254528
909180914688815106
909181065880915968
909181238019313664
909181257497669637
909181328683388930
909181393380376576
909181743328002053
909181776421154821
909181789113069570
909181791864541189
909182009741910016
909182399166246912
909182436151562242
909182784467476480
909182812108083200
909183072918233089
909183256230232064
909183315139276801
909183537718362112
909183814601203712
909184114389069825
909184209847283713
909184298426572800
909184324355919873
909184380819533824
909184937705771008
909185244154048514
909185324231700480
909185443735973888
909185450023297025
909185654889881607
909185674607181829
909185950047248386
909186226422452224
909186391023718400
909186699535757313
909186883233730561
909187675965595648
909188017276960768
909188162546741248
909188370596843525
909188376439353344
909188788487892992
909189601624915968
909189986389561344
909190019952332805
909190260248244224
909190270868103168
909190564956000256
909190718668759040
909190896452698112
909192012397658112
909192181579051008
909192297027375104
909192449381294082
909193487639355393
909193566295089153
909193613179006976
909193737015832577
909193872483418113
909194282405388288
909194283080548352
909194735599923201
909194805284098048
909194897101488128
909195071966265344
909195082234040320
909195151469432832
909195308260839424
909195383473164289
909195452830093313
909195832825610240
909195904535683078
909196057992503298
909196110287265792
909196117660831746
909196198774325248
909196277442924544
909196464076808192
909196665462108160
909196965099065345
909197211866722304
909197694824009729
909198438692159488
909198596179939328
909198724353503232
909199123659853824
909199175824191488
909199185244811264
909199642113458176
909199981000749056
909200188455161856
909200235750072320
909200562029305856
909200628055908352
909200679020912640
909200808641728513
909202258897883136
909202365777104896
909202470777364480
909202678705684480
909202779914326016
909202881944936448
909204098553204736
909204274726555648
909204317894250497
909204406104723457
909204409170702337
909204472747917312
909204558269661185
909204587126468608
909204927100137474
