859558215138279424
859559010319704064
859559030204837895
859559111268192256
859559396740825089
859559589892718592
859559743626637312
859559763037782016
859559994877935617
859560229817782273
859560552393256960
859560632097660928
859560642059137024
859560709541302273
859560965557411840
859561041684041728
859561047937646594
859561471969120257
859561757697814528
859561915714031616
859561976766369792
859562125861167104
859562302093316099
859562410595598336
859562460231159808
859562606624952321
859562949207363586
859563019126403075
859563293748461569
859563324106846208
859563492050972672
859563743231037441
859564190759084033
859564409739509760
859564409563340804
859564436973137920
859564500143484928
859564722735247360
859564986561171456
859565051790970880
859565296763490304
859565390481043457
859565682895101952
859565800952397824
859565930346663937
859566199830663168
859566208760381442
859566691885469696
859566696734085121
859566734940020736
859567154286514176
859567279180218369
859567329146880000
859567646240632832
859567736275443712
859567992220332033
859567990718832640
859568149036924928
859568278007664641
859568320110100480
859568541837783043
859568977701425157
859569251996364800
859569317251346433
859570089204600833
859570461713334274
859570685894701057
859570746049392640
859570753834029056
859570859962494976
859570890023079936
859570942791606272
859571125076058112
859571264826077184
859571523178426369
859571602488532992
859571903744356353
859571940092239873
859572027006615552
859572030894637066
859572058749063168
859572252345589760
859572679799713792
859572773668233216
859572783222796291
859572826738765824
859573105294966784
859573143060566016
859573164636078080
859573171929985024
859573257288253440
859573282965794818
859573607986593793
859573654644039681
859573885410435074
859573997838647296
859574186909601792
859574288902500352
859574554062188544
859574726703947776
859574746584944640
859575233229074432
859575417400905728
859575418344615936
859575548292550656
859575702936576000
859575865277116416
859576083930386434
859576141627183104
859576167715700736
859576402827509760
859576476320006144
859576628959117312
859576713734488064
859576773876617217
859577333954600960
859577553455075328
859577754173493248
859578133384753152
859578250221244416
859578306492067841
859578325634883584
859578420820418560
859578657664315392
859578662781415425
859579175556050946
859579272838737920
859579728054931458
859579864885727233
859580042132770816
859580208948674560
859580219015012352
859580221141516288
859580474301329408
859580817269334017
859580823795888130
859581022765277188
859581058446217216
859581141652779013
859581169897271297
859581190889775106
859581201740427265
859581661507448832
859581736057012225
859581987237003265
859582042849333248
859582135446888448
859582287591223296
859582391718957056
859582429866184704
859582750961086468
859582900500480001
859583372191989760
859583477322321920
859584118660755456
859584552942972929
859584627815714816
859584752717889536
859585073905102854
859585076316819456
859585125423730688
859585169556197376
859585221833961473
859585301605478400
859585665620692992
859585998807805952
859586135655419904
859586170568814592
859586215712088068
859586279188647936
859586335375577088
859586392007028736
859586479944851456
859586522047275008
859586539579465728
859586604838596608
859586775119007746
859586874368827393
859586885668286464
859586991364734976
859587030359183360
859587446299914240
859587563773939716
859587641787809792
859587789469491200
859587867424804865
859587929282424835
859587982386491393
859588168030588929
859588262263959553
859588318610280448
859588352496029698
859588374109224964
859588441323044865
859588498302660610
859588616733044736
859588672747966464
859588909931667458
859589465005846528
859589571121741824
859589779792564224
859589798952095745
859589910356951040
859589985565122561
859590519692943362
859590650790002688
859591181839282177
859591350379057152
859591354078212097
859591439638048768
859591505023037440
859591847076933632
859591962084691969
859592435818799105
859592608418607104
859592897787817984
859593082853052417
859593558390693888
859593565021843456
859593875576561671
859593960507011072
859594193932570624
859594259212763141
859594277223104514
859594404016869377
859594594278920195
859594602348781568
859594660049821696
859594735543091200
859595262876164096
859595299932835841
859595311781740545
859595402680479748
859595650408873984
859595773499109377
859595916986241024
859595944693702656
859596318691512320
859596329173094400
859596333900075008
859597070792970242
859597134433333248
859597912925495296
859598108476530689
859598132870565888
859598533929955329
859598553450205185
859598964915568641
859599186911678464
859599386296414208
859599547638718466
859599791667396608
859600162095812612
859600520239042562
859600580376920064
859600730923175937
859600868727029760
859600890721964039
859600892894601216
859600971785056256
859601199720529920
859601258939904001
859601577895743488
859601831491756032
859601861057413125
859601884646166528
859601917089112064
859601953143365632
859602097129615360
859602192503906305
859602229657047041
859602442970968064
859602778104135680
859603262567325697
859603311019905024
859603333132234753
859603614737813504
859603661181394944
859603830429843457
859603983161335808
859604489736773635
859604626429149188
859604691256258561
859604784965459969
859605153216954369
859605165380448256
859605442976153600
859606010851471361
859606147728371712
859606356973817856
859606681386455040
859606703654023169
859606759685726208
859607163618168837
859607213912055808
859607215380017153
859607400692797440
859607509425848320
859607738267160578
859608060133879808
859608174940311552
859608300115165184
859608327831121920
859608346978000897
859608502918107136
859608781008850945
859608971086360576
859609662190010368
859609921335242753
859610449159049216
859610510425284609
859611040472072192
859611127780696065
859611346475913216
859611678861914112
859612187865829376
859612395400044544
859612456968179712
859612882354397184
859613131621978112
859613512292806656
859614097486131200
859614793539481602
859615227461160961
859615237259104257
859615296193269760
859615484039319553
859615610640236544
859616150476529664
859616338188402688
859616522779717632
859616825239326720
859617226038620160
859617233580044290
859617439151271938
859617754407718914
859618425978724357
859618435575296000
859619116205973504
859620188131655680
859620945631293441
859622802034503680
859623134839934976
859623374938677253
859623459168636929
859623558108114945
859623774651641857
859623875591667714
859624101819936769
859624112989376513
859624658353741826
859625282277453826
859625381061697536
859625450599055362
859625661534806017
859625757152346112
859625918301691904
859626130550267904
859626389976354839
859627162558746624
859627599471009792
859627866266505220
859627882829807616
859628087759294464
859628251081322496
859628590996107264
859628775587401728
859628852309622784
859628917350707200
859629713865748480
859630170621308928
859630313730961408
859630368881823745
859630524515614720
859630585664417792
859630696628965377
859631128180908032
859631737747492864
859631963153584132
859632035064938496
859632578600603652
859633428626649090
859633661716697088
859634172176072711
859634898591789057
859636176805908480
859636194522673156
859636874817806336
859637032888434690
859638273660125184
859638706382266368
859638794894667776
859639355140444161
859639696330248192
859640541037965313
859640888783507457
859642478550503425
859645647020060673
859646521654095872
859649710583402500
859650537343660032
859651496077647872
859652007203926027
859654262456033280
859655168480075777
859655344028614656
859655387255107584
859657058009985026
859667465881747457
859669075366162432
859670547067801600
859670804203806720
859670977227227137
859671631215693824
859671643567902720
859672134469259264
859679087882895361
859680662177165313
859682248223711232
859683695065792512
859691981399883776
859692111591067648
859692579176292352
859694977672237056
859696483406290945
859696544139837441
859700814322991105
859703725887115264
859703858406313984
859704754045304832
859704785032937472
859704953790771200
859706120469975042
859707000397189120
859707600652447744
859709163701551105
859711429691232257
859711553431588865
859711830436040704
859713322769412102
859713724395003904
859714183667044352
859714836971876352
859716178633256960
859716347747545088
859716374192586752
859717060108201984
859717093473660929
859718412502798336
859719142986973184
859719352391798784
859719492166762496
859721008386904064
859724097038811136
859724346637533184
859724586031689728
859724630835302400
859725108390318080
859725193044013057
859725373319372800
859725909489799169
859725926539685888
859726002804715521
859726192525619201
859726487393587201
859726929955622912
859727093428617217
859727107911503872
859727345091039233
859727996122517504
859728198585765888
859728692993564674
859729410559062016
859729559733907456
859729863623692288
859730068226134016
859730161725575169
859730746964967424
859730868851671042
859730896395542530
859732353773699073
859732560473190400
859732645814706178
859733693996380161
859734087040421889
859734784301510657
859734869655552001
859735175852433408
859735272157835264
859735461681561601
859735610579398657
859735618879991808
859735792108875776
859735813898334208
859735849784791042
859735907934621696
859736062687621121
859736179972988928
859736524052713472
859736544537694208
859736557103788033
859736782862249985
859736857239633922
859736878173519874
859737666933334018
859737668263051264
859737674864787457
859737966046060546
859738361648558080
859738580624658433
859738610278559744
859738671255216129
859738702083477504
859738862565769216
859738869649911808
859738941498380289
859738972544790528
859739122545459200
859739218586849280
859739360442413056
859739416360755201
859739416922697728
859739417384071168
859739495758831619
859739594899636224
859739876232577025
859740137764274176
859740356329390080
859740506485645314
859740606024867840
859740627554021377
859740628137033729
859740628497948672
859740885428432896
859740934140862464
859741141457027072
859741347808329729
859741356390010882
859741518894059521
859741583440302080
859741622010912768
859741706970857473
859742036521504769
859742045283524608
859742497895002112
859742651507191808
859742987345158144
859743497062141952
859743634228424704
859743821948760064
859744114518233090
859744541682921472
859744694531751937
859744783211782144
859744953815191552
859745028893265921
859745055447302144
859745177887526915
859745467709759489
859745616397647872
859745621611352064
859745771767435264
859745823881658369
859745928940580864
859746395133292544
859746637308207106
859746860210290688
859746976497364992
859747098841018369
859747419826814976
859747581303431168
859747630024445952
859747766309933056
859747789697294336
859748080534654977
859748143600152576
859748203721261060
859748364430323713
859748464841957378
859748493308686337
859748599764221952
859748906682511360
859748907613659137
859748908448264192
859748924629843969
859749025351966721
859749173406683136
859749204612321280
859749334488895488
859749413312487424
859749433118011395
859749644619984897
859749853064294402
859749994198388736
859750547037048832
859750818202955776
859751054333947906
859751219061022720
859751253072429056
859751281510023169
859751300959023105
859751351252856832
859751949222195200
859752451641155584
859752601583267842
859752715899064322
859752799130746880
859752940822814720
859753093189292032
859753148373639168
859753396278091779
859753409800491009
859753599278211073
859753721336672257
859753796578062336
859753818912952320
859753930796003328
859753983413538817
859754203245416449
859754400901996546
859754476219060224
859754627058855936
859754864892674049
859754992890241028
859755384457895936
859755611214422017
859755671616720899
859755673890037760
859755718894911489
859756248052494338
859756865978331137
859756940771164161
859757032890654720
859757218132094976
859757224125661184
859757424399405056
859757717472325633
859757814247550976
859758030732263424
859758078274801664
859758310790230018
859758605523968000
859758727393681413
859759088330297345
859759103362699264
859759138489991168
859759334506594304
859759417914511362
859759556427042816
859759817346473984
859759913979052033
859759993977020418
859760024926728192
859760199996985344
859760434009845760
859760487990517760
859760564226183168
859760772334866433
859760836847570945
859760986412199937
859761014266638337
859761230889836544
859761827324076032
859762064428085250
859762396172357632
859762595519188994
859762778470584320
859763070800990209
859763136206970880
859763194411315200
859763218948005888
859763225575002112
859763425408319488
859763590764548096
859763613325590528
859763782163341312
859763836601217024
859763964921741312
859764292857606144
859764361488990209
859764912976953344
859765226908119041
859765312304029696
859765497457500160
859765569159036928
859765587060326402
859765638113312768
859765696707821568
859766901827747840
859767009512476674
859767034535706626
859767307815530496
859767456537227265
859767603006459905
859767751316955136
859768055395737600
859768346941825024
859769283274047489
859769339016351745
859769694118703106
859769708387631104
859769766017327106
859769872951246850
859770621496098816
859770640219357184
859770684511313920
859770713976315905
859770744200364032
859770873787686912
859771157335212033
859771171037995008
859771488676741122
859771518317977600
859771534059196418
859771839148683264
859771845897310208
859772019126226945
859772612066635776
859772675803287552
859772743281147904
859773131958964224
859773474688184320
859773580393021440
859773795795689472
859774199698788352
859774266404999168
859774282012000257
859774333450723328
859774348323950593
859774647163867136
859774838507839488
859774933601316865
859775188975718401
859775469411028992
859775625740996609
859775877902675970
859775976057618432
859776255763382273
859776473594384384
859776787068407809
859777141411422209
859777483331084288
859777596313284609
859777636809138176
859777652953145345
859777759710674944
859777867214934018
859778078565961728
859778133817528321
859778511107706882
859778757367934979
859779478922428416
859779634354823168
859779785253408769
859779842736349185
859779853897302017
859780132688375810
859780228025069568
859780255439089664
859780283343577088
859780338096238593
859780447470878722
859780534297387008
859780619760394240
859780624621740033
859780913235931136
859780929346183173
859781079640813568
859781158565031936
859781351259553792
859781378711400449
859782114992062464
859782156045897728
859782487341400064
859783171314995200
859783256492965889
859783431630270464
859783730889715713
859784054304059393
859784809354317824
859784836231417856
859785094231277570
859785152838471680
859785195771359232
859785207536287744
859785477670436864
859785500084891648
859785618016149504
859785656964349953
859785784639057920
859785808445943808
859785849277485056
859785926439870464
859785938884603904
859786133785513984
859786662968258563
859787048399626242
859787080033083394
859787143597760513
859787198601863168
859787247951814657
859787734784913410
859787933225824258
859788163216285699
859788336050782208
859788363645235200
859788439562092544
859788891607359489
859789439824015365
859789960936738817
859789977651220481
859789995359580160
859790074245914625
859790085981560832
859790098451185666
859790354643595264
859790360830193664
859790423216320512
859790488722964481
859790625142484993
859790728918179840
859790777261711360
859790912490176512
859790978894397441
859791273624035329
859791549982539776
859791593209028608
859792016498151424
859792143057113088
859792354395533312
859792660613169152
859792927047942144
859792938238398464
859793488577220610
859793760863105024
859793763027308544
859793764159807491
859794386636259328
859794483763916801
859794485055717377
859794486418968576
859794540537946112
859795200423731200
859795430229635073
859795830357630976
859796094485536768
859796205609435137
859796269107171328
859796727158755328
859796990816858112
859797019417858048
859797859771846656
859798152102133761
859798253059158017
859798300412620800
859798463646769152
859798558450561024
859798750931189760
859798948692848641
859799093182418944
859799128192274433
859799812874661890
859800206388449281
859800232569298946
859800341910401024
859800390518267906
859800429705801728
859800560203157504
859800677572165633
859800737299169280
859800753875042308
859800840521043968
859800973195096064
859801317950332928
859801319586050048
859801321473527808
859801536284823553
859801564629938176
859801673698377729
859801690844921856
859802038296883200
859802135856394244
859802300692533248
859802414534316032
859802700472516613
859802701806391301
859802704075304960
859802758211407872
859803423507709954
859803555569385472
859803691213344769
859803810113495040
859803867688644608
859804006985736192
859804277795172353
859804327296159744
859804606808948738
859804798362812417
859804968110477312
859805176043122690
859805383875055617
859805493858111488
859805624712011779
859805653543428097
859805697252499456
859806119417524224
859806121300602881
859806132113747969
859806689440276481
859806717634383872
859806773670273024
859806951277867008
859807017787064320
859807117968109568
859807147902763008
859807563117989888
859807586253762565
859808005860315137
859808294151614464
859808454072049664
859808670808498177
859808691624824832
859808795136012288
859808813721026563
859808855546527745
859808940204470272
859809156169175040
859809239815962625
859809285198557184
859809364105986050
859809420280311808
859809781917388801
859810213972643840
859810365873438720
859810377000943616
859810537257000960
859810669771845632
859810819449786369
859811049738039296
859811323718189056
859811513678352384
859811661615595521
859811693844680704
859812010250432516
859812034791301121
859812569086914561
859812598799245312
859812717955305477
859812964035153920
859813148101976064
859813272580747266
859813285432086528
859813299667521537
859813393217335297
859813525048496129
859813732683325441
859813789298032640
859813886761029632
859814281495412740
859814322301751296
859814447254294528
859814561473581057
859815281031471107
859815381900288000
859815415450566656
859815636406595585
859815655779909632
859815673131880448
859815703733567489
859815705671335945
859815741494898688
859815859791036416
859815962589179904
859815968914198528
859816086308605952
859816315585953792
859816768151449602
859816865572556800
859816866633613312
859816874439196672
859816936124952580
859817202647695361
859817225691299845
859817245014446080
859817774226526208
859817852802666496
859817892321398784
859817995786477568
859818293762416641
859818390403375104
859818785087397889
859818854209421312
859819044295364609
859819109005111296
859819340543139840
859819432545312769
859819904236761088
859820237872660481
859820409839071232
859820423470612481
859820626546216960
859820652571668480
859820742640357376
859821115337654272
859821357554696193
859821677982752769
859821682554322945
859821726364053504
859821753664774145
859821849118625792
859821875731419136
859822029209456642
859822163825758208
859822317626634240
859822415156658177
859822504097062914
859822718912430081
859822780417589250
859823077370277890
859823307977367562
859823527238799360
859824134410338305
859824486744563728
859824615417417728
859824731222134785
859824786335256576
859824789384568832
859825040925368321
859825351903461376
859825413408907264
859825502613250052
859825541385527296
859825657080979456
859825818620633097
859826008450625536
859826043082780672
859826430565171200
859826435640479748
859826506859782150
859826733893267456
859826856526323714
859826944388378624
859826947874070531
859827018690637824
859827108050341888
859827341886988288
859827682481020928
859827790211764224
859827957006716928
859827972454461440
859828104667185152
859828293427744769
859828482859257856
859828925005840385
859828980068777984
859829257438208009
859829419187347469
859829587542515716
859829831734878208
859829963394093056
859830062371221505
859830067232481295
859830109506863104
859830304550400001
859830326943559680
859830406631366671
859830744608251904
859830799805419520
859830827374522368
859831158208700421
859831351062736896
859832538860331020
859832584921989120
859832663175159809
859832824878186496
859832853470879748
859833178760114176
859833308871630849
859833517345316872
859833993822445571
859834023018995713
859834342440398852
859834485491347456
859834602441113600
859834728186355712
859834815058767873
859834863540633600
859835008449748999
859835520347774979
859835637649727488
859835778230341632
859835827916087299
859836458382880769
859836512132751360
859836689593901065
859837109305319430
859837552164982784
859837666858344458
859838153510854666
859838416917340162
859838561885069326
859839119584894981
859839664081051662
859839686684147713
859839758738100224
859839816984399872
859840226922872832
859840269549752322
859840275958689792
859840556553338880
859840625625096195
859840628854751232
859840936658055168
859841038969483264
859841652118233095
859842249072488448
859842378722549760
859842941556326400
859843610094718976
859843679745433605
859844403342528513
859844418710388736
859844683257659392
859844753361391616
859845100045783044
859845310121725953
859845455286595585
859845563893792768
859845578464780288
859845623217963008
859845677584719872
859845724678369280
859845815161978881
859846204934438912
859846758364467200
859846878724272128
859847204172943360
859847243272261632
859847359861329920
859847476001603587
859847590040481792
859847934468399106
859847993499017216
859848062868623360
859848201339383809
859848433804488704
859848504704995328
859848672619757568
859848828572377091
859848870838358018
859848890727706625
859849067643510784
859849087172128768
859849108915445760
859849119199887362
859849130767679489
859849267057483777
859849372921544704
859849490999758849
859849846701862912
859850030550851585
859850367714172932
859850428141510656
859850521464770560
859850639119192065
859850643015557120
859850723156209664
859851011065876481
859851902137323522
859852202831208449
859852493957861378
859852609821265920
859852700099506180
859852785076097026
859852947416657921
859852951397044225
859852974151094274
859853053561896960
859853068317470726
859853270092787712
859853802672926720
859854018914340864
859854600186109952
859854828012539906
859854897621213184
859854958224527360
859855117595619329
859855286151987200
859855339935727617
859855556286308356
859855624468701184
859855765166804992
859855841759047681
859856301039509504
859856392110428162
859856424674918402
859856497060302848
859856727222759425
859856769459380224
859857105305653248
859857197387456517
859857230694412288
859857355969789953
859857405752078339
859857603760934913
859858029126324224
859858166783279108
859858283611422721
859858364272185345
859858498212864000
859858590026354690
859858620804157442
859858687464271872
859858893689819136
859859602485239809
859859780655034368
859860144972279808
859860193546571776
859860284923670532
859860293538787328
859860422018580480
859860459461242881
859860563073040386
859860628910948352
859861124807892992
859861251828076545
859861263622565890
859861894588489730
859862158787653633
859862192417513472
859862984004444161
859863162493042688
859863170374131712
859863433507942400
859863590337163265
859863592576929793
859863744490463233
859863973893681153
859864003887194114
859864106395992064
859864379537461250
859864578913685506
859864599465742336
859865149750030336
859865242964299780
859865476779954176
859865507142529024
859865620195749893
859865645697163271
859865646301040640
859865751972454400
859865822029893633
859865841986392069
859865855139745792
859866015471202306
859866105677873152
859866195884994561
859866252331950080
859866489947639810
859866551314526212
859866694235414528
859866835663106049
859866887282466818
859867222721875970
859867238492504064
859867292708085760
859867328233844736
859867799602311169
859867871941455872
859867977826668546
859868212179152897
859868277857804293
859868384078557184
859868496561414144
859868498301997058
859868521244893184
859868636730753025
859868842918420480
859868862594113541
859868958203285504
859868958320668672
859869199795146753
859869209043636230
859869267206049792
859869329709518848
859869434713968642
859869473163096064
859869531669504001
859869634882830338
859869653417553920
859869723495993344
859869933047611392
859869938131103744
859870041197686785
859870167379185664
859870384820293633
859870559240413184
859870915986903041
859871064612065284
859871590460403712
859872161728794625
859872266192117761
859872308852400133
859872371855036420
859872414188134401
859872484107194368
859872560716029952
859872694862585856
859872966368260099
859873202671112192
859873207720919040
859873331012661248
859873866113400832
859873903254003712
859874039749160960
859874068052430848
859874195425157129
859874255588081664
859874268057710592
859874282024820737
859874369476153347
859874655942971400
859874712574406657
859874949082882048
859874966740905990
859875022088933378
859875303530917890
859875415506210819
859875546146254848
859875723149926400
859876389452775424
859876394658131969
859876865791541248
859877041843441665
859877353920573441
859877398392610816
859877443276083204
859878122480709634
859878313837420551
859878568549122050
859878570423971840
859878782643187714
859878809184739328
859878854520971273
859879086126137344
859879174055628804
859879208440532993
859879228141076481
859879402544431104
859879743465951233
859879780350656514
859880221314625541
859880346313261056
859880347252789248
859880545001537536
859880933691928578
859880973109952512
859881075065147393
859881089745211393
859881125723942912
859881144334135302
859881151757987840
859881207206641664
859881316258545671
859881563588354056
859881682966638593
859881799731875840
859881861794942976
859881882271526915
859881904690130944
859882298828894210
859882367800008704
859882596771278855
859882964217364481
859882997771849730
859883108417646594
859883387225612288
859883587948171268
859883642293805056
859883735684190210
859883740885114882
859883878365802496
859883989204688897
859884313546022916
859884399663480833
859884428918743040
859884434790764544
859884540650811394
859884540650811394
859884564608671744
859884750776958976
859884968268492807
859884969228894210
859884988845654018
859885074078195713
859885123382243328
859885228499898373
859885407839846400
859885507651784705
859885719199731712
859885896006598661
859886547574956032
859886637819604993
859886656106545152
859886736473595904
859886843961233412
859886851833909249
859887016129048577
859887329661657089
859887332207538177
859887345105076226
859887664014782468
859887728325869568
859887747317760000
859887819476664326
859888318221131776
859888408570863617
859888757893365762
859888770426044420
859888806270386176
859888811203022848
859888814688489472
859889061540057088
859889133707292674
859889401446510593
859889483730300929
859889667453460481
859889927617740800
859890130336854016
859890192328646661
859890525910036481
859890542645313536
859890550203461633
859890828835254276
859891568068702209
859891607239364609
859891638684049408
859892256375021568
859892285223337984
859892420544274433
859892436327387136
859892551507226624
859893186365464576
859893189347508224
859893440510906368
859893584518139904
859893859836465153
859893897874550786
859894048328429568
859894543658962944
859894623858241536
859894628144861184
859895081893072896
859895098393473024
859895251204440064
859895393500274688
859895474349801472
859895924918812672
859896205488386048
859896206830522368
859896443812937729
859896508552019970
859896550104944640
859896678387724288
859896737829453825
859896760340283393
859896773690753024
859896958676328449
859897074489466881
859897200561750017
859897241137369088
859897257931493376
859897319298387968
859897384196767744
859897560043008000
859897939342364672
859898045533745152
859898264497344513
859898937859354624
859899222128300032
859899296988225536
859899318207172608
859899517566676993
859899667588538368
859900105259962369
859900239335100418
859900558722912256
859900670211743744
859900869424369664
859900880409296896
859901155903778817
859901189231710209
859901320802783233
859901381624442880
859901494581243904
859901608620171265
859901801985855493
859901811410567168
859902032853041152
859902041862414337
859902135466680321
859902183374016512
859902628280635393
859902662300532736
859902827036123136
859902902885912577
859903022125772800
859903110730334210
859903354327248898
859903408253349889
859903857920417797
859903961796558850
859904099478896640
859904259017646080
859904533652271104
859904714602840065
859904793808171009
859904936913637376
859905332218298368
859905724826177536
859905809794420737
859906067807039488
859906112098840576
859906156688416768
859906176821211136
859906308866273280
859906311462547456
859906556271501312
859906668305448960
859906725738160130
859907215997665280
859907271131791360
859907290538889216
859907606122557440
859907675047460864
859907780915888129
859907851451551744
859907909014224896
859908077654593538
859908580887212034
859908743617818624
859908749712117761
859908809682280448
859908923737780224
859908934907420675
859908957548236801
859909182455246848
859909193125343232
859909336352608256
859909588346433536
859909686145028097
859909727509151744
859909735855869952
859909799605153793
859910033001390081
859910239784755202
859910364540137472
859910750340513793
859910972361887745
859911671908896768
859912090471079936
859912118992343040
859912456424042496
859912473918533632
859912498228731904
859912769877004288
859912950118854657
859913520049246208
859914203464912900
859914628045971456
859914888029798400
859915055848079360
859915183942238208
859915521680125952
859915725019914240
859915756527595520
859915899612037120
859916023801102337
859916048082120705
859916238885183488
859916409207275520
859916595254222849
859916597359771648
859916783620419584
859916813664219136
859916851874217984
859917127058194433
859917223879729153
859917355819962371
859917432508514306
859917587412430848
859917606463180800
859917644077596672
859917664197541888
859917713459879936
859917818061627392
859917970012864512
859918237483532289
859918284870778884
859918484800774144
859918484553187329
859918634466107392
859918701814054912
859918837365526528
859919221979062273
859920005672165377
859920241312370689
859920404856668160
