911741987878993922
911741998872137728
911742398677622784
911742618849075200
911742733915705344
911742985917878272
911743060857499648
911743118227238914
911743147595755520
911743235319623680
911743288360816641
911743324943503370
911743654427086851
911743710580416514
911743711620554753
911743728854892545
911743756872929281
911743829325344768
911743887999406080
911743912620052481
911744125669662721
911744135576596481
911744640667275264
911744795978207232
911744935157800960
911745124585099264
911745129878294529
911745189420650497
911745283628978177
911745926590472193
911745986518818816
911746090436890624
911746168769654784
911746506641854465
911746908753932288
911746973757263872
911747402557739009
911747475026751489
911747603175485441
911747613929689089
911747682636414976
911747856930824192
911747921057529856
911748099395194880
911748197210574848
911748220648398848
911748225060757504
911748297064411142
911748766742409216
911748896480567296
911749002789519362
911749067687985152
911749292192403458
911749299368857601
911749340800176133
911749533259923456
911749670992535553
911749758594748416
911749824386609152
911749863246909440
911749870511370240
911750066653814786
911750129656500224
911750153962270720
911750318643404800
911750663188738051
911750744830808064
911750759343116288
911750843459887104
911750901538357250
911751129259798530
911751637248692229
911751681829949440
911751847773392896
911752030158512128
911752080888668160
911752091282083841
911752167626874882
911752506514006017
911752635459493889
911753009302040576
911753131045789696
911753127908532224
911753141586100231
911753338357796864
911753418846490624
911753527743086592
911753928253038592
911754061908725762
911754453975478272
911754935942991872
911755446041661440
911755979238371330
911756185845555202
911756186705432576
911756717473583105
911756841813606400
911756971682013189
911757008008876033
911757057799409664
911757164389249024
911757165312008192
911757255871213571
911757514043265024
911757649666035712
911757709925421057
911757849264566272
911758033537159168
911758074108694528
911758200818618368
911758309132251137
911758425100603393
911758642009001984
911759152183173120
911759161888772096
911759282219159553
911759398011273216
911759803084623873
911760436210659328
911760565386792961
911760565944700928
911760720693534721
911760800536256512
911761107932590082
911761323469492232
911761372748374016
911761782850637826
911762010370711552
911762347039117312
911762998531887106
911763032912678912
911763038100914176
911763218283900928
911763378510684165
911763387473891328
911763546370924546
911764289316429824
911764359378014208
911764429620072448
911764638437564416
911764670305972225
911764673908953089
911764675087552513
911764675905441792
911764865366265856
911764892281077760
911764975898759169
911765026331090946
911765062238564352
911765062544707586
911765268749307904
911765455987146752
911765540926103552
911765606277447680
911765829162799104
911765948142690309
911766475937140736
911766630736236544
911766744313843713
911767006407520257
911767614824833025
911768176886730754
911768209375858689
911768345183211521
911768450086957056
911768490016722945
911769246652354561
911769653999017984
911769800103391232
911770322759770113
911770676587110402
911771502122557440
911771972664745984
911772087890665473
911772173081219072
911772731187720193
911772828155990016
911773218834227201
911773851067002880
911773889243394048
911774020751773696
911774024757338113
911774230253010944
911774539545239552
911774745120722945
911774902415269888
911775110041915392
911775662205259776
911776052640444416
911776122186158080
911776157154070528
911776199839555584
911776366261100544
911776486020980737
911776486549590016
911776954382249984
911777275225485312
911777525067665409
911777721222656006
911777990455029760
911778039041789953
911778165995032576
911778324145479680
911778718279856128
911778820310609920
911778844083863553
911778848051744768
911778906012815360
911778946819219456
911779088599322624
911779093011673093
911779244774248449
911779467437023234
911779486848385026
911779848087105537
911780054899838981
911780109157363712
911780198865100800
911780336132067328
911780402397925376
911780522388582400
911780664353087488
911781087596224517
911781251551555589
911781294790598656
911781440030994432
911781939614384128
911782083378470912
911782317139652610
911782387582930944
911782423502958593
911782630269575168
911782906808406016
911783412561797120
911783495109873665
911784093926481920
911784132740513792
911784168748716032
911784312466534400
911784317101191168
911784882333986816
911785301240172545
911785390822043649
911785687183187969
911785925365125120
911786290726793216
911786637037670400
911786674396463104
911786719573184512
911786967393816576
911787714659446784
911788021254688768
911788202251444224
911788339329667072
911788638446465026
911788690221027328
911789018928566272
911789201301151744
911789276748238848
911789430112956416
911789630101557250
911789868547805185
911789960025518080
911789966711193600
911789974344929282
911790083988180992
911790191060406272
911790410133131264
911791192458723328
911791322268180480
911791739119206401
911792209057349632
911792352431345664
911792603942842368
911792827520241664
911793115425574914
911793417935519744
911793621552259074
911793836883574789
911793968622514176
911793976189087744
911794624762728450
911794892476747776
911795011343323138
911795277471928320
911795641956921344
911795983528243201
911796101283500032
911796638577983488
911796791225520129
911796805859504128
911797140334219269
911797187209818113
911797484258603010
911797751821737985
911797801968898051
911798843573985280
911799073367367680
911799974136074240
911800257964593152
911800305200848896
911800461254103040
911800533924630528
911800681597685767
911800952235032576
911801004475207680
911801008891813893
911801256615825408
911801420931878912
911801556428836864
911801933425410048
911802653310636033
911803493954015232
911803539780964352
911804150614081536
911804383104561152
911804426486255617
911804661858004992
911804665649668096
911805468024168449
911805622009712640
911805790398197761
911806121937182720
911806460094550016
911807020763799552
911807174120153088
911807597577228288
911807626895331328
911808414598144000
911810537138393088
911810561511428096
911812228575223808
911813504298098688
911813713623158784
911815317088849920
911815923438440450
911816450578505728
911816989626261505
911817893066760192
911820266287886338
911820333056970752
911820848583016449
911824407647211520
911824732202442752
911825022033022978
911825578797527040
911826285827108864
911827153704095744
911828186014654465
911829215493926912
911829714595205121
911830494232350720
911830776957640704
911830916498120704
911832215578976256
911832423826108416
911833359915110401
911833428114452480
911833803286630400
911833807329878016
911834178798460928
911835263646740481
911840946580488192
911841002561900544
911841156849209344
911841246389215232
911844077620121605
911844363373756416
911844997309362176
911846126889861121
911847694716477440
911848418158530560
911848494398267392
911850013025849344
911850112112103424
911851854065229825
911854886505140224
911854962262634497
911855018319532032
911855301971922944
911855351728889856
911855880626491392
911856503430221825
911856735853400065
911856990694936576
911857584742830080
911858343685316608
911859183137415170
911860244967493634
911860476946128897
911862534315085824
911862791731949574
911862917590548480
911862966227791872
911863044094935040
911863130044747776
911864755698257920
911864821364215809
911865644970278913
911866562486968321
911871142696226817
911871576882245632
911872275695226880
911872396310786050
911873862488469504
911875776634646529
911875950069067776
911877304242057218
911878618762027008
911883606498463745
911885519231078400
911887451802742784
911887577216618496
911887631587225600
911887730828877830
911887845979238400
911889323456331777
911892732804661248
911892819253563392
911892922311770112
911893214654758912
911893216773001217
911896437914574848
911896826277703680
911897455259734016
911899316792553472
911899765062946819
911900827698302976
911901754249433088
911904130368724992
911904148416815105
911904577229697024
911906045823295488
911906623525998592
911907069783154689
911907767669198848
911908489441742848
911910263825342464
911910347929456640
911910735088963584
911910907097251840
911911444156964865
911913128455061504
911913871040040962
911913891856355328
911914692641255425
911914770659463169
911915336554864640
911916270077071360
911917158254415872
911917197357969408
911917237640065025
911917480481828864
911917545480966144
911917664649478144
911919080654942213
911919261987360769
911919543806705666
911919697171447808
911919896249946112
911920684900782081
911920837456011264
911921380303785985
911921543684517888
911921772953346048
911922627538817026
911922705926037504
911922706668412928
911922707943497728
911923065067630593
911923076018847749
911923095228821504
911923265194491905
911923268738703360
911923480408449024
911923720549163008
911924218555535360
911924219050463232
911924480905068544
911924481991438336
911924868131717121
911924903351390210
911925236227907584
911926299513561090
911926526396059648
911926608147177474
911926914729857025
911927162491555840
911927502251143168
911927601479823360
911928585308401666
911928671727964167
911928746512310272
911929059130642432
911929069494816768
911929524497059840
911929632076709888
911930084046512129
911930147384766464
911930468458745856
911930917236682753
911931020999577601
911931017694449664
911931129120329729
911931150842712064
911931617010229248
911932138961895425
911932280070983681
911932529610981377
911932732040794113
911932751502204930
911933280211042310
911933332753182720
911933371537698816
911933383374249984
911934683797229568
911934869571293184
911934950252806151
911934961229422592
911934976064548864
911935053265063936
911935246140047360
911935348288212993
911935432199430144
911935616589418497
911935770851708928
911935886606118912
911936008018628608
911936071100796928
911936075718852608
911936232015482881
911936562992005121
911936746056687616
911936958091448320
911937740467507200
911937869840814080
911937911125188613
911938179258863617
911938317423345664
911938573624119297
911939329500512256
911939664029904897
911939669335605248
911939833949573120
911939865125801984
911939949355765760
911940749054189568
911941749358161922
911941872318337026
911942022046584833
911942344219385857
911942667432493056
911942938501902336
911943484512149511
911943487205007361
911943839027531776
911944557734047744
911944744711766016
911944930016276480
911945453939372035
911945628149788672
911945761360932867
911945844487868416
911945977480859648
911946020803764224
911946115930607616
911946628709396480
911947528035340289
911947540765036546
911947681538461696
911947945611800576
911948016717885441
911948393261490176
911948418766872576
911948653832527872
911948737873772545
911948805767139328
911948970808811520
911949133048614913
911949249411084290
911949563568717824
911949649078030341
911949719508848640
911949762236227585
911950050636509184
911950107607740416
911950374369726465
911950415066832896
911950469542612992
911950676128870400
911951156930338822
911951316385136640
911951538171588608
911951690127028225
911951961443926016
911952187592462337
911952310317703169
911952329464844289
911952433546395649
911952527888748545
911952675578642433
911953349506998273
911953580680032259
911953920511094786
911954034776518657
911954286053117953
911954930491183105
911955361384603649
911955566435749888
911955862515851264
911955872296796160
911955962881302529
911956105181499392
911956135980216322
911956568693923840
911956648981229568
911956696255385601
911957054331355136
911957341683171328
911957377158717446
911957558985986049
911957599171547136
911957660131577856
911957732936310784
911957912649650177
911957921306742785
911958383812415488
911959006679199744
911959017295097856
911959024006045697
911959279434842112
911959295725580288
911959657417076737
911959735263420417
911959945255387137
911959953111486464
911960578918375425
911960759394959361
911960797227704320
911960852256915458
911960993529462784
911961201118109696
911961240108503040
911961367170699264
911961421054869509
911961423374364678
911961610817810432
911961950082535424
911962094916030464
911962139182714880
911962173001388033
911962472789217280
911962564095029248
911962603882024960
911962644462100480
911962647314223105
911962769297113088
911962846422093825
911962972746129408
911963047522181120
911963317119352832
911963349998546949
911963512364298245
911963542412070912
911963655318650882
911963693759344640
911963822738542592
911964077764706304
911964222220890112
911964245859885056
911964341796302851
911964800845885441
911964802938998784
911964914222280706
911965000167804928
911965060800696326
911965246511878149
911965390095269888
911965883077193730
911965933110988800
911965964421476352
911965969420922882
911966085498277888
911966434301005824
911966518291959809
911966533257125888
911966567734398976
911966569609097217
911966709585727488
911966927916081157
911966984216170496
911967104076734464
911967238806151169
911967356947193857
911967617535135744
911967654608588800
911967720001949698
911967812780007425
911967944321716225
911968311851720704
911968510896730112
911968558850220035
911968748436807680
911968780837941248
911969161752047618
911969246636150785
911969378060529666
911969496054865920
911969725327958018
911969989896364036
911969989896364036
911970153268760576
911970548762079232
911970862751985665
911970863523749890
911970931823783936
911971038665179137
911971069019480065
911971173574905856
911971370027880456
911971831510441984
911972700565913601
911972707612336128
911972741191835648
911973633475727361
911973715356868610
911973784386658304
911974078449319936
911974110082797568
911974254727647232
911974310671208453
911974465180962820
911974536253464577
911974808652574720
911974975027974146
911975006674006016
911975132587085824
911975448048836609
911975828736659457
911975863264169985
911976024329670656
911976229842165761
911976379817832449
911976642049921024
911976903229054977
911976944916410369
911977798536957953
911977924307427329
911978081253855232
911978128066654209
911978200858812418
911978221792620545
911978579700994048
911978643450195968
911978670448836609
911978699800694786
911978786538840064
911978982886830080
911979057499254784
911979160825888768
911979387851034625
911979516502925314
911979518537158656
911979676205223936
911979711533895680
911979754131267585
911979956837785600
911980116116492290
911980182403190785
911980187713126400
911980188619096064
911980243954671618
911980307309527040
911980847791792134
911981017866661889
911981055086858241
911981123370192896
911981296322273280
911981338634231809
911981772434399232
911981809818378241
911981809818378241
911981946707857409
911982296235958273
911982494198538240
911982616743575552
911982755663060994
911982788949282817
911982921740730368
911982960945123328
911983021787631617
911983135038017536
911983167736860672
911983206353731589
911983466677497856
911983661783945219
911983734580285451
911983876649754624
911983882777509888
911983938557575168
911984011228205056
911984047794073600
911984066748141569
911984112323395584
911984136168013825
911984404171493376
911984622665441285
911984702004883457
911984705750339584
911984727933968384
911984883500593152
911984896595447813
911984939868000258
911985005395566592
911985079798452224
911985286271381504
911985296442580992
911985482711658498
911985810290946049
911985969301262336
911986443039502336
911986558747717633
911986595246612481
911986858606911488
911986841846501379
911986900684197889
911987631822696448
911987761732837379
911987884147830785
911988096350212096
911988408771334144
911988742209994752
911989072461287425
911989165503508481
911989239176339456
911989446719008773
911989506051424256
911989522082099200
911989620430262272
911989706614804481
911989750957006848
911989770984796162
911990082264956929
911990204592017408
911990299932622848
911990335433248770
911990400625373185
911990457906864128
911990481436925952
911990636429049857
911990884404690945
911990989383884800
911991166119350273
911991342070484994
911991428858949633
911991691350966272
911991997153648641
911992158164578305
911992207506395136
911992256936202241
911992299286130689
911992701272256513
911992745958400000
911992964255289346
911993057423314944
911993151090511872
911993396914515968
911993530519818240
911993712175132672
911993855884619776
911993945634127872
911993998134218752
911994083333201921
911994315953422336
911994375961501696
911994409163673602
911994462938603521
911994546048905218
911994672079179776
911994835153952773
911995078457077765
911995158887100418
911995165568417792
911995280047841280
911995348457021442
911995391272476674
911995465146753024
911995657791180801
911995782529765376
911995896144863232
911995908627193856
911996441865973762
911996540440412162
911996560107610113
911996793495392256
911997506623434752
911997785611923457
911997818654650370
911998069155262466
911998131172265984
911998281106051077
911998329952772096
911998369039601666
911998502544318468
911998643883913223
911998689555636226
911998733180653569
911998879754682368
911998931399213056
911999192515661824
911999493914185729
911999772646608896
912000117150019585
912000207478562816
912000211400175616
912000255255891968
912000368090939393
912000407827775488
912000504573636608
912000622442008576
912000731976056833
912001154061602817
912001180905218049
912001547806085126
912001990913388546
912002044474609671
912003035890683904
912003163896520704
912003364946432001
912003450015305728
912003514565582848
912003640851824642
912003763812024325
912003925657624576
912003967533686784
912004096361619457
912004208898990081
912004309218246656
912004557240246277
912004731605737472
912004964159016960
912005151329632256
912005261430272001
912005319051669504
912005431484141573
912005646114889728
912005809646768129
912005949669482496
912006091692806144
912006262686134272
912006774181507072
912007141585760257
912007182669025280
912007289313288192
912007340915871745
912007577877319680
912007590497869824
912007634626195456
912007668717387776
912007888218066945
912007965132996608
912007973496598528
912007976529035264
912007987421515777
912008211468832777
912008264258170880
912008674293567489
912008808767029249
912009271172386817
912009346262876160
912009939962429442
912009984178757632
912010000020643841
912010040063791105
912010145676263424
912010262487629826
912010464795783168
912011018422882306
912011029483311105
912011037209014272
912011175407292416
912011273352634368
912011864242040833
912012036036587522
912012287472553984
912012298558099456
912012486752083968
912012484990705664
912012584768991232
912012904525950977
912012936629112833
912013104770371589
912013241894658054
912013407565615104
912013470165602304
912013544337608705
912013785044570117
912014139387666433
912014188934860800
912014210061742080
912014367922716672
912014743791181826
912014942139817986
912014991028572160
912015223544012801
912015323867549696
912015765410168832
912015768061177858
912015788403544064
912015862852329472
912016037557657602
912016053886210049
912016092117250049
912016117740253186
912016223659020288
912016247809888257
912016274464677889
912016345335599104
912016363887251456
912016547798958080
912016623669825537
912016783070175233
912016836467630080
912016893027942400
912017555572879360
912017599000666114
912017653753159680
912017699219292160
912017728067825664
912017821835694080
912017844409270272
912017859391434753
912017872230240257
912018079579860993
912018297905754112
912018333926662145
912019224385564672
912019441227124738
912019538262274048
912019559590383616
912019583640506368
912019696605646861
912020271774781442
912020732044967936
912020996869185536
912021014988693504
912021094768435200
912021294027280384
912021295474335749
912021301791002625
912021353859043329
912021548776804352
912021817904246785
912021862388965376
912022035991326720
912022206108102656
912022209102843907
912022672489439232
912022886935867392
912022992858832897
912023299156258817
912023700249202688
912023701494931456
912023747925815297
912023758516494336
912023910673240070
912023963504693248
912024218803560448
912024223731863552
912024272457097216
912024293755760640
912024308876288000
912024487213895682
912024529504890880
912024732647567360
912024753283706880
912024861052215297
912024892995928070
912024896464617472
912025109677826048
912025258600919040
912025302498410496
912025543616450561
912025665351897088
912025791839571968
912025963524972544
912026154130972678
912026189077901314
912026254706200577
912026467638247424
912026478497452033
912026511384989696
912026626132758528
912026768445444096
912026867582033920
912026988881248256
912027283942182912
912027297649217538
912027386614599686
912027490234888195
912027631205351424
912027787028033536
912028014149619712
912028107162480640
912028357302325249
912028364143198208
912028486683983872
912028577176211457
912028733850107904
912028884232806400
912028966147563520
912029047156338691
912029163548266496
912029195517284352
912029599596531713
912029689308438528
912029718479822849
912029863393005568
912029906682437632
912029913439510528
912030276750053381
912030345268211712
912030406094020608
912030609593241601
912030735631912960
912030945217200128
912031518599503873
912031813299818496
912032081148039168
912032103168200708
912032106116784128
912032326787399680
912032377404366849
912032417149521926
912032485650915328
912032572720521217
912032749480902656
912032850169413633
912032909099438081
912032997515436033
912033097587347456
912033188977012736
912033301883318272
912033386612629504
912033518980657152
912033686278766592
912033728209260544
912034094338289664
912034314736619521
912034317517443072
912034421808799745
912034681620779008
912034704882364416
912034732191383553
912034751539691520
912034779771670528
912034857546420224
912034920347963392
912035112736436225
912035294425186305
912035354470944768
912035356102549506
912035762857705472
912035802703585280
912035853236621312
912035860144631808
912035997642260481
912036183869415424
912036228777807872
912036280812351490
912036566553546753
912036621444435975
912036658811346944
912036708664754176
912036737316278272
912036759055114240
912036906422214657
912036912990347264
912036966912454657
912037151604445184
912037275453796352
912037278477774848
912037365891379200
912037557713735681
912037571173191681
912037674948710400
912037700395573255
912037893543211010
912038027928784896
912038289380659202
912038635360440321
912038746534576131
912038864457486336
912039249326870533
912039277172744192
912039391576633345
912039565673816065
912039644153483264
912039816149258241
912039913406771213
912039959405543424
912039991135567872
912040099810078721
912040233910317056
912040260988817409
912040287454801923
912040311228108800
912040776036532224
912040803463307264
912040810820128768
912040834723401733
912040929074302976
912040967972175872
912041051527008258
912041121051758594
912041291927584768
912041450933760002
912041642114379777
912041664465838080
912041706673049601
912042106469982209
912042115798061058
912042234018705411
912042302612238337
912042382186749952
912042682079498241
912042804511158272
912043266023071744
912043343248543744
912043351683272705
912043890492035072
912044193324965888
912044316134187009
912044507583172608
912044776232435713
912044823984537600
912045191674060800
912045256857853952
912045370942816256
912045523183403008
912045551310405632
912045626657001481
912045932698591233
912045940839780352
912046072926576641
912046335339118593
912046415139962882
912046539140300800
912046661270147072
912046876257652736
912046910080471040
912047103291138050
912047378617614336
912047578140876800
912047595215712256
912047598340583431
912047655810945025
912048004219179008
912048073668513794
912048204090404864
912048498434027520
912048498434027520
912048744564174849
912048776570863616
912048778336546816
912048782036127744
912049148261752834
912049180675330048
912049245137580032
912049400150622209
912049437861601280
912049512603983872
912049645379112960
912049645462974465
912049664454795270
912049834957426688
912049954516070400
912050058610315266
912050106383429634
912050239581966336
912050297354309634
912050397585567744
912050478636322819
912050496424353797
912050701341163520
912050870862393352
912051101343592448
912051333439655938
912051453140848642
912051631063207937
912052069548347394
912052308451713025
912052391834505216
912052637134200835
912052637822005254
912052750891892736
912052761130348544
912052799994818561
912052805896204288
912052887454334976
912053305043570688
912053404591165441
912053462145388544
912053471884533760
912053611907178496
912053704932642817
912053779826139136
912054050815913988
912054133372448769
912054297730453506
912054326859886592
912054394216222720
912054587145834499
912054987764596736
912055153582395400
912055453491789827
912055549121802240
912055582181384193
912056032951709696
912056039423578112
912056079500042240
912056106855354368
912056278511480833
912056314418880516
912056352075284480
912056461378846720
912056571160666112
912056638567100416
912056784323469312
912056853101719553
912056906717499392
912057157927014403
912057275757551616
912057408154988545
912057450848706560
912057598576254976
912057619963052033
912057867901050880
912058128396619776
912058135715688448
912058362178818049
912058631608307712
912058721295093760
912058727196479488
912058774311067648
912058848248074240
912058869341315073
912059043430240256
912059068704886784
912059069451657217
912059378567483392
912059396305379328
912059455780659200
912059862904799232
912060260675985413
912060348425007105
912060690566918144
912060690839502850
912060790429016064
912061212132704256
912061293804302336
912061457033859072
912061734944411655
912061789105479681
912061805874368512
912062067963826176
912062388291162113
912062545552224256
912062596957691904
912062788331278336
912062853837918211
912062866710306816
912062936616648704
912063030711738368
912063056238206977
912063221447761920
912063337189576704
912063493834076160
912063622645518337
912063764786229251
912064008672464896
912064249907867655
912064271554576384
912064338357309441
912064380191281152
912064423652724738
912064558935760896
912064659846508544
912064673717112833
912064735750828037
912064794315841536
912064798556377089
912064835134935040
912064930005778433
912065198571343872
912065262186373120
912065413709778944
912065564616650753
912065636041396225
912065765502803968
912065878195392512
912065886625841152
912066007820378113
912066101252640771
912066656343658496
912066697112248321
912066764862717952
912066839949299713
912066940813955072
912067631590576128
912067664046149632
912067667242209280
912067909639434240
912068152346869760
912068171527581698
912068451530870784
912068593713590273
912068729604845568
912068824291299329
912068996366786560
912069022593757185
912069144144678912
912069374969827328
912069392355270656
912069602112364544
912069694512881676
912070107731578881
912070478755450881
912070648788389888
912070835090882560
912070846096773120
912071120085508096
912071166151491588
912071179111948290
912071227866533888
912071625578831872
912071871260250112
912071957855817728
912071993092071425
912072030102712320
912072032799657984
912072192057384960
912072277969264641
912072296772378625
912072308054884352
912072423138365445
912072447645638656
912072816589017089
912072848709099525
912073045262643200
912073286770741249
912073573430210560
912073716221308929
912073964737974278
912074135714623488
912074188592214016
912074268078460928
912074336244289537
912074404569415680
912074515437510656
912074603614392320
912074878660022272
912075061431095296
912075084789100544
912075411743322112
912075841861013505
912076612258148352
912076787865260033
912076961278828544
912077012998742016
912077107228004353
912077260554989569
912077382084853766
912077437672009728
912077592156606464
912078062833078272
912078174250442752
912078181594693633
912078912850669568
912079095328108544
912079217419968512
912079273208492032
912079660888084480
912079835798867969
912079897715232769
912080112614608896
912080268978204674
912080575518961664
912080772630286338
912081109843890176
912081158330044417
912081180186595334
912081281546059777
912081307760578566
912081342288072705
912081521938518017
912081523427463170
912081794899603461
912081925359185921
912082041352654848
912082410728300544
912082627498266624
912082688714080261
912082706221105152
912083255041691650
912083257201774592
912083535720275968
912084192753790976
912084276077789184
912084443430563846
912084471846985728
912084486313201664
912084581083258880
912084592793980928
912084692714758145
912084714722402305
912084756908482560
912084922092879872
912085015135244288
912085169217179648
912085284656951296
912085518455902209
912085572897972224
912085868780883968
912085979510525953
912086049618141186
912086105679384581
912086264207290369
912086318288719873
912086350454771713
912086402300510209
912086439231356928
912086543950503939
912086568353112065
912086850931757056
912086891620716546
912087490000936963
912087519944089600
912087716589748224
912088118802763777
912088183113961472
912088535351611392
912088833377914883
912089066866429952
912089139612454912
912089287348199424
912089606790692866
912089873539940352
912090336045834240
912090486453735424
912090599033106434
912090894957973505
912090898380582912
912091029649707008
912091056837185537
912091169470996480
912091226643542016
912091279751819264
912091420596609024
912091600112771073
912091638314479617
912091799442903040
912091840593178624
912091955957583872
912091958289584129
912092486306209793
912092698613620739
912092801776734209
912092809867472896
912092809733296128
912092880394735616
912093002440609797
912093016822661120
912093287888060418
912093336961503233
912093475037888513
912093527991050240
912093650858926080
912093681854713856
912093706110595078
912093737349779457
912094030212853760
912094275650953216
912094331531595776
912094380286033920
912094617482309632
912094675380707330
912094683265994753
912094756678914049
912094822974021633
912094898689626114
912094918969057281
912095111852560384
912095267121451009
912095332703629312
912095403067224064
912095411384602624
912095450139971584
912095496302456832
912095557258268672
912095631728107520
912095769359986688
912095877677715456
912095894475911168
912095943968911362
912096211586441216
912096225805049856
912096338208100352
912096508815728640
912096511781163010
912096838228103168
912096956033454080
912097407806181381
912097580074618880
912097678900776960
912098005473472513
912098010062032896
912098081176473600
912098181109907456
912098260805750784
912098278212358144
912098327495368704
912098362341646338
912098411314282497
912098444365398017
912098570068680705
912098703837712385
912098735831896065
912098775845482497
912098848310530049
912098977469861890
912099043030990848
912099054112448512
912099179211583489
912099186220380160
912099420983975938
912099438641872896
912099613108166656
912099702107250688
912099778376486914
912099977815617536
912099979392638976
912100040847405056
912100057863815168
912100162725711873
912100165112254464
912100209483812866
912100353335812097
912100552917516288
912100571607269376
912100587667316736
912100796187131904
912100872678772736
912100966077517824
912101160890388480
912101305790935042
912101446371471360
912101477614747649
912101493515399186
912101748562694149
912101816254570497
912101912278794240
912101919220469760
912102089999962118
912102230496628736
912102231813521409
912102977376182272
912103094237958146
912103291097665539
912103433003573249
912103527455100928
912103704597340160
912103755629322241
912103775267037184
912103951436263424
912104086530555905
912104338235027457
