877315363393998852
877315470809939969
877315945513013250
877316199700459520
877316243321126912
877316310287474689
877316702341615618
877316920806174720
877317339703902213
877317403981615107
877317680264605699
877318811929776128
877318825997414400
877318928476905473
877319140566020096
877319382363324416
877319493088706561
877319734106046464
877319811956699136
877320175615332352
877320255793618944
877320894305017857
877321186442530817
877321214758277121
877321628446638081
877321680816713728
877321697011023873
877321720742330368
877321741608960000
877322068777345027
877322128705462272
877322265406328833
877322513360998400
877322619757838337
877322704033955840
877323377379229697
877323384698183680
877323447482830850
877323485697134592
877323604555317248
877323648868040704
877323745920131076
877323917781721089
877324077706264576
877324222552391684
877324375640363011
877324600710803457
877324754708869120
877325267370479616
877325304477470720
877325369258397696
877325373905674241
877325542910984192
877325671587913728
877325794812579840
877325798004277254
877326051298480128
877326066880139265
877326220433608706
877326338075635712
877326494707531777
877326721204322304
877326722953134081
877326832059768832
877327011114475521
877327058963247104
877327102613364736
877327304313245696
877327533481611265
877327656236208131
877327708367142917
877327927838244864
877328203848630273
877328616790540291
877329455777107968
877329552715857921
877329632307146752
877329813526069248
877329845016985600
877329907231084544
877330022343770112
877330124189745152
877330128166060032
877330155718541312
877330386518392832
877330429203927040
877330474473017344
877330499894628353
877330525739823104
877330626579492864
877330630564040705
877330684796256257
877330747106906112
877330794351611905
877330843445805058
877331040326516736
877331040561496065
877331333411815424
877331819904901120
877331870488428544
877332022569689088
877332321472581634
877332334474924032
877332397662056449
877332476246589440
877332564528254976
877332983882973184
877333150258442240
877333218365669376
877333247583293440
877333363807461376
877333391569338369
877333523425873921
877333832394997760
877334008337649664
877334582265237504
877334732257714176
877334937816502272
877335266842771457
877335315475709952
877335423818711040
877335576449490949
877335615330631681
877335769391579136
877335869241405440
877335977517211653
877336024850071552
877336093292679168
877336424785350656
877336460277534720
877336624022945793
877336786627829760
877336881809178627
877337112932003840
877337359729274881
877337586129399808
877337627699159040
877337719801872384
877337863754571776
877338262926274560
877338390647250945
877338579449643008
877339052881608704
877339167809720321
877339273682407424
877339331605737472
877339344918523904
877339386043670528
877339534219894784
877340157665583104
877340406127525888
877340432572743684
877340452499935233
877340453879685121
877340607915712512
877340680867074048
877340695920607233
877341318040752128
877341424877944832
877341451604041734
877341509120655360
877341531169882112
877342245443301377
877342787640872960
877342818766921728
877342997012242433
877343045137477632
877343053727621120
877343189920735232
877343213454938112
877343238700621824
877343286150610944
877343514597576704
877343636631035904
877343652602933248
877343776489918464
877343794563211264
877343865950228480
877343881221857281
877344025124130817
877344059643252736
877344214719242240
877344257849253888
877344265990307842
877344273217310720
877344360357953538
877344556315836416
877344580072603648
877344616944508929
877344684934406144
877344856648990721
877344904791412736
877345327283654656
877345457856552960
877346335263010817
877346466393501698
877346473310072832
877346622304157696
877346623243866112
877346762884751361
877346834527789056
877347116724748288
877347477967347712
877347617159512066
877347617293860864
877347651515289600
877348215980343296
877348227208667136
877348290039173120
877348432838508544
877348800200880130
877348838985551874
877348972557467649
877349027620245504
877349077519814656
877349142305034240
877349177847578625
877349201155325952
877349341945446401
877349424363700224
877349438536142848
877349496157597696
877349690169282560
877349694543978496
877349697941364737
877349766337892353
877349799082831872
877350084098351104
877350249475526656
877350311152599040
877350414747918337
877350463858978817
877350719724044288
877350748442554368
877350793166430209
877350944547143681
877351672271523840
877351707654721537
877351789430964225
877351940740366337
877352086228393985
877352092847005696
877352176082763776
877352269020184579
877352284618870784
877352371470422017
877352634700763138
877352742620205056
877352885071360001
877353340551737345
877353407257989120
877353845289959426
877353906715721728
877353971102253056
877353993520820225
877354028690137090
877354031945011200
877354127902355456
877354200790913025
877354237314969600
877354280600121344
877354524440133632
877354585379135488
877354663418314752
877354678064865282
877354750093647872
877354784306610176
877355034563891200
877355266844635136
877355475351748609
877355589906640896
877356335142236160
877356732409757700
877356891545911296
877356990812397568
877357208752619520
877357306622738433
877357919800578049
877357992534040576
877358197920722944
877358367420936194
877358898549710848
877359282907480065
877359359474503680
877359655579598848
877359939416502277
877360140827201536
877360241331118081
877360341394616321
877360482515943425
877360537503494144
877360603135750147
877360844081967104
877360899752734720
877360951108005888
877361422027546624
877361468710109187
877361516831424514
877362003622453252
877362105900466176
877362133171933184
877362721880256512
877362939749117953
877363111975501824
877363607511715840
877364644972646402
877364671983964160
877364712987611136
877365125916672001
877365134481657856
877365286034452480
877365522349703171
877365651047841792
877365932036956162
877365943944564737
877365966757281792
877366086576087040
877366576252674048
877366728845651968
877366810231791617
877367068206739456
877367603118960641
877367788347596801
877368105109823491
877368144750415873
877368160370012161
877368874924212228
877369463171149826
877369681874735104
877369946946191361
877370069113753601
877372284855611392
877372513835036672
877373322274754560
877373501211951104
877373605578854401
877373610490331141
877375608258482178
877375822105104385
877376002011385857
877376138380816384
877377222021005315
877377495573581824
877377826990596096
877377879432024064
877378839856513024
877379201078132738
877379393945042944
877379482230956032
877379879246872577
877380212492828672
877380779038343168
877381565344514049
877381828155494401
877382147295793152
877383008373817344
877383154654474241
877383776074170368
877383971985915904
877384355613560832
877385110554722304
877385431708565504
877385509688950784
877387306562224130
877387887481835520
877388297852645376
877388981981167616
877389850034524160
877389983392321537
877390362230345728
877390397449875456
877390925055569920
877392392743260160
877393093175255041
877393213434232832
877393398621249536
877393576447049728
877393896485134337
877393915149791232
877394734221807616
877394995585597440
877395636823482369
877395781694763008
877396539425128452
877396776298446848
877398215489880064
877398222364397568
877399809438736384
877400138595143680
877400205590769664
877400319306719233
877400943842689024
877402233347944448
877403348814761987
877404106624815104
877405459287871489
877405742692798464
877406321477378048
877409504295608321
877409632746172416
877411856226430976
877412234179346434
877413239818248192
877413717453004801
877415131734519808
877415970419159041
877415972319223814
877420126269841409
877420265168392194
877420336664510464
877422582412214276
877425040383504384
877426926155071488
877426951446605824
877430588805984256
877431820127744000
877433034152259584
877433250951700480
877433342269980673
877433868999151616
877434063245725696
877434417324675072
877436244007018496
877442427556155392
877444076165091329
877446825392959488
877448038805057536
877448855159283713
877450302059823105
877451303512834049
877452149571043328
877452384062099456
877453193088688128
877454347583574017
877456731718262784
877457941955309568
877458669163687937
877459275882401792
877460614901321729
877462555475759104
877462669300826112
877464345097252864
877464638643982336
877465508504797184
877465654609285120
877466870030512128
877467113811849217
877467275879743488
877467791376359424
877468882642100224
877469317058752513
877469812489846784
877470398027366400
877471611515011072
877471626232832001
877472129373089792
877473266776059904
877473933901037568
877475675246129153
877475774500130816
877476102867963905
877476335261765636
877476459383631872
877476460834963456
877476824485330944
877477323985096705
877477686125490177
877478063310819328
877478251458854912
877479943885774848
877480284421328896
877480328780296192
877481238335979521
877481456125136898
877481713961750528
877481928147992576
877482040828076033
877482073564565504
877482096721264640
877483185784991745
877483321822937088
877483414294867968
877483457726885888
877483813932281856
877484145290641408
877484186763919360
877484561684455429
877484755503239168
877484760137904128
877485115273826304
877485133837856769
877485283448696832
877485334220689408
877485438721818625
877485445373992961
877485547568156672
877485648755687424
877485694356267008
877485771682451457
877486242065240065
877486367151988736
877486504746110976
877486653383880707
877486722635923456
877487107790577664
877487410782851073
877487695089590272
877487726555279362
877487810722369536
877487980201598981
877488151404720128
877488384893227008
877489053771411456
877489397276581888
877490591592062977
877491214626549761
877491536329617409
877491710812618753
877491815297019904
877492290914308096
877492386838007808
877492534817193989
877493153045106688
877493699709734913
877494259598987264
877494270030118912
877494469888798720
877494528428707840
877494609139703808
877494620694904832
877494682556747777
877494744141754369
877494745693470720
877495010979131392
877495371609591809
877495866650537984
877496393514057730
877496415341101056
877496422752370689
877496628902494208
877497010697515008
877497317791854593
877497354978443265
877497355053940738
877497489250820096
877497770608820228
877497797502750720
877498115716136961
877498280086818823
877498406435930112
877498466846429185
877498597415297024
877498627026952193
877498846175252481
877499348006862848
877499378839302146
877499984161189888
877500234334646272
877500998025170945
877501247544315905
877501587966578691
877502143074316289
877502266680410112
877502671569264641
877503245178077184
877503654927978499
877503816651988992
877504683664977920
877505388597346304
877505581292158982
877505600007135232
877505860033024000
877505934020546561
877506296097976322
877506312032186368
877507124112306176
877507187454742528
877507385660755969
877508453652201472
877508791469842432
877508889792655362
877508997586333701
877509378802417665
877509545169498112
877509776854405120
877509984715653121
877510051321315330
877510142195007488
877510773261598721
877510976710598660
877511084801916928
877511133481054208
877511147867525121
877511245758427136
877511608657993729
877511748353310720
877511916054249472
877511968403460096
877512106224095232
877512132304220160
877512296901341185
877512364488351744
877512885009821696
877513291253374976
877513771551424512
877513929165070337
877514358779240452
877514600501174272
877514807011938304
877514873999163392
877514988767805440
877515309976092672
877515336622395392
877515753905369089
877515777968091137
877516074329288704
877516179769876487
877516432291975168
877516485299757056
877516565125767168
877516570133581826
877516671694626818
877516675851198464
877516764413923328
877516851684798464
877516867543461889
877516947247771648
877516954285813760
877517103674384385
877517279067488260
877517503240523778
877517636954927104
877517689857724418
877517706022580225
877517736057982976
877517913665699840
877518006582214657
877518020482134017
877518119069155329
877518170373967872
877518303538950145
877518891278315520
877518892834410496
877519097759748097
877519177195638785
877519587776110592
877519621900963840
877519955721310209
877520169811267584
877520425294721025
877520583541612544
877521049927155712
877521147335770112
877521180009406464
877521372041302016
877521509773975553
877521667777593344
877521676791107585
877522051489247233
877522494034522112
877522814215041024
877523105173970944
877523149658759168
877523183418691584
877523299865178112
877523751121944576
877524111538388992
877524144858046464
877524228257579008
877524356469063680
877524442422923266
877524692332154880
877524768131559426
877524778273386496
877525161473445889
877525386946646016
877525530836381697
877525615523635200
877525744695607297
877525764580790273
877525923410706432
877526254563602432
877526640552792064
877526798539644932
877526836028289026
877526881066561538
877527031226957824
877527482873860097
877527517418184704
877527582522003456
877527727019925505
877527894662070274
877528565276958720
877528664631541761
877528824119910400
877529141351985153
877529298713706497
877529600036917249
877530439887589380
877530690308509696
877530775146680320
877530967589761024
877531171768475648
877531503965745152
877531713416581120
877531778088665089
877532174588760065
877532202489319424
877532355392569344
877532455175172096
877532567788040192
877532668199665664
877532790329421824
877532804741046273
877532851306205186
877533084031361024
877533402127364096
877534211820969985
877534640432496640
877534911955120128
877534959455653890
877535047993176064
877535154423685120
877535301115277314
877535427133136896
877536144501731329
877536498022834176
877536499834683393
877536521296982016
877536570634588161
877536598958768129
877536621419167744
877536645427474432
877536808111718401
877536875698941953
877537283162873856
877537515695222785
877538250147102720
877538653047836672
877538856756797441
877538860502315013
877539374694576128
877539440222236674
877539478029684737
877539551450935296
877539662335811584
877539707185504256
877539740895109126
877539782800420864
877540087969525760
877540336192671746
877540836556374018
877540884962840577
877541552163364864
877541574678372355
877541939079516162
877542295398211584
877542779353579520
877542813294104576
877542988666347520
877543366736715777
877543523012268032
877543918081949696
877544100551065601
877544316113231873
877544676974358534
877544691440513024
877544733475835905
877544810172653569
877544854829625345
877545178076196868
877545580884525056
877545947869433856
877546714135240704
877546757533556737
877546843676299264
877546879374028800
877546893710155776
877546979001106433
877547277723856896
877547745787117568
877548011987116032
877548094178549760
877548155696549888
877548193130708997
877548233349902338
877549044721209345
877549105937076224
877549112702500866
877549579960549376
877549813616738304
877550156417306624
877550256078155776
877550257940332544
877550490690744320
877550509267197952
877550618398904320
877551052412813312
877551471226736641
877551514000273408
877551895245713408
877551932549804032
877551987918852096
877552035855560704
877552234153881602
877552643689893895
877552661662494720
877552683565150208
877552748958494720
877553010280472577
877553070967853057
877553151301361664
877553212064137216
877553432764096513
877553491694292993
877553521159282688
877553664688365568
877553674163179520
877554201928359936
877554238292992001
877554357595774976
877554402147663872
877554406203502592
877554454932971520
877554666980204545
877554688404717568
877555054689046529
877555167465529349
877555259945701378
877555432604258306
877555955340390401
877556269586022401
877556468693831680
877556482123997186
877556683186294786
877557013223542787
877557078008745984
877557389494558720
877557888255795200
877557931792896000
877558023350255616
877558141298368512
877558646577786880
877558688982200320
877559020923387904
877559327795564544
877559610516717568
877559839760711681
877560135224184833
877560250294910976
877560831726149633
877561452223135748
877561488273063941
877561560968949760
877561784135057408
877561985218494464
877562029518630912
877562177925685250
877562183885873152
877562259526037505
877562299925528576
877562407241097216
877562432771637250
877562883156000768
877563200375373827
877563249448820737
877563711678025729
877563978213335040
877564009414705153
877564028645552128
877564139081617408
877564644780515328
877564915761922048
877564927510142976
877565126492205056
877565486741041152
877565515417370625
877565544034992128
877565828496932864
877566265576968192
877566392274386944
877566401879318529
877566589763284993
877566731228557313
877566752846004224
877567138260819970
877567202702094336
877567260604477441
877567834460520448
877568004195729408
877568053378199552
877568413618581504
877568787947683840
877569165082492928
877569225891733509
877570243929006081
877570245615124480
877570285217734657
877570430726533120
877570506895106051
877570718224883712
877570742426009600
877570770490281984
877570898257223680
877570900085944320
877570904821248000
877571010769428480
877571099185250305
877571336096407552
877571511267205121
877571577671540740
877571591751815175
877571828016857088
877571839811301376
877572550435512321
877572960378175492
877573003181137920
877573190456922112
877573198878986240
877574280531197953
877574520915148800
877574970225938432
877575150178365440
877575234181836800
877575832574853120
877576465016963072
877576631002451968
877576657959342080
877576840017092608
877576901727879169
877577134499405825
877577172592054273
877577211926069249
877577314388910080
877577403652087808
877577546417569792
877577584460128256
877577587454730240
877577833454817280
877578539138248704
877578701382098944
877579269395841024
877579422563434496
877579572035723264
877579679640637440
877579841998012416
877580251991121920
877580286422269952
877580668099678208
877580881929490434
877581027010629635
877581308209356800
877581364572192768
877581461330722816
877581465323581440
877581543673180160
877581677467320324
877582041692459011
877582505943105536
877582524389654528
877582926518636547
877583083607740416
877583114339581952
877583380875005956
877583397572497409
877583420674756609
877583622760517636
877583676812410880
877583730935701504
877583732563103744
877583832332906496
877583853186973696
877584444693123072
877584503983583233
877584629951156224
877584819059736577
877584857995587585
877585261491765249
877585435731644419
877585684709638144
877585844906971141
877586017837916160
877586107063386112
877586250395299840
877586458932006912
877586518050693120
877587086794084353
877587404974149635
877587625380503554
877587736768659456
877587791219011585
877587808143249408
877587835875991552
877588030441234432
877588083994218500
877588140126384129
877588306749509633
877588308888477696
877588392954929152
877588930010390528
877588973807218689
877589579716370436
877589837943099398
877590340839948288
877590381797359616
877590476768944128
877590489029103624
877590779098693632
877590777446223872
877590829581254657
877590841707155467
877591047240470528
877591132972208129
877591433112408064
877591593846398976
877591659533479937
877591771320119298
877592400495083520
877592615448858624
877593123718930432
877593484332584964
877593592318935040
877593940903436288
877593979474202624
877594160714235904
877594277190258689
877594333255319552
877594333532180480
877594553242443777
877594620779253761
877594639259357190
877594676211048448
877594748919324672
877594795077775360
877594802094845952
877595824896724993
877595830164766720
877595860351057920
877595863576596480
877596064425037824
877596514897584128
877596605733588993
877596690978664448
877596760818024448
877596824630173697
877596854355189760
877596947447652352
877596985402028033
877597136166297600
877597276700426240
877597469902684161
877597490366750724
877597610764152833
877598054890655745
877598332591382529
877598365298565120
877598958595350528
877599163558395904
877599273457786881
877599646754799616
877599836924657664
877600726976872449
877600730529574913
877600842055991303
877600869063073793
877600882195439616
877601094108495874
877601200052502528
877601231631335424
877602179334492161
877602203497897990
877602296573698049
877602410348335105
877602462001016832
877602524852887552
877602891594211329
877603045793611776
877603433821478912
877603667297304576
877603751065821184
877603775606693888
877603913083494400
877603978644561920
877604150086946819
877604871720976384
877604911151693824
877605940853301248
877606004879368192
877606164346753024
877606328981741568
877606479468969984
877606614785810433
877606816976326660
877607503453749253
877607731787583488
877607763316232192
877607889929687040
877607976613232641
877608040177979393
877608041276776448
877608091709300736
877608109077798912
877608500863672321
877608522820841472
877608578630041601
877609121066897408
877609192470794241
877609208727863296
877609249223921664
877609507345620992
877609982639747076
877610007537307648
877610140068982784
877610161841614849
877610172704735232
877610215255846912
877610231676751872
877610284080181248
877610389546176512
877610448450985984
877610614897598464
877610757164158976
877610916803694592
877610997082578945
877611216016986112
877611249894338560
877611356291313664
877611540244987904
877611714992152577
877611948866551808
877612029778870275
877612144086237184
877612306590576640
877612482608615425
877612482474516480
877612768739770368
877612900193492992
877613019089575936
877613063116955648
877613119421526016
877613296819609600
877613540311314434
877613690610110464
877613777067270144
877613811875815425
877613977273901056
877614145620779008
877614213132427265
877614740830392320
877614805397286913
877614911395942400
877615150643245056
877615711308234752
877615768879472640
877615890472239105
877615944134139904
877615976614838272
877616000132362240
877616764946968576
877616927803396097
877617134020341762
877617277700538368
877618022399266816
877618179857682433
877618338486247424
877618855173955584
877619079426781184
877619104219373569
877619215385022464
877619414597681152
877619474739941379
877619563663212544
877619693691047936
877619824301457413
877619844966866945
877619879527849984
877619927015866368
877619977808887808
877619979755163648
877620023149207554
877620206209712128
877620219660820480
877620617410785280
877621076699750402
877621117124354048
877621946925539328
877622177239007233
877622230590656513
877622415391588352
877622422974771201
877622555787632640
877622564591480833
877623289174085632
877623318098137088
877623671501725697
877623796257226754
877623914104373248
877624098888835074
877624295257722880
877624379026194432
877624867939639297
877624939674611712
877624978195099652
877625471344680960
877625490022031360
877625585291362304
877625738916122624
877625742548512768
877625763406663682
877625800333312001
877625977983168512
877626056223723520
877626239359569920
877626429642604545
877626448143675392
877626701336895488
877626740549369858
877626836435570688
877627181161041921
877627347209523200
877627393623470080
877627650122014720
877627807874121728
877627927952805889
877628851433558016
877629008359325696
877629026189410304
877629231101956096
877629270700433408
877629356515803137
877630285680066560
877630404634824704
877630473052147712
877630493092532224
877630667185586176
877630674655510529
877630866255511552
877630996388040704
877631099123503104
877631123748261889
877631327683706881
877631927171330049
877632246412328964
877632275814400000
877632342893895680
877632405846097920
877632632036642817
877632888795271168
877633256253865984
877633496709255169
877633526094483456
877633532499283968
877633540195631104
877633644260503553
877633663101411328
877633836095590401
877633942723059716
877633974306086913
877634207392157696
877634283522871296
877634478079856640
877634679582539776
877634796880625664
877634981161566208
877635089949241344
877635102129479680
877635103802834944
877635672655282176
877635857125134337
877635861575114758
877635892470566912
877636586816458753
877636906623803392
877636943298928640
877637393926340613
877637583039102976
877637623581257732
877638081616027648
877638166538317824
877638212981637120
877639200228519936
877639333754306561
877639410203766784
877639440335859714
877639462317993984
877639684804968448
877639778815975427
877640090977148928
877640300726038529
877640371811045376
877640397165428736
877641016278261761
877641068027805696
877641184444784640
877641243429224448
877641365475254274
877642145196371968
877642780205498368
877643154454925312
877643340052701184
877643345291612161
877643362953592832
877643496018120705
877643507690852352
877643532349173761
877643563814838273
877643568503955456
877643669876031489
877643676242989057
877643726104838145
877643824293711873
877644007425196032
877644119312449536
877644202527432705
877644403304669184
877644451237244928
877644473135620096
877644526197760001
877644599337959425
877644693458231300
877644790724218880
877644988795953153
877645319516835840
877646110466097152
877646274207432710
877646386191147008
877646404524625920
877646525542936576
877646658342838272
877646770741706752
877646817357307904
877646979911663616
877647026233778177
877647058731249665
877647203120156673
877647419827146753
877647479222796289
877647581039480835
877647686132015108
877647735461220352
877647982111358976
877648034091249664
877648058892378112
877648230858739712
877648252945842178
877648445900804096
877648912479277056
877648927096438785
877649072420782080
877649109712121857
877649115861192704
877649374171582465
877649460657967105
877649711015931904
877650157327728640
877650474186358784
877650537587634177
877650650661703680
877650794077724672
877651155198681088
877651180519686144
877651525769744384
877651536310030336
877651991899521024
877652221424410624
877652256467935233
877652284687040512
877652447942127616
877652508394610688
877652510273658880
877652683804614656
877652745934819329
877653245807796225
877653619616690176
877653866510209024
877654307574874112
877654325614465024
877654350314840064
877654484372996100
877654711880613888
877654928985956353
877655065707909121
877655284231090180
877655345610596352
877655472035246080
877655737350189059
877655968703586304
877656231091085312
877656388297662465
877656658435907584
877656907393056769
877656936287682560
877657022551826432
877657201392799744
877657244761980928
877657699483353090
877658091063451648
877658402658430976
877658476402548737
877658537597444096
877658545277337600
877658834168410114
877658960148516865
877658971628335104
877659091320979456
877659345336532993
877659540291952641
877659552132599809
877659854499975168
877659923756179458
877660013027655680
877660028559163392
877660220616568832
877660235246088194
877660531804471296
877660558228684800
877661000060641284
877661093468012544
877661224422354944
877661543705567232
877661607714619392
877661648739225600
877661978440851461
877662313687293952
877662365537488897
877662604432474114
877663181505576960
877663182403141636
877663193522249733
877663262086758400
877663312200163328
877663317229273088
877663351983280128
877663510905401344
877663523588808704
877663962887671808
877664781414563841
877664947517489153
877665099107926016
877665141025906688
877665174609678336
877665226803613696
877665465165807616
877665682862813186
877665763108290565
877665780506251266
877665798273290246
877665900228464641
877666083272101892
877666116239282180
877666128163745796
877666138796240896
877666196866420736
877666223886041088
877666398218203136
877666515818090496
877666640707559424
877666652837597185
877666830080503808
877667067838611456
877667483297222656
877667506281992192
877667634011140096
877667682899959808
877667687224283136
877667710481690624
877667723693756418
877667740257071104
877668030725201920
877668186023481344
877668290134499328
877668327543451648
877668369528389633
877668400264294405
877668948740907008
877668969930477573
877669123492384768
877669212898164736
877670067575586820
877670199155150854
877670223909986306
877670253060399106
877670280453398530
877670513459564544
877670534242324480
877670833329754116
877670983620014080
877670996152643584
877671049047019520
877671076934946818
877671157889150976
877671234514948096
877671759297773568
877671785596104705
877671820169760768
877671829313343488
877671876612546560
877672002542350336
877672076324343808
877672086776549377
877672280901509120
877672370261172224
877672416457220098
877672444580044800
877672776634707969
877672951881060352
877672987033559040
877673173579440128
877673519877894144
877673534469918720
877673581668446209
877673618385371136
877673762900017152
877673771393585156
877673792725819392
877673902847266816
877674017955729408
877674115435450368
877674146557292544
877674307924758528
877674341747523584
877674388518207488
877674411117228032
877674428498403331
877674580457947136
877674617061736448
877674642168786944
877674643259351041
877674914077188096
877675237588033536
877675733006467073
877675754787569665
877675776925208576
877675860698046465
877675972912349184
877676125916459008
877676217297752065
877676335950376960
877676431513452544
877676788217896960
877677178418335744
