859198658310422528
859198958358409217
859198960237514752
859199033692356608
859199178114818048
859199427763986434
859199687223635968
859199746522722305
859200149544894464
859200342306811904
859200356030480388
859200459231420416
859200538339979264
859200681269489664
859200764274671616
859200792024297473
859201080244281344
859201436697194496
859201882618769408
859202113322307584
859202152165724160
859202378754600960
859202421213585408
859202746779672580
859202815876624385
859203351472484353
859203600727277570
859203849021771782
859203875395559424
859204201045516289
859204340606795776
859204632404520960
859204696145362945
859205283314315266
859205380047589376
859205382471811072
859205600114290692
859205642149662721
859206142328745984
859206186209615872
859206356120817664
859206588523057152
859206643606732801
859206839145254913
859206868652216321
859206920388976641
859207018690883584
859207020259553280
859207134386544640
859207190036480001
859207272685334528
859207331208458240
859207513530675200
859207570636124162
859207652974505985
859208261609938944
859208271068049408
859208291167219712
859208298972815360
859208306681933824
859208308644827136
859208591034724352
859208720001224704
859208953682702336
859209464792072192
859209590990360580
859210165073195009
859210169124868097
859210281561542656
859210340416057344
859210520171352069
859210654447566848
859210667982704640
859210674261643265
859210686051655680
859210991598419972
859211194409897984
859211243562950657
859211293949136896
859211326622773249
859211502502457344
859211632781778944
859211981114441728
859211985044611073
859212037070651393
859212038769434625
859212410112143360
859212429078736897
859212634528382980
859212918579220480
859213000527405056
859213027220094977
859213115996729346
859213413188292609
859213456465158146
859213475930886144
859213598043885574
859213881033576448
859213922775248896
859214349910642688
859214398510034944
859214825016184832
859214996949139456
859215428945670145
859215599486074880
859215637524209665
859215843145777152
859215935437254658
859215937282727937
859216130367528960
859216347238199296
859216393434275840
859216630886404098
859216800420122625
859216828958212096
859216853578780672
859216902610186241
859216989633511424
859217149688250368
859217289937289216
859217326633230336
859217443322986496
859217472318185472
859218255814287361
859218408818307073
859218444604100608
859218502623924224
859218683335516160
859218903754584065
859219384916639745
859219784319283202
859219819744423937
859219926422364160
859219993283764224
859220027454763010
859220109671452672
859220179259142145
859220443575844864
859220667480379397
859220717644255232
859220738770948096
859221055281475586
859221060746477568
859221082418688000
859221216548335616
859222077882150918
859222139198722048
859222146668777473
859222209407143936
859222224196296704
859222427225731072
859222499007102976
859222773520101376
859222888972529665
859222929267150849
859222984145461252
859223078387277827
859223084829638656
859223085773447170
859223271694364675
859223526846365697
859223725626990592
859223761538744320
859223765250699264
859223890022858754
859223900655415297
859223945018474497
859224129953828864
859224139642654720
859224142985515008
859224583324479488
859224684319133696
859224799402393606
859224831211876352
859224852204572672
859225009381879808
859225109814530048
859225123408236544
859225130261778432
859225140705538049
859225479857012737
859225517349908480
859225783608520704
859225814096859137
859226178661621761
859226511274110977
859226574293524480
859226595688673280
859226645596708864
859226667751010304
859226674117967875
859226845195231233
859227113064468480
859227129409667072
859227189610459136
859227290307182592
859227308325982208
859227351527415808
859227515931545601
859227739475365888
859228155969753088
859228290556604417
859228410262040576
859228421506904065
859228433867526145
859228872872775683
859229199625846784
859229317838123008
859229318920237060
859229365539930114
859229382367264768
859229495592574976
859229506854420480
859229745707237376
859229910812045313
859230008702840833
859230311049302016
859230357610278912
859230359598366720
859230881818587136
859230935191097344
859231100387721217
859231226665865217
859231242679590913
859231354776674304
859231369628708864
859231385156026368
859231451241435136
859231581193502722
859231694364311554
859231739411148801
859231798865403904
859231822797996034
859231956956991488
859231967736451073
859232060577394689
859232173022433281
859232223324766210
859232325065900033
859232375435390977
859232431752261632
859232500698288129
859232531975208962
859232804823072768
859233286924754945
859233496136548354
859233543142203392
859233768812539905
859233771400433666
859233790618734592
859233960563535872
859234163295215616
859234998754435073
859235348605521925
859235607494750208
859235639551823872
859236126556663810
859236321839239172
859236465351512066
859236572394389504
859236735590576129
859236925043077120
859237222838489088
859237503194222593
859237534970380288
859237551030358021
859237624267120640
859237643690938369
859237835479674880
859237847093698561
859237861773783040
859237869675794434
859238009547390981
859238136748146688
859238167765020673
859238276108091392
859238319150039042
859238601305055233
859238619998965760
859238633106288641
859239161890582528
859240023060873217
859241411304194049
859241452806819840
859241480426143744
859241484993925124
859241639730061313
859242661831626753
859242948357181440
859243254931492864
859243767278084101
859243784286195713
859243905828749313
859244104986898432
859244225124237312
859244249832984576
859244639731232768
859245056502497280
859245700839854080
859245756603133952
859245938770145280
859246179078594561
859246374084370432
859247063346892800
859247418918838273
859247494122930176
859247540675395584
859247814676762625
859247924961738752
859248138825195521
859248165047984132
859248251337404416
859248408971882496
859249012200931328
859249617187340289
859250771321335808
859251090268839937
859251315674841090
859251499326738432
859251734597816322
859252187620298753
859253802087706624
859254553849597952
859254841767600129
859254974974492672
859255372137209856
859255378126811136
859255627947888640
859255666623565824
859255722437169152
859255884521889792
859255892822425601
859256319559299072
859256321274765312
859256322394439680
859257025070542850
859257583986757633
859257965601271808
859258178088861697
859259542852554753
859260061616672769
859260549749714944
859260578061316096
859260586437357568
859260750296219648
859260934459666436
859261071982514176
859261497561800705
859261587479310336
859261628411412484
859261831487082496
859262347579412481
859263586069340161
859263641954209792
859263683750486016
859263819641651205
859264068150079490
859264706166632448
859264791734603776
859265333336698881
859265654217682945
859267027139166212
859267159754670080
859267166318866433
859267270115241984
859267401766064128
859267596478296064
859267723603456001
859268099798958080
859268927553142784
859270514589802496
859270832895471616
859272074858299392
859274570800484352
859274646159585280
859275264412590080
859276355430739968
859277439620567041
859277540766216193
859278158813646848
859278261444116480
859279661985132544
859280711085326336
859280798486319104
859280801405558784
859280835027103744
859280915289300993
859282235765264385
859282295630561281
859283115738583040
859283268469968896
859283650860462080
859283813171638277
859288130087727104
859291001772417025
859291877845106688
859294894308904960
859295151725752320
859298032549941248
859303087982477313
859303933562540032
859306902215372801
859312204289417216
859312790095507457
859313286625546240
859313602599235584
859313841527828480
859314151499452417
859315874616016896
859316119986987009
859316396450340865
859317949462712321
859318127326248962
859318369073246208
859318413080088576
859319202230005760
859319643495911424
859326024240312320
859326385164349440
859326674218962944
859326863155617792
859327169373360128
859327607040606208
859327927934226432
859328321162801152
859328715494502400
859329529449525248
859330474874998784
859331052451622914
859331189617942529
859331598885507072
859332096627748864
859335229894533121
859338301165187072
859339185496485888
859341789496565762
859341824753713153
859342808326565888
859343156453572608
859344218929725440
859344627278786560
859345218579124225
859345610788528128
859347017822334976
859347250488725505
859348397840625664
859351117855174661
859353831347556352
859353872095207425
859355669056696320
859356258767339520
859356527840440320
859356858577977344
859358055355621376
859358058111041537
859359112328617984
859360534617083904
859361424312815617
859361978502057984
859362394426019841
859362780100657152
859362916562329600
859364873154809857
859364873142247424
859364942063030272
859365743514836993
859366477996150785
859367637679255552
859367889882591232
859368006698381314
859368415584276482
859368550099808256
859368576884625412
859368590570598400
859369745426112512
859370015979646977
859370434923560961
859371400599142400
859372372582948865
859372703811293184
859373332218642432
859373451970301953
859374505713692673
859374951115223040
859375568575488000
859375682358353920
859375947946045440
859376024135585792
859376211755184128
859376562789122048
859376610054520833
859376733627330561
859376826736660480
859376842645676032
859377011755634689
859377013068517376
859377025311678465
859377097126445056
859377169423888384
859377234867609600
859377238696894464
859377348583575552
859377463087865857
859377580008407040
859377756185927682
859377761277825024
859377791372054529
859377960633090048
859378080678367232
859378151046119424
859378235779330048
859378590168829952
859378835342716928
859378839117541376
859378854586073092
859378867852775424
859379007405477888
859379159415619584
859379247386898432
859379493731012608
859379500852928512
859380468705308672
859380814785761281
859380962219741184
859382000712634373
859382071986356224
859382204866211840
859382615975092226
859382664238952448
859383195254624258
859383231195500545
859383545646653440
859384055049076737
859384481282752514
859384550866157569
859384884305047552
859384892592934912
859385320504164353
859385505099636736
859385702634717185
859386165421633537
859386687738261505
859386859532820480
859387275557445632
859387525504397312
859387847954100226
859388003051081734
859388038308343808
859389103422545921
859389226743451648
859389365885259778
859389758665093124
859390230008389632
859390725661839362
859390726416863233
859390741637992449
859390860709974016
859391171709284352
859391585116717057
859392043398950912
859392088965644289
859392739913367553
859392777741717504
859393204055023617
859393587527680000
859393927937437696
859394330221588480
859395503561166848
859395514080661505
859395709832921090
859395891584696321
859396221366149120
859396571078774786
859397059660664832
859397393867042816
859397405409767424
859397439417135104
859397539552010240
859397821530853376
859398545144729600
859398806965821441
859399185770192896
859399226039599108
859399328972115968
859399413512515585
859399500884045825
859399803079458817
859400021728530432
859400155837190146
859400747083018241
859400859851120640
859400982760914944
859401043674714112
859401110389391360
859401624573313024
859401701832495105
859401798016172036
859402054351155200
859402057660420096
859402142863564800
859402817337008129
859403046719303681
859403174972502017
859403482582982657
859403512756805633
859403514078015488
859403657980334081
859403862834282500
859404050562985984
859404099556704263
859404202656890880
859404292649701376
859404441870643202
859404483947708417
859404544719114240
859404586049822721
859404634691166208
859404911171313665
859405039940587521
859405370938281984
859406284008767490
859406488770670593
859406518080372738
859406585323499522
859407219015786499
859407231124746240
859407307515547650
859407334199762944
859407383277293569
859407671665053698
859408189741072388
859408631627952129
859409112685314048
859409201352896513
859410200675135488
859410510244175872
859410510978199552
859410514081927168
859410516124499969
859410596311298048
859410893431558144
859411335762911233
859411923326185473
859412051327954948
859412858043584512
859412868932005888
859412899151958017
859412983746887680
859413186692358144
859413596421275648
859413737522036736
859413918447546368
859413975049666562
859414183347093504
859414184865542144
859414215832088577
859414416995094530
859414424561618945
859414432648187904
859414654480773121
859414771359256577
859414865181626368
859415053279399936
859415187224485890
859415831398289409
859416035023343617
859416306822643712
859416311146926080
859416457263951872
859416673702510592
859417714951163904
859417715144085509
859417820525973505
859417832584511488
859418183580569600
859418323389435904
859418481909018625
859418527073226753
859418652331974656
859419147985330176
859419189014122500
859419212929957888
859419414990639104
859419522088022016
859419610545889282
859419792712884225
859420237157908486
859420252085604352
859420254866292737
859420369622585344
859421145388511239
859421213076140032
859421284429688833
859421390356787201
859421756515393536
859421865768398848
859422174490365952
859422230375170049
859422872334413824
859423071274508288
859423172403359745
859423195618623488
859423278380625920
859423327475126272
859423401521274880
859423514616635395
859423536707973120
859423652407681024
859423715238576128
859423939726106626
859424359387103232
859424382132908032
859424537674481664
859424651944001537
859424677336371204
859424709888417792
859425017263788032
859425209228574720
859425283623067649
859425575043248130
859425775233191936
859426086102462464
859426086408663040
859426225768550404
859426424444391428
859426731857334274
859427171080720385
859427484785418240
859427671201239044
859428158231072769
859428295317827584
859428439580921857
859429239271165952
859429522936135681
859429768990797824
859430079365074944
859430176953819136
859430230074605569
859430670757752832
859431229820735489
859431525779197952
859431718075367424
859431866671271936
859431971159629825
859431971411415040
859432203859533824
859432350320648192
859432802739253251
859432888474914816
859432897060777984
859432994263756801
859433104540405761
859433184827658242
859433242746916864
859433297990037504
859433931422261248
859433986438946817
859434537700347904
859434761592426496
859434952450076676
859435013917388800
859435017776365568
859435242049998849
859435292478119937
859435315601129472
859435467732811780
859435487198560256
859435490549870592
859435532476190721
859435535374327809
859435739578322946
859435793290547200
859435971011424256
859436030935609344
859436148233453568
859436164792688641
859436516858359810
859436607128166403
859436788250816514
859436887584514050
859436969956302848
859437215310630913
859437568110190593
859437570224259072
859437987221839873
859438192352571392
859438465024446468
859438770076045313
859439317634215942
859439347371831296
859439360449495040
859439523620671488
859439630554411009
859439958343528455
859440000055861250
859440022507974657
859440061577928704
859440089344159744
859440384908414977
859440564802080768
859440600151707648
859440627259453441
859440648436547584
859440696033497088
859440775557459970
859440884965924864
859441286788636672
859441565143642112
859441682957434881
859441884460187648
859442017994145793
859442093147783168
859442898483466240
859443095766749185
859443209461571584
859443262712623104
859443279426879488
859443321428725761
859443413007126529
859443462458003456
859443908669059072
859444061647798273
859444233132023813
859444265851793414
859444310877634560
859444381576835073
859444574258966533
859444577970868224
859444759663964160
859445285352861697
859445369159200768
859445405091864576
859445406673100800
859445522028941312
859445733082226690
859445868566532096
859446315431997450
859446568092618756
859446711948910593
859447019382816768
859447148395606016
859447242687688704
859447533365604354
859447753625260032
859447849221750785
859447879412396033
859447881731891200
859448107116974081
859448117120434176
859448157184438272
859448228881637376
859448449292541953
859448766574755841
859449544370769922
859449976845291520
859450328839733249
859450530975940609
859450559467835392
859450879493062656
859450928608546821
859451288173629443
859451305072447488
859451340979924992
859451373863219200
859451471984766977
859451538808332288
859452083883397121
859452104573935616
859452245481541632
859452250942566400
859452322723897345
859452366432722944
859452432354603008
859452715881181186
859452745237106690
859452897582612480
859453079674138625
859453094870093826
859453236163612672
859453251795599362
859453748137086976
859454087254999041
859454560116539392
859454668702978050
859454760457568257
859454787422760966
859454847635947520
859455226499047425
859455716007870464
859455812972027904
859455815228563457
859455945516228608
859456185677864960
859456244200779776
859456498182889474
859456513437569025
859456699719180289
859456977809702912
859457503922401280
859457518862557184
859457568376336386
859457825646534657
859457826741243904
859457862430490629
859457874266906628
859457992873213952
859458236428275713
859458273493135361
859458301498490880
859458364727853056
859458790642634754
859458819541409792
859458892362809344
859458986512396288
859459205811589120
859459454290468864
859459474905600001
859459755932356608
859460096182669313
859460207902117893
859460438890868736
859460551986073600
859461058095972352
859461114509262850
859461460627476481
859461660620320768
859462248376479744
859462258698711040
859462335546748928
859463021776834562
859463617212817408
859464321532928000
859464474851500032
859464515842437121
859464730531868673
859464822299148288
859464947503443968
859465162679562240
859465401792679937
859465545971879937
859465591853383680
859465728252153856
859465849115226112
859466004933595136
859466008909803520
859466115357061122
859466173620133888
859466184604999682
859466792678432769
859466903055683584
859467072853614592
859467227187351552
859467290278014977
859467395819327488
859467585812914176
859467797788807170
859467819141824512
859467835940233217
859467921696927744
859467971982487552
859468070275776512
859468339793362944
859468813775118337
859469174996905984
859469194655674368
859469292781412352
859469401489383424
859469420950958080
859469542959054849
859469569651605504
859469613108744193
859469826456252416
859469921822150656
859470709688610816
859470851724521473
859471150891634692
859471154528038917
859471225000775680
859471306961637381
859471619701579776
859472060183175171
859472227376537602
859472274025574405
859472358364651520
859472360596000769
859472371945660417
859472589877649408
859472915347243009
859473291789991936
859473391794999298
859473434685841408
859473699614994433
859474075097477120
859474078020907013
859475350719520769
859477071801831424
859477563114213377
859478214766362624
859478583139553280
859479313661534213
859479987195322368
859480860332085250
859481053009911808
859481055174287360
859481225639145472
859481332132524032
859481554824957952
859481835985883136
859481918299156480
859482074239074307
859482278694670337
859482679359684608
859482696334135296
859482722988896257
859482906418442241
859482948806090753
859483340818325504
859483372489515009
859483396258615298
859483505239224321
859483571433635843
859483618514620416
859483821690859520
859483916671090688
859483969280069633
859484258145927168
859484438622687232
859484660191154176
859484926512697346
859485283838042112
859485718703419392
859485828036173825
859486120307970048
859486185026195457
859486302261129216
859486380564590592
859486585267662850
859486688946642944
859486846614724609
859487244532449280
859487455883386880
859487660934545408
859487841998516225
859487913897320449
859487985393434624
859488001847689216
859488316097310720
859488574181441547
859489404456448001
859489490255196162
859489536287625218
859489618869313536
859489810552979456
859490122944966661
859490272605986816
859490354504097793
859490485190225921
859490916264013824
859490945078788098
859490983716823040
859490994227687424
859491097093038080
859491099953569792
859491211697991680
859491356980506629
859491398948503552
859491653588967425
859491660404805632
859491883504078853
859492047698440193
859492106687086592
859492278569762816
859492355602337793
859492445159084032
859492767919165443
859492895220432898
859492995363745792
859493145620434949
859493306668994560
859493502186639361
859494077158481920
859494283082117120
859494429731717120
859494538716430336
859494733793701893
859494953587679233
859495007337795585
859495641151672324
859495755161247746
859495861100978176
859496113337970689
859496169638154241
859496202018148353
859496206250147840
859496381723140096
859496403596398592
859496766412132352
859496781331275777
859497243010887681
859497629821972481
859497764077674496
859498003689873412
859498049952915457
859498308363984896
859498515709534209
859498772207984640
859498930962354176
859499243559567361
859499281434124288
859499537228066816
859499620422045696
859499700520706049
859499755378020352
859499820964339712
859499891285938176
859499908721557508
859500268752384010
859500273424896000
859500332522635264
859500369608663040
859500608667234305
859501521125429249
859501979688632322
859502209167310850
859502495239942145
859502753923596288
859502755626594304
859503138293903363
859503785353371655
859503791116177408
859503903142014979
859504011640176640
859504130741727234
859504235536203776
859504315995570176
859504475957899264
859504809275121664
859504840023699456
859504845358850049
859504869220208642
859505103262420994
859505107372838913
859505121583038465
859505288247861248
859505403964645382
859505649633415168
859505870916521984
859506091780165633
859506255727136769
859506593842552835
859506753683283969
859507059917717505
859507117857918982
859507129404858368
859507528954195969
859507611514875907
859507671497625600
859507740716269568
859507961667956737
859508140664123392
859508264517734403
859508586791272451
859508732572684290
859508878278631426
859509058969239555
859509229706776576
859509287592361984
859509329690591232
859509493557854211
859509540185935873
859509594300854279
859509810798239745
859510671674937345
859510871671939073
859511159845777409
859511184625618944
859511528810319874
859511769194270721
859511913839030273
859512123378073600
859512281088106496
859512808177676288
859512861479116801
859513155424268288
859513212076797953
859513352506163200
859513355257524226
859513658866626560
859513872650317825
859514048425144321
859514552526016514
859514735003357185
859514970165440514
859515003501764608
859515098284642304
859515098284642304
859515476782850049
859515478187945985
859515573587324933
859515624485261312
859515653262381057
859515682547019776
859516056355917825
859516137264041986
859516305866706945
859516664253165568
859516736638304256
859517138792579072
859517500874264576
859517780659404800
859518126421094401
859518397784219650
859518435763646466
859518680304111617
859518719546077186
859519272422436868
859519578803589121
859519642561376256
859519655450378241
859519832873508864
859520197262266368
859520786318667778
859520790139744256
859520789183434754
859521097586417664
859521337005658115
859521707866021889
859522077232996352
859522366052982786
859522500278984704
859522669540200449
859522985777971201
859523037472972807
859523198844493824
859523233523134469
859523325533446145
859523558720114691
859523623475859456
859523634750251009
859523707919904768
859524090557861888
859524105791516672
859524257306611712
859524260880031746
859524698484461572
859524774502035457
859525113020108800
859525261422755840
859525269018861569
859525352439259136
859525637534568449
859526139068502016
859526353321730048
859526740623929344
859527010057682950
859527324701790208
859527356318404610
859527850130649088
859527883785740288
859527948038283269
859528012215320576
859528232558899201
859528300091379712
859528461068763136
859528592702808064
859528930268635136
859528930268635136
859529159076442113
859529297970831360
859529491479240704
859529509644546048
859529878470774784
859530217332846596
859530574339481601
859530720343142404
859530723505704960
859530922768683008
859531226574716930
859531413376446466
859531509568548867
859531595136380928
859531688321441794
859531819380867073
859532157903089664
859532174617399296
859532363533086720
859532371888091137
859532492205895680
859532764793643008
859532893324021761
859532967412207617
859533105438355457
859533676907872256
859533715558596610
859533907640844288
859533975815155712
859534178899111936
859534273598169088
859534424999952385
859534513843695618
859534579899748353
859534951368323073
859534997409214465
859535168335491072
859535247326814208
859535326385250306
859535351106465793
859535511454535680
859535575346491392
859535635341824000
859535751024869376
859536088477691905
859536242773458944
859536315188203520
859536344607055873
859536561620131840
859536636899491840
859536889535238144
859537148931973120
859537270373851136
859537653112463360
859537814848983040
859538473182781440
859538617735270400
859538684676366337
859538939052478464
859539002768195584
859539071592521728
859539351616835585
859539688679460864
859539765049384960
859539868397043713
859540153198661632
859540389732253701
859540469579214848
859540708830654464
859540930973532160
859540973533188096
859541060921344000
859541248247508993
859541300298866688
859541306208550912
859541519430283265
859542094116945920
859542319640571904
859542345343049730
859542423072108544
859542621617758209
859542890351087616
859543036208009216
859543227287740416
859543257931436032
859543608768303104
859543887760818177
859543892097732608
859544163087523849
859544226517983233
859544313914695681
859544487969923072
859544544194461697
859544580081037313
859544597952942080
859544683650920448
859544908302086147
859544913163276291
859544969014648833
859545458062106625
859545596679553024
859545654514909186
859545808894656512
859545967229456385
859546155708973056
859547109745455105
859547131471953920
859547293950857216
859547357486174208
859547501845721088
859547552445759493
859547617482731521
859548121260589056
859548279910146048
859548426027110400
859548631308926977
859548670114619393
859548840369692672
859549133182562304
859549361944109057
859549389672431616
859549582199574528
859549632367665152
859549873548472320
859550154944335876
859550400793505794
859550430157828096
859550808551063552
859550863693578241
859550917556936704
859550951690063872
859550957423566848
859550964348444673
859551095684829184
859551460157247488
859551636791996417
859552000500957184
859552072282386433
859552180013064192
859552224724365312
859552509945421824
859552646583156736
859552839781171200
859552988158869505
859553056035360768
859553839418048512
859554069525954560
859555008173441024
859555129351131136
859555466766045184
859555575209893888
859555784690204672
859556373264191488
859556636372987904
859556819819278337
859557411287220225
859557413879390209
859557445785403392
859557638266400768
859557642909495296
859557769980129280
859557868244275200
859557920148787201
