954503741452898305
954503993803329542
954504129233260544
954504198908936192
954504455315230720
954504564023185411
954504814670606336
954504882593165312
954504922636185600
954504926306152448
954504928931860482
954504931595218944
954504934212370432
954504936867422208
954505090882330626
954505245140205569
954505363616825344
954505555653128192
954506062786433025
954506138766270464
954506881669779456
954507095524724736
954507167868096513
954507294506672129
954507578695913472
954507907332263936
954508381745811458
954508394030927873
954508740966756352
954508808025526272
954508842745892865
954508928011948033
954509090138411008
954509225304231937
954509253427040256
954509364613799936
954509779602419715
954510020225454081
954510412644540416
954510650621005825
954510696007413760
954510726068129792
954510753247191040
954510941818941440
954511706201341952
954511768293920769
954511932136017921
954511939173982208
954512200034549760
954512286063964166
954512350337527809
954512412522270721
954512503505080320
954512851233837061
954513111016464385
954513359029833728
954513422653231104
954513679206223874
954513864225325056
954514283710304256
954514316430053377
954514558546337793
954514701370777600
954514795339898880
954514830609801216
954514900361142272
954515101373091841
954515271439368197
954515274698502144
954515361260503040
954515469238751233
954515664995155969
954515891487760384
954515904154554369
954516006776352768
954516114394046464
954516136489562112
954516409970704384
954516483815694337
954516616234008576
954517060209459200
954517101225693184
954517194242699265
954517391743926272
954517566239764480
954517583889248256
954517610405814272
954517643331080192
954518286284283905
954518414587977728
954518493508001793
954518508343357440
954518527221706752
954518774929149952
954518809569673216
954519001392123905
954519348823117825
954519558429331461
954521122753712128
954521244279431168
954521595124551681
954521855007870977
954521945449615361
954522004857737216
954522130368159744
954522194570293248
954522212710649858
954522266603311104
954522296760315904
954522302238134272
954522773740818432
954522878480977920
954523090532397056
954524937334804480
954525036513251328
954525403548344320
954525536939847682
954525732021133314
954525739822604288
954525933066649601
954525982161100800
954526399716642820
954526445535137792
954526727988015104
954527056238432259
954527538662998016
954527736302854144
954527858306646018
954528040326967296
954528094668382213
954528154210701312
954528376840118274
954528571258822657
954528687487102976
954529157127507969
954529177935507457
954529245954564098
954529779260076033
954529792409440257
954529834406940673
954529839414947840
954529992892919808
954530490719113216
954530652338008065
954530904986279937
954531194187722753
954531378363797504
954531486023241728
954531498337677312
954531785999777792
954531851598749696
954532067332763648
954532074500669446
954532153899003904
954532183351242752
954532219418275847
954532385755889664
954532498662461445
954532619995303937
954532841592971264
954532955157946369
954533023457820672
954533564103778304
954533655782797312
954533664343261186
954533772644503553
954533901053059072
954533935370747904
954534088823668736
954534317266522112
954534465539395584
954534642756993025
954534708330803200
954534723056934912
954534913352568832
954535274880667649
954535319508004864
954535367205703680
954535436390748160
954535457542561795
954535499305246720
954535527407144960
954535554154139648
954536076512817152
954536244838584320
954536332851900417
954536567946858496
954536637526102016
954536941650882561
954537595895275520
954537695358799872
954538205780459520
954538413679669248
954538834556985344
954539080737374208
954539147108077568
954539401077551104
954539563657121792
954539819828416512
954539857065291776
954539971104399360
954540287141056514
954541291899105282
954541568723218434
954541958676013057
954541978032615425
954542028720934913
954542055388209152
954542704653987840
954542952503758848
954543037782413312
954543138596519936
954543378355671048
954543462128504834
954543586141458432
954543761060659200
954543997715918848
954544226141921280
954544918780882944
954545094757113856
954545201493704704
954545330200236032
954545335396917248
954545437528145920
954545753082474497
954545972478205952
954546106578472960
954546191911579649
954546485240258560
954546612671598592
954546612822450176
954546713716457475
954546755030396928
954546764144668672
954547002737594368
954547077312376832
954547307839664128
954547319583707136
954547322603663361
954547564317233152
954547622857060353
954547830554808320
954548152387940353
954548261230186497
954548434538811392
954548551161348098
954548596694835201
954548607872655360
954548932536946688
954549043992186880
954549241069875200
954549277501591553
954549346221068288
954549614744621056
954549891107360773
954550166295629824
954550320046247937
954550565714972673
954550621654470656
954550736519680001
954550830522421250
954550853003890688
954550890853273600
954550894141628416
954551014568484864
954551083350638592
954551176527253504
954551290062925824
954551348141445120
954551421206126592
954551625816842240
954551687456460800
954551975735123969
954552103917277187
954552189296537600
954552273602076672
954552529060290560
954552573100511232
954552698820530176
954552904010014720
954552906476335104
954553009731723264
954553106645307392
954553201272897536
954553301999202304
954553681151655936
954553738617860096
954554023692169216
954554186846392320
954554278139564033
954554294472069120
954554381579575296
954555267030573056
954556020617039873
954556092830363648
954556585111670784
954556683723952131
954556801936183297
954556835691974657
954556879686066177
954557546332852224
954557763950186497
954557813203795968
954557814164393985
954558026790432769
954558404143517696
954558485823393792
954558583076786176
954558837159333888
954559428589735936
954559768907141120
954559880756649984
954560260190228480
954560693382107142
954560787170906114
954560919501238272
954561211630223360
954561565314953216
954561961475346432
954561987190706176
954562027044958209
954562259149361152
954562363801456640
954562527958093824
954562744178610176
954562925397790721
954563213634560005
954563316747329536
954563322212384774
954563523941675008
954563777986547712
954563966885392384
954564250516811778
954564287007207424
954564390791143425
954564713580462080
954564756358287361
954565576940310528
954565652404195328
954565816137248774
954566080835604480
954566172816674816
954566278680850438
954566324537176064
954566363057737728
954566637121925121
954566640154406912
954566728834404352
954566744592568320
954566781150158849
954566998603849728
954567093512413184
954567276598059008
954567847950323712
954567907501068288
954567909375987713
954568250431541248
954568284296314880
954568412063256576
954568771544416256
954568875668115458
954568927933280256
954568971662934016
954568979787472901
954569021369745408
954569111576727553
954569412631285763
954569625051844608
954569637907386370
954569954443124737
954570094385954816
954570205367324672
954570512864301057
954570807824519168
954570881589825541
954571477625507840
954571479651364864
954571628691775488
954571723835355137
954571899174096897
954572092984487936
954572109040234497
954572529229692928
954572707215085568
954572968776126464
954573346791985152
954573969604120576
954574022951493632
954574090232369152
954574827821682688
954575270022995968
954575307519995910
954575370770112512
954575597921013760
954575686018072577
954575739319390208
954575822886711296
954576067225899008
954576323774689280
954576348605009920
954576435980709888
954576493916672000
954576754466873344
954576915511291904
954577273059004417
954577382903631878
954577577733230594
954577645248958464
954577702446665728
954577758428041216
954577957355511809
954578536668463104
954578575914688512
954578981705207808
954579040626708480
954579422354530304
954579576335884288
954579821350260736
954579885435052032
954580036631367681
954580141799329792
954580224557150208
954580327569207296
954580422238883840
954580622995050496
954580719380070401
954581076361596929
954581227390078976
954581736838529024
954582253727834112
954582304952934400
954582337857228801
954582409365860352
954582538219085824
954582584964669440
954582624420466688
954582902683074560
954583037018243072
954583717791633408
954583907722235905
954583969315528710
954584293006872576
954584683194601472
954584972744151041
954585026942898176
954585099294724097
954585234850361344
954585383483912192
954585526992101377
954585553168723968
954585577466335232
954585725508472832
954586204103741440
954586467547975680
954586541753552897
954587085347880961
954587163328417792
954587384355741696
954587699645595654
954587745606864897
954588167818174464
954588243730882560
954588399972831232
954588444688375808
954588864705974272
954589470753542144
954589852036681729
954589898383745024
954590226797793280
954590273853640704
954590296481894400
954590458423992320
954590498202759168
954590521443454976
954590541601177600
954590721184550913
954590808786731008
954591062265401344
954591428792979457
954592160317431808
954592475384983553
954592690859061248
954592750493515778
954592879145553920
954592972103995392
954593034657828864
954593041163177984
954593142577270784
954593227692302336
954594225710133249
954595478313713664
954595946767241216
954596040803528704
954596191819284480
954596384325427200
954596522770931712
954596628022743040
954597022832779264
954597030151839744
954597309949542400
954597842537951233
954598344537591808
954598655889199104
954598727607517184
954598728924573699
954598971963527170
954599176809086976
954599182131650560
954599261081096192
954599306899705856
954600443065217024
954600992258998272
954601173079732224
954601382459387905
954602104676605952
954602136511401985
954602396885413889
954602410747613186
954603359981441025
954603601187438592
954603988787359746
954604924536606720
954604944040046592
954608293447573505
954608530522218496
954612070447747072
954612945601925120
954614179796840448
954614437322862593
954614480482242560
954615079504433152
954616815119773696
954616894631198720
954617335297425408
954617693507694592
954617716568141824
954619828681302022
954619959639969793
954620062723264514
954620082394730496
954620579818147842
954620909997973504
954624342297665537
954624435201421312
954624720858730496
954625136476540928
954627807878852608
954628383517929473
954629810885623810
954631308562530304
954631895022698497
954635170350620673
954635776498765825
954637836979986432
954638646249914368
954639649430999040
954641223821742081
954641519188770823
954641858457686016
954642319789166592
954643349377560578
954644593118732288
954646097359769602
954646132436631553
954647008769343488
954648149917913088
954651116981145600
954651654292496385
954656728288768000
954657759152107523
954660925759414272
954660940762570752
954661261668732928
954661384570195968
954662627476688897
954662735668830208
954663742922543104
954665085909291008
954665501497544705
954665903941136384
954666018445537281
954666300243984385
954666799919869952
954667149863325696
954670331284934656
954670552312107008
954671654768185344
954672021908140032
954672974203899904
954673505529925634
954674027649519616
954674224324595713
954674268255739904
954674601405091840
954675386595577857
954676828702199808
954677487145046016
954678146867003392
954678543719583744
954679026857271297
954679128128618496
954679719529762816
954680692943634432
954681198885785601
954681422547161088
954681502729736192
954682357851807744
954684165861138433
954684168138452992
954684663381053440
954685309177999360
954686001632423936
954686042451447808
954686241496358913
954686391442534401
954686552734511105
954686849439723520
954687036434378752
954687427171508224
954687434259746820
954687601432256512
954687786858287104
954687889106927617
954688025346396160
954688700943863810
954689965446828032
954690296029368320
954691804242247680
954692108992045056
954692931906138113
954692998427590656
954692999643938816
954693382248521728
954694022785839104
954694886699057152
954695223908667393
954695522203422720
954695526427095040
954695899829039104
954696718024695808
954697142806999040
954697678864158721
954697937531088897
954698145824468993
954698199960178688
954698220940283904
954698246848425984
954698595835420672
954698640056111104
954699356095045632
954699595715522560
954699813085474821
954699928617484288
954700102580420611
954700103637282816
954700315651026944
954700418528915456
954700696577863680
954701056130408449
954701061721223168
954701314461614080
954701315417894912
954701386154786816
954701568749678592
954701825600442368
954702065468628992
954702069314699265
954702069759328256
954702358805663744
954702531170570240
954702558609670144
954702693662187521
954702747051462656
954702777392992257
954703758805688321
954703999088975872
954704533007093762
954704825400332288
954705065478098949
954705116568981505
954705435973517312
954706391494742016
954706472260292608
954706669640003590
954706916214796288
954707135929225217
954707297447612416
954707604915310592
954707625211412480
954707772028973056
954707848331714561
954707943236165632
954707975880486913
954708088744914945
954708148920770562
954708469654880258
954708561791275009
954708839101861888
954708956105998341
954709223996379137
954709439155761152
954710131643731968
954710178800205825
954710214544101376
954710673866543104
954710691633561600
954710982659633154
954711151937376256
954711184967643137
954711356825067521
954711678599475201
954712308999245825
954712527950303232
954712870943711232
954713099772354560
954713263039709185
954713724044103681
954713743258279936
954714372840017920
954715152733163520
954715311596539905
954715361097662464
954715584343826432
954715638655848448
954715787914178562
954715839298600960
954715962850402305
954715968638455808
954716444994007040
954716709751058434
954716801727913984
954716893574828034
954717129659600896
954717270386860032
954717430814781440
954717511890685954
954717680367538177
954717887905775617
954717894365106176
954717960660119552
954718372545122306
954718553042800640
954718669191483392
954719111753424896
954719777913737216
954720179660972033
954720281678954496
954720581005561856
954720616090873856
954720828792492032
954720884090200065
954720927807242241
954720964880642048
954721025727586305
954721305542168577
954721385049444352
954721552200806400
954721633712902145
954722045169979392
954722082432212992
954722154607759361
954722467473276928
954722687867383808
954722921230028800
954723028889423872
954723096740626432
954723358167457793
954723483149307909
954723647997992960
954723813199138816
954723961505492993
954723981617065985
954724212643651587
954724509856227328
954724521461846016
954724589283590144
954724681793265666
954725044198010880
954725138930561024
954725255620300801
954725545853452288
954725614388498432
954725781246181376
954725800183566337
954725853375672321
954725981364908033
954725987115241472
954726059831947264
954726260126629893
954726838206717953
954726883098230784
954727384074342401
954727484666384385
954728108539760640
954728170292424705
954728515924037632
954728585897676800
954728871760420867
954729168150831104
954729194876944384
954729277983002625
954729305963036672
954729643344629761
954729760193728512
954729770264285185
954729794754793474
954730152155668486
954730279851184130
954730450534232065
954730505911484423
954730520738451456
954730803052924928
954731460962889728
954731508425670656
954731703628681216
954731762986479617
954732451439546368
954732804209807362
954733403244462081
954733434492026880
954733897706713088
954734076447006720
954734423064199174
954734509240520704
954734804402098176
954734808730660864
954734951584452608
954735101526532096
954735451260227584
954735814931615745
954735844509720576
954735847617609729
954736150589202435
954736224148729857
954736243883085825
954736428172414976
954736448472838145
954736570971631616
954737214029815808
954737616745791489
954737630998130688
954737896774406150
954737905511157765
954738071563653120
954738143877586944
954738160810053632
954738180661694465
954738694690394112
954738728328626178
954738746083233793
954738912563552256
954738944410710016
954738963268427776
954739149226962944
954739163491782658
954739369683775488
954739440337014784
954739568124792832
954739648135299072
954739914490380290
954740084359815168
954740102017835009
954740262286237696
954740594940588033
954740688800927744
954740690650632192
954740796493783040
954740864689033218
954740964391731200
954741185066799104
954741377467801601
954741426830692354
954741887671394306
954741983100198913
954742040935501824
954742051681243136
954742074934530053
954742281638236160
954742524580630528
954742675227512833
954742698925150209
954742775613939714
954742886427275264
954743028832440321
954743539417665539
954743555062403072
954743734725472256
954743888035631105
954743921099378688
954744037159907328
954744286213484544
954744610869321728
954744604720488448
954744798249869312
954744995361316869
954745076596559872
954745208155049984
954745220171669505
954745328523206656
954745438191550464
954745683407441920
954745735899242497
954745871442305026
954746095631966208
954746183259426816
954746249386831872
954746305141723137
954746306840449026
954746319649886208
954746418329251840
954746840951422976
954746907527733248
954747142752497664
954747506906353665
954747678046466048
954747896598953984
954748026047946752
954748430173302785
954748530039472129
954748656237789184
954748749020049409
954748749884149766
954748930717310976
954749028633382914
954749650304675841
954749750682714112
954749792021860354
954749812661825539
954749831901335553
954749953099771905
954750074218795008
954750167223173120
954750199213318144
954750217982763008
954750438217277440
954750455283896322
954750763221311488
954751189064798209
954751458725060608
954751631375118338
954751672101883905
954752152987144193
954752199422291968
954752441395769350
954752626591137792
954752671864512512
954752783521124352
954753057753042945
954753078418436097
954753097485647872
954753164204478464
954753377438785536
954753666363346944
954753912233369600
954754139011108866
954754390107201536
954754513361035264
954754831532593159
954754912906342400
954754923291275264
954756048035942405
954756162376826882
954756176482357249
954756303942926336
954756384398114816
954756656700776450
954757003666165760
954757086432452608
954757117474426880
954757377563209733
954757393983983616
954757746448060417
954757838802505728
954757843370020864
954758142805635072
954758198371803136
954758669996085249
954759036439810049
954759039925153792
954759137451163648
954759586225049600
954759715166171141
954760036290646018
954760123574112257
954760197276254208
954760445998567425
954760564730974209
954760637711896577
954760669571764224
954760715994218496
954760812815564800
954760813352374272
954760928481959937
954761068806537217
954761091229331456
954761103614947329
954761188847562753
954761297635180546
954761391940034561
954761395739934720
954761462152597505
954761475842768896
954761506419367936
954761511423102976
954761629169868800
954761639726739456
954761761781149696
954761808946057216
954761811152310272
954762138098089986
954762372639526912
954762698268532737
954763090645659648
954763134622875648
954763295562514432
954763383710109697
954763437250400258
954764028416548866
954764105440620544
954764240111456256
954764390103953408
954764399381811200
954764587974393856
954764633855979520
954764677292154880
954765009271361536
954765176305205248
954765472158887936
954765520611561474
954765589544931328
954765680481652736
954765841064742913
954766054315712512
954766066114351109
954766812012412929
954767062165008389
954767110915416065
954767990595162112
954768143011995649
954768157515943936
954768357688930304
954768371081404416
954768447262593025
954768753325232128
954768867779383297
954768904915648512
954769024562417666
954769030769934336
954769275826397189
954769421553291265
954769424380145665
954769542428942336
954769962685681664
954770047343497216
954770112720130049
954770172450975744
954770245251723264
954770440525885440
954770443449372674
954770471081320448
954771072351645696
954771213775134720
954771373833912320
954771385229987841
954771454620524545
954771514741620736
954771628067577856
954771790118772736
954771957194641408
954772209070944256
954772688412684289
954772787536781313
954772909150605312
954773185823760396
954773384092684290
954773403017383936
954773459715985408
954773499037569024
954773569401126912
954773570978185216
954773861928787968
954774006904885249
954774068644995077
954774212685778944
954774292037885953
954774383452549120
954774512356257793
954775109675421696
954775542460551168
954775688405450754
954775901299933185
954775977363755008
954776584019472386
954776675740471297
954777136136708097
954777345633800193
954777425522692096
954777753278140416
954777890838712320
954777930453921794
954778236419895297
954778343672565760
954778369744424960
954779031655854080
954779681986822144
954779702987755520
954780004616982528
954780099617816576
954780184820895744
954780220057374720
954780252902961152
954780511532064768
954780752524267521
954780795826331649
954781293509795845
954781298085826560
954781977218924544
954782064309612544
954782226620862464
954782257566404608
954782328093532160
954782342765268994
954782375564775429
954782469148102656
954782748694237185
954782761390354432
954782846824140801
954782920509571072
954783193600876544
954783295958482944
954783497289216000
954783643708346370
954783833706000384
954784104024649728
954784198027456513
954784429989273600
954784732667170816
954785235375394816
954785447472803840
954785503349534720
954785664276553729
954785717967884288
954785843981574144
954785947316518912
954786014878302208
954786491036663808
954786773586075649
954786794071052288
954786935368798208
954787144249331712
954787272481759232
954787300008800256
954787404124172289
954787563138510848
954787563113345024
954787650787069958
954787750028423173
954788138576203778
954788145412718592
954788397666701312
954788567200489474
954788599693799424
954788629234311168
954788742153297921
954789032722157568
954789196803334144
954789811432325121
954790080010506240
954790305995378689
954790437163814913
954790456474431488
954790713304207361
954790987494313984
954791063285321729
954791094331592704
954791139634065408
954791266532782080
954791338574254080
954791557240180737
954791698873253888
954791919456018433
954792192907927554
954792888889696259
954793157962682368
954793801800806400
954793875171782656
954793959124975617
954794216378511362
954794352252825600
954794476991426560
954794713739137026
954794791501414400
954794801802743808
954795292318191616
954795342288924672
954795343744589827
954795493825052674
954795507435499520
954795508773535745
954795601882943489
954795636313899008
954796038665027584
954796268395597824
954796427594444801
954796481793454080
954796798572421122
954796883733565440
954797040717873152
954797127758102528
954797178052136961
954797507036549121
954797813170343941
954798138149220353
954798606002806784
954798702073384960
954798849746522113
954799055271587840
954799101857673217
954799115313041408
954799322243190784
954799514338185224
954799563256184832
954799571653160961
954799747533033473
954799887685529600
954799921302994946
954800123921526789
954800316888870913
954800614638346241
954800968411041793
954801254454226944
954801330819883010
954801494036963328
954801542577651712
954801573858754560
954801596147183616
954801942106124288
954802054454628353
954802112147357696
954802159459106816
954802219538436096
954802403236249600
954802646178820096
954802966992769029
954802983224643596
954803033551941632
954803180231110656
954803639767375872
954803716099538945
954804118312423425
954804327758970880
954804580453199872
954804605950492672
954804755695652867
954805566563594240
954805607483064320
954806193419005952
954806238868471808
954806516946751488
954806517382950913
954806759251677184
954806845956378626
954806863551451141
954807373402722305
954808016766996480
954808072387616768
954808138242371584
954808524877348864
954808555927998466
954808793086521344
954808924867264512
954809039791124480
954809126365917185
954809347699179520
954809798381527041
954809976584773632
954810011447853056
954810030389432320
954810049787985921
954810091047407617
954810244856729602
954810308752654337
954810518757302272
954810689767473153
954810765881544704
954810825017118720
954810894604783619
954811158346813440
954811262990401536
954811330711703552
954811803334316033
954811888700813312
954812042137034755
954812064848998400
954812139717439499
954812157836771329
954812302460465152
954812569658757121
954812686096678912
954812738643087360
954813055317172225
954813225752715264
954813246921351168
954813484516167681
954813504959074305
954813653114646528
954813797289676800
954814150487584768
954814722930483200
954814752714260486
954814839049695232
954814920280784896
954814979395457030
954815418014863363
954815862824996866
954816229318983680
954816326954086400
954816365017300994
954816478250876928
954816584358412288
954816759483203586
954817113469812737
954817162664800256
954817469796958208
954818034157400064
954818278970544128
954818462370721792
954818653224136704
954818956203839491
954818963430658048
954819267266011137
954819852149157888
954819858763538442
954819959691112451
954820016473600001
954820238700417029
954820259776614400
954820288465616896
954820347445919744
954820445370494976
954820755891597312
954820897210118144
954820914008526855
954821109743992833
954821124495376384
954821182972284928
954821333497430017
954821420407803909
954821442415288322
954821494965784576
954821597478752256
954821633964830720
954821637643362304
954821745256562692
954821887246454789
954821981647589378
954822024400130048
954822126598590465
954822180495417345
954822199336058880
954822204700614656
954822418668933123
954822467889123329
954822573782581248
954822819770138624
954822823134056448
954822911776382976
954822947537113088
954823078751633410
954823202223554566
954823251468935173
954823323447328768
954823485850755072
954823579698384896
954823724686962688
954823897144348674
954824080162742272
954824438767407105
954824611220176896
954824731668103169
954824784331902976
954824806179876864
954824808277082112
954824889482887168
954825143964110849
954825183126343680
954825257097056257
954825659485913089
954826053356224512
954826161397420034
954826194410770432
954826223842201602
954826438787477504
954826455720054786
954826564771991554
954826773707083776
954826908008697857
954827056713551874
954827082562965505
954827110107017217
954827124287811584
954827215065305093
954827421148213249
954827526483922944
954827696613347328
954827805287702528
954827857309655040
954827943510990849
954828177838346240
954828260222885888
954828454561828865
954828511574941696
954828512170426368
954828858129297409
954829212719837185
954829254461714433
954829429812887553
954829507399159809
954829520657317889
954829647258165248
954830261275058177
954830274449297408
954830485108248577
954830513637863424
954830696257859590
954831053193187328
954831137238585344
954831313030098944
954831610221944832
954831752601784320
954831845077716993
954832071716777984
954832098195472384
954832161290489856
954832211835994112
954832296032391168
954832663398907904
954832890067652609
954833368708820992
954833592303136768
954833618525982720
954833827351941120
954833888051949569
954833905370255360
954834144458133509
954834148375629824
954834483232034816
954834646323249153
954835275691249664
954835415323889664
954835574212497412
954835614939209729
954835645486260225
954835651693817857
954835767322431489
954835835437936640
954835913833578497
954836154360057856
954836193543258112
954836478177181696
954836926124773376
954837632030142464
954837706529439745
954837712741257216
954838024885547016
954838428650233856
954838726445817857
954839133712732160
954839249777504256
954839252503793664
954839447702573056
954839524739297280
954839538177896449
954839605169106944
954839685657903104
954839966332407808
954840108234166273
954840345518358528
954840365403705345
954840440716509185
954840700276928513
954840740508651521
954840823610388480
954841234249433088
954841813424091136
954842345664630784
954842347241648128
954842655866925062
954842752725942272
954843123187965952
954843657911316480
954843932399194113
954844234011602944
954844384687771649
954844426475487232
954844605589086208
954844641991512064
954844731036655617
954844755564924929
954845102106644486
954845182792380416
954845207111102467
954845501794418688
954845707562708992
954845802249277440
954845987687796736
954846376315293696
954846446687318016
954846603961098240
954847002302410752
954847435335110656
954847614872285184
954847656135806976
954847747034767363
954848136169697280
954848139713961984
954848153781420032
954848223528497152
954848229878845440
954848684016992256
954849135538171906
954849170661232640
954849235870068738
954849358117138432
954849553953337344
954850327571910656
954850690265837568
954851228235771904
954851406460092417
954851501708627974
954851666423001088
954851724530941953
954851838502883328
954852000293728256
954852045323997185
954852224353624064
954852310714380288
954852379547062272
954852629271711745
954852717251489793
954853248078438400
954853686416691200
954853926901297152
954853988956033025
954854062427697154
954854247903920129
954854273086578688
954854275850661889
954854323699290112
954854358595854337
954854585268604930
954854627438153728
954855029579624448
954855029818748928
954855129009795072
954855183179231232
954855429963681794
954855497844355073
954855623228903425
954855733643960321
954855788140515328
954855822126911489
954855950460051456
954856521153892352
954856764834570240
954856786900733952
954857126542929920
954857262992035845
954857789536514048
954857850844696576
954858169699848193
954858293268303874
954858471769325568
954858488760619009
954858585644773376
954859002495750145
954859057252323328
954859270637572096
954859499835228160
954859640927506442
954859754131738626
954859897459527681
954860023263514625
954860116624465920
954860287882072064
954860530795196416
954860547165577217
954860553087877120
954860726849560576
954860854570307584
954860925416243200
954860925957402625
954861036594696192
954861307307741184
954861415881433088
954861480356339717
954861543316971520
954861581736796160
954861948482580480
954862766157901825
954862924153217024
954862940833927168
954863341599571968
954863353737904129
954863575776055297
954863725550428160
954863783868092418
954864082405883904
954864106506403840
954864134352449536
954864343069478912
954864414548774912
954864462120570880
954864502012604422
954864873711824896
954864950568157186
954865016645345285
954865532141883392
954865575456657408
954865813101666310
954865819808354304
954865971021385728
954866035382943749
