985307040636657665
985307084320313344
985307203832827904
985307278663446528
985307704741781504
985307806692728833
985307816041897984
985308000473755648
985308241004548097
985308494030045185
985308549768081409
985308614108774403
985308787589328897
985308854463488000
985308900575629313
985308942262784000
985308953566433280
985309158638571520
985309204780126208
985309278281109504
985309558112337920
985309984610111488
985309998459899904
985310339171434496
985310415633764352
985310465772302336
985310579471650817
985310635436027904
985310970716319744
985311647093882880
985311888673247232
985312649582907392
985313824785010688
985313993161142274
985314014249893888
985314160014774272
985314177106374656
985314233696051200
985314526496247808
985314565297598464
985314800870789120
985314991740981248
985314992252743680
985315166635151360
985315205277274112
985315236822609921
985315443664674818
985315574812233728
985316232646856704
985316501552095234
985316691600080896
985317201539366912
985317353205493761
985317619472457729
985317695162904576
985317740536848384
985317785394991104
985317838377365504
985317888629399553
985318131878055943
985318466768064513
985318511047299073
985318623727276032
985318674155425793
985318701380571138
985318780724129792
985319217221308416
985319311182049280
985319729224146944
985319751600820224
985319937941098497
985320187351121920
985320221085810689
985320262357962753
985320846020378629
985320846020378629
985320948957106177
985320962127167488
985321289287168001
985321515842461696
985321636906848256
985321699640999939
985321973361315840
985321974053457921
985321979417911296
985322027786690560
985322190731120640
985322203410464768
985322351389827074
985322499528364033
985322774108561409
985322901963526145
985323284370804737
985323382555242497
985323480139882501
985323689796427777
985323838828351488
985323856226340864
985323980407148549
985324028964597760
985324038812721152
985324514086137856
985324528363597830
985324969319190529
985325062868746241
985325315466686466
985325710687563776
985325843638620161
985325995333910528
985326214012456960
985326298049466368
985326464638697473
985326499019546626
985326558394101761
985326768008712192
985327203780104193
985327239448465408
985327587525357568
985327610958893056
985327648938299392
985327801833283585
985327948130603009
985328048571584514
985328055810797568
985328132755308544
985328337508798466
985328434430791681
985328788832751617
985328981569306625
985329042856529920
985329114641989632
985329301938737153
985329363720851457
985329398596407296
985329399380750336
985329400374857729
985329401972887553
985329402790731776
985329403570860033
985329614720466949
985329791841787905
985329921567461376
985329996880318466
985330116678045696
985330183065554944
985330680484847616
985330826102607872
985330906507415553
985331280014381056
985331434758995969
985331526941528064
985331668373385216
985332102529998848
985332361578631168
985332511369846785
985332662897328131
985332809618378752
985332819772755968
985332836457701376
985332956045758465
985332967810662400
985333094830964736
985333096206798848
985333166318776321
985333341271543809
985333403103973376
985333561703256065
985333677356920832
985333678959202304
985333909968875521
985334245349625857
985334265641500672
985334289448419334
985334546446082048
985334583309885440
985334963133267968
985334966639833089
985335022650560513
985335067206615041
985335165009387520
985335165009387520
985335276011773952
985335352553590784
985335547253182464
985335592555892736
985335642807832576
985335646561755136
985335665196961792
985335723443326977
985336314852773888
985336583678283776
985336777052483586
985336891326238720
985337801309933568
985337860252426240
985337872214568961
985338521048281088
985339069759741952
985339227851411456
985339474925191168
985339707587530752
985340061846777856
985340686923902979
985340711062122496
985341108422094848
985341420608393216
985342008851156992
985342192393900032
985342293036142592
985342428524802048
985342493079298048
985342625116016640
985342632405725185
985342670221475840
985343108450746368
985343141065637888
985343643031670787
985343752817561600
985344075820883968
985344149661650946
985344338510139392
985344367253602305
985344409817542657
985344770049376256
985344856104095744
985345662035419137
985345837889982464
985346068626989057
985346158892601344
985346207391322113
985346307379384320
985346734078513152
985346800281378816
985347298552090625
985347461064593408
985347523769487360
985347899881123841
985348025932500992
985348784623255552
985349116946345985
985349126991704066
985349137041362944
985349179668140032
985349557633634306
985349681852100614
985349950899937280
985350119523586050
985350255368601600
985350531647406089
985350856869629952
985351065020387328
985351294985670657
985351757801906176
985351865595506689
985351951687626752
985352072458571777
985352508955676673
985352931653423104
985353310919118848
985353516872028160
985353764080095232
985354078678061057
985354263089111040
985354409663057920
985354440281554946
985354623824351235
985354928980938753
985355143339171840
985355647087718400
985355809365417984
985355963690508289
985356162043432960
985356224400166912
985356407053668352
985356579976310785
985356655272579074
985357129384103936
985357265749213185
985358088881496064
985358095906897921
985358464565370880
985358575743545344
985358576746102784
985359091462819840
985359411026759680
985360005955284993
985360010459873280
985360243952668672
985360320263794688
985360437855256576
985360521884000256
985360763027165185
985361104086994944
985361148357828608
985361845291765760
985361993992290306
985362051035029504
985362143540334593
985362560559013889
985362647217524737
985363049136738304
985363417090453504
985363761203625984
985364135021072384
985364847696150528
985364917191630849
985364988079607808
985365232628494336
985365434496159744
985365443337736193
985365499516194816
985365553459220483
985365651819778048
985365714289807360
985365726465798145
985365856766103552
985365877754421248
985366084038594563
985366862426001408
985367366380015616
985367376995766273
985368064198922241
985368294315184128
985368384224231424
985368590865006592
985368838245109760
985369008714248193
985371090645069825
985371149646417920
985371339237273600
985371463493578752
985371547333484544
985372125853880321
985372137765687297
985372363473735680
985372667405533184
985372674175176704
985372889426915328
985375882582876160
985375893102256128
985375995208269824
985376111675797504
985376260032487424
985376550550781952
985376656675262465
985378302746681345
985378497932812288
985378673690927104
985378796130979840
985379804861091840
985380499366424576
985380511035031552
985381163111014400
985382009689268224
985383357088493568
985384018895130625
985385554555604992
985387285515505664
985389172688121857
985390401069645824
985390882592616448
985391177691168769
985391624778801153
985392509835759617
985394335045898241
985394644690317314
985394722112811009
985395203501641728
985395766062657537
985396301247471616
985400895289651200
985401878182850560
985403395027755009
985403492843098113
985403680965963776
985404007337390081
985404073506680832
985404124845035520
985404761150078976
985404781643620352
985404895753732097
985405076448710656
985405136704016385
985405426056548353
985406298559844353
985406751322312705
985407145511407616
985407540853911552
985407561670291456
985409253111484416
985410061827788800
985410316652699649
985410735873413120
985414298641092608
985414641089204224
985415908020678657
985417922062544896
985418809979887616
985419231754964993
985419321190043648
985419728964472832
985419815962607617
985420091989876736
985421599288561665
985422622623174656
985423464919126016
985423918398926848
985423989475561472
985424979092213761
985425288564789248
985425655046295552
985426117040529408
985427220771606529
985428905204047872
985429809550516224
985430033669017601
985430108394737664
985430299642298368
985432072054497280
985445861676105728
985446776546234368
985447768129912832
985449730711982080
985454653318955008
985455190223544320
985456634062344192
985456638302842880
985456854674309120
985457589940051969
985458063200149505
985458581439787008
985459603117920256
985459835146825730
985460083373965312
985461163721830402
985461677943611394
985462332527652864
985462529353748480
985462529781530624
985462796350623745
985462881205571585
985463052786057216
985463788966203392
985465214157012992
985465404062666752
985466551758479361
985467635100942337
985468863780409344
985469993407139840
985470301986344960
985471142654808064
985471689516601345
985471728708194304
985472268397629440
985472329772826625
985472470860918784
985472797702008838
985472931194134529
985473194718056453
985473870252658688
985474283223814144
985475514684108800
985475630077829122
985476119917981696
985477035987472384
985477654471233537
985477769931968513
985478108886327296
985478244186148864
985478772890750977
985480771451449344
985482359981166593
985483071263838213
985483978671992837
985484783294779392
985484823685926912
985485120651046912
985485816318263298
985486046988328960
985486699458433024
985486863023554560
985487107186507778
985487154838044672
985487701821542400
985487777226670080
985488228781146112
985488407248826368
985488622412378112
985488676946767875
985488721641222144
985489414993227776
985489427366424576
985489427366424576
985489547705200640
985489547990466561
985489624163172352
985489624666537988
985489842392870914
985490172555833345
985490397659934721
985490424335777792
985490425623359488
985490518057496576
985490635900698624
985490846098182149
985491202098200577
985491545347510272
985491695251935234
985492155299975168
985492325777526784
985492639788216321
985493711885885440
985494458304086016
985494721610084353
985494892108541952
985495918228230144
985496491497107458
985496905013760006
985497056247734272
985497742360432642
985498154492747776
985498793968914432
985499126564405253
985499154326740992
985499325311717376
985499492068806657
985499548054446080
985499965786087424
985500989066305539
985501046985379840
985501139545227269
985501555658051585
985502348406673408
985503002814369798
985503145743847424
985503526926209025
985504216889331713
985504234379476993
985504281770917889
985504335869161472
985504456262471680
985504531520700416
985504533857128448
985504761955971072
985504881363619841
985504895766794241
985504896874110976
985505132161961984
985505320607694848
985505369588928512
985505403046977537
985505633079255052
985505698778824706
985505739979407360
985505740092620801
985505829452374017
985505829980794882
985506124714491904
985506156192976896
985506199016693761
985506255031562241
985506409017049088
985506419326599168
985506419519737857
985506518777913344
985506596372430848
985506881933209600
985507012560601094
985507026859016192
985507042361196546
985507045804687360
985507220287905793
985507469437775872
985507496084365313
985507510252535810
985507553344815110
985507927086764034
985508344751325184
985508354423443456
985508410090295301
985508623345438722
985509188280442881
985509400172429312
985509537590530048
985509680859492352
985510469984276481
985510508668309505
985511065302659072
985511264498651136
985511321218273281
985511697547956224
985511784185499649
985511813348560896
985512377335545861
985512529399967744
985512531069423618
985513117026308096
985513658330636288
985514440312393728
985514646386851840
985514800594784256
985515361226383360
985515364439265280
985515868292550656
985516097607815174
985516361651838976
985516932970569730
985517538372194310
985517700146434048
985517755112837120
985517928417128448
985518161352151040
985518356798287872
985518820977672193
985519024896401408
985519695498502144
985520456013959168
985520501975142402
985520719927873536
985520748159815680
985520842984640512
985520968868253696
985521195746553856
985521302978035713
985521457496297472
985521753106468864
985521788405927938
985521847524474880
985521881808711680
985521947332063239
985522193550528512
985522518701162497
985522522782187520
985522538007547904
985522552125534208
985522554428248064
985522619410677760
985522854153236480
985522910998794242
985523052069842944
985523089998954496
985523132260741121
985523132910874624
985523167211868161
985523270731481089
985523517411098624
985523643537965056
985523678162006019
985523688819904514
985523723821133824
985523776539410432
985524040256360448
985524070916620289
985524121923551232
985524283341500421
985524574229024769
985524918484918274
985525310505586688
985525316176236544
985525530383568897
985526056609132544
985526420473548800
985526538203516928
985526764708429824
985526886527795200
985526901145038850
985527109366972416
985527456516968448
985527820402249729
985527912702103552
985528041106542592
985528182265741312
985528308585689088
985528674177908736
985528863974412289
985529675232489472
985529752969797632
985529994528083968
985530142842871808
985530397856600070
985530631797997568
985530771854299136
985530809774850048
985530818809552896
985530942226862080
985531011093155840
985531019712450560
985531278786285568
985531400362381313
985531657141805056
985531833927561216
985532136844390400
985532185141706752
985532250501648384
985532296550854656
985532733823832064
985532877097000960
985533080197844994
985533195767762944
985533342106996742
985534790215577600
985534990967623682
985535593500303360
985536419572649984
985536700670717952
985536792739786753
985536951796281344
985537100232536066
985537144600059904
985537204888981504
985537388813447173
985538021364662272
985538394716626945
985538731926065153
985538769389432832
985538826218147841
985538839681712129
985538848171143169
985538883935858688
985539153638182912
985539360635273216
985539375877578753
985539388821000193
985539470425387008
985539482483998721
985539578344898562
985539592626589697
985539696708149250
985539767608606720
985539822822424578
985539838668673024
985539901440446464
985539944440414208
985540031338049536
985540130751504384
985540149072150528
985540287228329984
985540312985563137
985540323853131776
985540408347279361
985540523598295040
985540649989623809
985540687625011200
985540695095099393
985541007935721473
985541055499177985
985541068157415424
985541271719694336
985541300803002368
985541319790612481
985541666269347840
985541785987534849
985542323365990403
985542615964696578
985542788082089984
985542829421318144
985543436819410944
985543880039944198
985543963527536641
985544174903746561
985544275709644800
985544282848325632
985544565473017856
985544590374723586
985544856524206081
985545723029655553
985545761126518784
985545841619492864
985546052056035328
985546137481498625
985546395212890112
985546571101110274
985547089810677760
985547229946630145
985547423094394880
985547501020303361
985547824304619520
985547884857786368
985548206690971648
985548297602584577
985548638880522240
985548649982775297
985548770975690752
985548823932977152
985549073376841728
985549104972554240
985549572373139459
985549583081263108
985549688362487808
985549747044995072
985549896081203202
985549960220413953
985549965261987841
985550183319687168
985550207617306626
985550327226265601
985550334545289216
985550505467437056
985550758077784064
985550997610262528
985551102232805376
985551115600220161
985551175037710338
985551279933009921
985551293338017797
985551331527143425
985551406286409735
985551477941985287
985551745391656963
985551872294555648
985551915042967552
985551931220418561
985551996424998912
985552009272193025
985552189526441986
985552441600102401
985552661146755072
985552803513929728
985553437642362889
985553485906239489
985553507104251905
985554175764369409
985554187097444352
985554203769745409
985554217208295424
985554254747152384
985554888242421760
985555202236473344
985555279998869504
985555507632013312
985555549856108544
985555649403719680
985555788209971200
985555848209432576
985555867977244672
985555901028298752
985555945425133568
985555949409611776
985555982095921153
985556050605723650
985556126136598528
985556168855568384
985556208042913793
985556246811086850
985556275285995520
985556403669483520
985556457952129024
985556529913839616
985556578878349312
985556617365110785
985556627586609153
985556798991192069
985556814572982275
985556918264475648
985556919623475200
985556924585439232
985556928183939072
985556935134019584
985556942549549056
985557042021543936
985557110661533699
985557176876982272
985557183470415874
985557188730081280
985557242123575297
985557250218442752
985557266354098176
985557291553275904
985557420310020096
985557872313434114
985558119798530050
985558178652983297
985558204682776578
985558688684560384
985559020701343744
985559689621573632
985559769669885953
985559890369368066
985560117763559427
985560227041939458
985560398542680064
985560402053431298
985560522048397312
985560548568977408
985560898596167681
985561105073344512
985561345490866176
985561444044492802
985561717689212928
985561903450742785
985562082509774856
985562181411340288
985562188436901895
985562442204962817
985562587424227329
985562688095862784
985562767754080256
985562769985449985
985562772564992000
985562774997630976
985562777321291781
985562778764218368
985562780026712064
985562823681040384
985562846833643521
985563200732221440
985563317413597184
985563327135920128
985563337160298496
985563519511875586
985563579557580801
985563729273245696
985564065576742912
985564181318590464
985564597083148289
985564754105241601
985564929657901056
985565115830423553
985565167986585601
985565362103218177
985565657222844422
985565669856043009
985565751565307906
985565873128652801
985566002560884740
985566028074713090
985566139081097216
985566199625994242
985566269876383745
985566365900734469
985566509820010497
985566620956413955
985566654070484992
985566711243042816
985566775533342721
985566838254899202
985566974527799296
985567491144454144
985567497062666240
985567727904608257
985567832225218560
985568257418649600
985568515884240896
985568594766581760
985568710386683906
985568786379046914
985569080198549505
985569231994544128
985569428673875968
985569647109042176
985569753774243840
985569795973242882
985569878533988355
985569908867108864
985570174064525312
985570350460276736
985570357301141504
985570364020461568
985570805433024512
985570895623344128
985571561921921025
985571702112505857
985571841262661632
985571853581344768
985571998796533760
985572034909532161
985572161439051778
985572347724877824
985572361423421440
985572548300627968
985572662972952577
985572733001064448
985572754350006272
985572829507633152
985572833978867718
985572975385743362
985573007946108928
985573010802401288
985573011326517249
985573045195689986
985573123905867776
985573132072206337
985573140393746434
985573157812682752
985573162090926080
985573246354386944
985573247268761600
985573250938822656
985573281850953729
985573366416445441
985573502966116352
985573505969238016
985573544665870336
985573587888226304
985573593915457536
985573797016231937
985573799562104833
985573881913081857
985574001442340865
985574015887708160
985574045105180674
985574233572069376
985574378695020544
985574439109656577
985574491752423424
985574549889605632
985574666868805633
985574818274775041
985575070084018183
985575074873991169
985575180801073152
985575260778127366
985575377442627584
985575389606137861
985575556417773568
985575555780182016
985575666300211200
985576031800250376
985576225291808769
985576321656000515
985576986339827712
985577617754472448
985577730795343877
985577823657250816
985577844372799489
985578785671172103
985579069789163520
985579088587952128
985579125451710466
985579172620890112
985579334248402944
985579424056737792
985579481258749954
985579658484895744
985579713304330240
985579837241937920
985580329753808896
985580505365204997
985580636164542464
985580702249947139
985580885096452096
985581096581652482
985581431257817088
985581653715226626
985582054925586433
985582247679025153
985582549442420736
985583020022403074
985583077375315973
985583094676803584
985583158702854150
985583262184628224
985583444695674881
985584061585510400
985584230548713472
985584635408072704
985584727389241346
985584853583323136
985585044235399168
985585062195417088
985585317188132864
985585390013878273
985585391708397569
985585552480194560
985585578862366720
985585838875709440
985586120132984833
985586924378296322
985587617860325378
985587887340220417
985587989618352131
985588203984949248
985588296813285376
985588441936269314
985588701962080258
985589383804964865
985589540936142848
985589640395567104
985589725657382912
985589734306004992
985589794641268736
985589884575473664
985589976896122880
985589985720991744
985590200423276544
985590287480242176
985590299429715968
985590319382118400
985590399023497216
985590402911682560
985590484948025344
985590559220776960
985590665806581761
985590680025255936
985590850607632384
985590860791164928
985590936137863168
985591024775979009
985591235409858561
985591272562769920
985591272818688000
985591324194701312
985591339466227712
985591862592442370
985591902945861632
985592223893880833
985592796802355200
985593119604273152
985593935836823552
985593999367987200
985594057631191042
985594311906594816
985594735606796288
985595227707715584
985595267419340802
985595350324056064
985595454082568192
985596110633811968
985596458589196290
985596514293747712
985596653678809088
985596749074128896
985597319323275264
985597502928891905
985597516505866244
985597567558914048
985597672118784002
985597712807743489
985598561202171905
985598575261503488
985598594043600896
985598881944817665
985599027445227520
985599065172914176
985599121519267845
985599380961951744
985599492240982016
985599949575475200
985600060317732867
985600269756006400
985600396545503233
985600861631139843
985601095610269699
985601393108176897
985601602798178304
985601659433836545
985601697304195072
985602702561464320
985602852914712579
985602976822722561
985603146100731904
985603819252912128
985603987050237953
985604040485634050
985604288180350979
985604377888083969
985604469529415682
985604560843493381
985605443757232130
985605513588060160
985605647638069248
985605930690605057
985606530727849984
985606553700102144
985606635874930689
985606699636543488
985606735854436354
985606822965927936
985606893560360960
985606929845071872
985606951689244672
985606970358030337
985606991341961216
985606995280474113
985606997247578112
985607094425604098
985607110380503040
985607146397040641
985607152097050624
985607110380503040
985607269541806080
985607308075061248
985607336143175680
985607343399256064
985607416556404736
985607666541170690
985607674317426689
985607829020000256
985607844778119173
985607939942764545
985607949102989312
985607952223551488
985608033853063168
985608080275550208
985608281451188224
985608451375206407
985608840795316224
985609210070290438
985609761243660288
985609794013757440
985610223070179328
985610424186884097
985610507594928128
985610585617436672
985610798482501634
985611003852476418
985611092650012674
985611202041712646
985611368614252544
985612045331714054
985612217017032704
985612321677492224
985612694454751233
985612854136070152
985612977305989121
985613248077672450
985613266943606784
985613728086482944
985613829936566272
985613845371740160
985613857128316928
985614005774495749
985614013773045760
985614432226234369
985614544629362696
985614736078397440
985614976634286080
985615030866628613
985615377039273984
985616135398789120
985616154050867204
985616346632273920
985616642909659139
985616836527091712
985616924175454208
985617003300913153
985617736309981184
985617859840798720
985618049486278657
985618051314933762
985618141584740354
985618474558021632
985618542438637569
985618547731709952
985618593701400576
985618618602983424
985618672575238150
985618724018323458
985619137522266118
985619190139752449
985619410495967234
985619735739031555
985620209686982656
985620994629844992
985621309207048192
985621328731533312
985621527231156225
985621528506232838
985621674514108417
985621741304197120
985621813299380225
985621898745733120
985622001594355712
985622124550328320
985622381199876098
985622477895294978
985622555498344449
985623081392787456
985623100246110209
985623160249815041
985623345080266752
985623449363238913
985623641038532608
985623663629172736
985623701621100544
985623702288072704
985623788636143617
985623793186979840
985623802880016384
985623810991935494
985623847234932736
985623903878852608
985623993292963841
985623997785100289
985624004194058241
985624036544827394
985624074498928640
985624118644031489
985624168472264704
985624169265033216
985624199371919360
985624222897590272
985624302480486400
985624330057986049
985624333555941376
985624340677910528
985624530986119171
985624547922796549
985624790512812033
985624818438623238
985624843746885632
985625305183174657
985625348225122304
985625677092261893
985625731458887680
985626143985414145
985626787295236097
985627064865869824
985627115814080515
985627495251742720
985627712470634496
985627849586565120
985627933795586048
985628002389127168
985628151551275009
985628234631884800
985628335836286976
985628441377738753
985628474055495680
985628627101298688
985628695745282048
985628789924417537
985628943775449088
985629102509035520
985629128685633537
985629158050066434
985629364246151168
985629732476776451
985630012878540800
985630202901524480
985630279556616192
985630281376780288
985630368509276160
985630401166180355
985630428554985472
985630447572017152
985630695795122176
985630741487849472
985630798165499905
985630825931829248
985630834127523840
985630845800210432
985630925676523520
985631197928853506
985631486819930116
985631649189818372
985631798733438976
985632069421289473
985632233032527872
985632242457231361
985632594598473729
985632621140070406
985632661036089344
985633019854753798
985633031439421441
985633058656141312
985633079187464197
985633349338267651
985633486068469766
985633558013382656
985633869457080320
985633944749137922
985634303081177088
985634484350607360
985634698259988481
985635512722608128
985635714938429441
985635750254465025
985635816214073344
985635876058386432
985636097953759233
985636185832751105
985636334826962946
985637338507370499
985638006467055616
985638136347840512
985638387154550784
985639280436568064
985639397847719937
985639454667833345
985639482799087616
985639539610914816
985639740476149761
985640065866092544
985640117225361409
985640174221701120
985640231541137409
985640245260677120
985640338806263808
985640476844769281
985640491684376576
985640649260175361
985640871059222528
985640976642396160
985641122226737160
985641186311442433
985641255593013248
985641533390155777
985641539643813888
985641552687935488
985641723668979712
985642061956345857
985642103756804096
985642314650529793
985642327325671424
985642340533637125
985642354748133383
985642373882482688
985642509090086913
985642850523254785
985642861575229442
985643036939112448
985643152680849408
985643866358501383
985643877351731200
985643972113649665
985644088065183744
985644256537792512
985644487761375233
985644611468185600
985644821154091009
985645225048727552
985645254006190080
985645663181565956
985645767288393729
985646000596553729
985646017159815170
985646232008671232
985646309037064192
985646354805526529
985646463559589890
985646501731938304
985646935733358593
985647513117102084
985648025526833154
985648156992995328
985648703246610432
985648970490925063
985649071552516096
985649119074160641
985649389061500928
985649787147087872
985649858936582144
985649930273542144
985650081515831296
985650099559829504
985650898696392706
985650939255193600
985651215601160193
985651638168899585
985651672608260096
985651683014230016
985651795254013952
985651941089923072
985652059558039552
985652142181625857
985652300504092673
985652324751298562
985652680965140480
985652785877102593
985653040068915201
985653185942519808
985653193593016321
985653313155883009
985653728438030336
985653778761375746
985653785384177664
985654036736233472
985654174930096128
985654887194218496
985654955074772992
985655056795136007
985655212902965249
985655265944055808
985655543007272966
985655645922824192
985655729674649600
985655804148748291
985655837355069440
985655838655287302
985656047607144449
985656121863168002
985656380894994432
985656402331996160
985656725922443264
985656960853987328
985657132057063424
985657177321934848
985657516129488896
985657898842894337
985658123800268801
985658370798641152
985658389136138240
985658463249485824
985658546456006662
985658892699959296
985658984614031361
985659041283235841
985659128478666752
985659289866911744
985659297886547969
985659355180818432
985659360587255815
985659379306385414
985659488802869248
985659490652639232
985659583472513031
985659761692758016
985659908304658434
985659974796881921
985659976046792704
985659979939172356
985660253932048384
985660379874451458
985660701795635200
985660799875276800
985660810281259015
985660874504499200
985661620268384257
985661835377602560
985661912569524224
985662161006596102
985662282339405826
985662549864706048
985663007039647745
985663089281552385
985663144055001088
985663485857161217
985663920378646528
985663962095210496
985663969909075969
985664076947886080
985664098036830213
985664305893924864
985664399435321345
985664566007910400
985664761001017344
985664772346494976
985664842139828225
985664934871646208
985665033022722049
985665058230464514
985665082012192773
985665343560527874
985665424456126465
985665470144577536
985665476746465281
985665738651455488
985665841441198081
985665848835805184
985666081225363456
985666142965522432
985666175270096896
985666271592222721
985666300612620288
985666367616462849
985666573435359232
985666663092838400
985666664795648000
985666703475576832
985666772648058880
985666843233964032
985666860359221248
985666965334298624
985666970660962304
985667083039059968
985667188349722625
985667531884187648
985667545981218817
985667710888697857
985667817642119170
985667931584507910
985667954527424512
985668039323635712
985668159653974017
985668335047241728
985668419382071296
985668898631667713
