1005600496428580865
1005600596009811968
1005600713005813760
1005600795868434432
1005601026668408837
1005601145472081922
1005601159325929477
1005601415220228097
1005601458492968960
1005601649497444352
1005601691624988672
1005601692468088832
1005602524383072257
1005602528426364928
1005602598790090753
1005602606004269056
1005602767749177345
1005602984053690368
1005603408399695872
1005603756086628352
1005603847409229824
1005603851171500033
1005604128708587521
1005604223860367360
1005604549934100484
1005604750895800320
1005604774966947840
1005605061014089729
1005605074469605377
1005605146863153153
1005605494986289152
1005605566654369793
1005605627215958016
1005605757876883457
1005606068762923008
1005606074630586368
1005606109904695296
1005606159498272768
1005606188636139520
1005606197624483840
1005606230180683777
1005606290587095041
1005606305162301440
1005606316189024256
1005606432149032962
1005606482304557056
1005607150519848960
1005607319235891200
1005607447996878848
1005607551256485890
1005607769968402432
1005607825429680134
1005607959701880832
1005608023644102656
1005608039276261376
1005608042900094986
1005608246059692032
1005608364628480000
1005608467032432642
1005608623291150337
1005608647613927424
1005608684494282753
1005608727800635392
1005608760629395458
1005608922076598273
1005609145943445504
1005609481357615104
1005610419329921025
1005610499323686913
1005610530026000384
1005610607125688320
1005610740437344257
1005610765636853761
1005610895215595521
1005611057337909248
1005611114200162304
1005611276523823107
1005611345918808065
1005611511480573952
1005611652811710466
1005611748483723265
1005611824971157504
1005611827500343296
1005611860039688192
1005611876565348352
1005612078743343104
1005612097093427200
1005612220313718784
1005612409724309504
1005612531103264768
1005612559066652674
1005612647369330689
1005612663664185344
1005612753313325057
1005612831587233792
1005612936604323840
1005613129533919232
1005613142641012736
1005613212061126656
1005613393603125249
1005613465329778688
1005613537165742083
1005613577082769408
1005613639729020929
1005613675246510080
1005613761284263936
1005613799431458818
1005613998728011776
1005614061353095169
1005614423531089921
1005614425557041154
1005614677190238208
1005614747381723136
1005614849060212736
1005614870124023810
1005614915963400192
1005614965418594304
1005615053440212993
1005615302460297216
1005615309703741440
1005615471012601859
1005615823015333888
1005615899259342848
1005615950215999488
1005615998446329857
1005616008143523840
1005616387207958528
1005616437724147712
1005616441972936704
1005616562466783233
1005616900133486592
1005617032719630336
1005617251289100289
1005617267110023171
1005617305445961729
1005617349398073344
1005617496462888960
1005617596069183488
1005617607850983424
1005617620572393473
1005617672049086464
1005617803079180288
1005617804450631682
1005617812881203201
1005617856342646786
1005617879071457280
1005617947354763264
1005617976517824512
1005618372380422144
1005618791064064000
1005618935226658816
1005618989329014785
1005619065350774784
1005619177418346499
1005619251456200704
1005619399674482688
1005620434207899649
1005620729256259584
1005620794477641728
1005620969375977472
1005621017341919232
1005621040079409157
1005621267767099393
1005621392769941511
1005621422222344192
1005621595723980802
1005621891418247168
1005622018769915905
1005622115024932864
1005622297187713024
1005622334382923777
1005622376220983296
1005622664248086529
1005622718761447431
1005623051617095680
1005623093933625345
1005623130822447106
1005623131585830912
1005623132676329472
1005623138099630081
1005623407566901252
1005623805702819840
1005623904684199936
1005623950343221250
1005624241943928832
1005624381886910465
1005624397317722112
1005624415302881281
1005624446571274240
1005624608366751744
1005624803062112262
1005624884574158849
1005624944682774528
1005625559567753222
1005625886299869184
1005626309823918087
1005626436256845824
1005626511834038272
1005626613885689862
1005626637298356226
1005627035706904577
1005627037653127170
1005627234097475585
1005627474850533381
1005627529871478784
1005627589027942400
1005627700223053825
1005627829235699714
1005628118655209472
1005628565117915141
1005628732931862528
1005628803828379651
1005629014856425472
1005629041481867264
1005629165348052992
1005629259115876352
1005629393970987008
1005629396886212609
1005629758816882688
1005630136241319936
1005630391334645761
1005630416915779584
1005630517671231488
1005630559362547712
1005630574378278913
1005630644179865600
1005630717638905857
1005630829853396992
1005630899805814784
1005631374311809024
1005631400525959174
1005631431496949761
1005631609683443712
1005631718626390016
1005631779368300544
1005632188099055617
1005632194583433218
1005632328352321536
1005632624101117952
1005632728245719048
1005632899012579328
1005632962988335105
1005633390572384256
1005634866191347712
1005634915734577153
1005635099478462464
1005635110505472005
1005635195805069312
1005635522369290240
1005635635573612544
1005636164001435648
1005636444185092096
1005636646103080962
1005637286967554056
1005637418383544327
1005637513191546880
1005637806583005184
1005637958500802565
1005638058384023553
1005638305961177089
1005638355395084288
1005638987954958341
1005639108809646080
1005639442487443456
1005639662621413376
1005639673572741120
1005639696330788864
1005639724256514048
1005639773757870082
1005639808729968641
1005639831102328832
1005640262939316224
1005640294870736898
1005640295973703680
1005640355423948800
1005640523015774208
1005640579596869632
1005640627265077249
1005640688019615745
1005640764406292480
1005640993415286785
1005641180195897344
1005641208646029312
1005641270067376128
1005641484299890689
1005641544194457600
1005641989109571584
1005642010898960385
1005642136744792065
1005642527070937088
1005642562634506240
1005642858941046784
1005642865194790914
1005642963182112769
1005643226320171008
1005643289138167808
1005643577488216064
1005643674078806016
1005643736074936330
1005644202758299649
1005644444023083009
1005644503842107392
1005644640035524609
1005644877240168448
1005644962271285248
1005644997679513600
1005645001798320129
1005645208980111361
1005645441713786880
1005645666301775872
1005645846191525888
1005645921777078272
1005645946867286016
1005646062089056256
1005646199565770753
1005646272383070208
1005646368646582272
1005646441489059840
1005646507855540225
1005646695357648896
1005647038812434433
1005647220048310272
1005647242303299584
1005647330362707968
1005647337451085825
1005647433613889536
1005647836330053632
1005647859486679040
1005647995193446401
1005648212374573056
1005648624750129152
1005649219804250113
1005649718649741312
1005649754817286145
1005649936036323328
1005650087039721472
1005650319743901696
1005650326970437632
1005650511775850496
1005650895034617857
1005651463996039169
1005651507713331202
1005651605264494592
1005651912547491840
1005651978553356289
1005652010278899713
1005652197793644544
1005652235357859840
1005653467078291456
1005653702223519744
1005653729230585856
1005653767616942081
1005653933807808513
1005653988723679233
1005654515448799233
1005654942328246273
1005654988054581248
1005654994266320897
1005655498090336256
1005655805667012609
1005655930506301441
1005656107178602498
1005656251437600769
1005656280973889536
1005656345998184449
1005657102503772160
1005657700448063489
1005657970636713989
1005658907321102336
1005659172460007424
1005659206538670080
1005659242852995072
1005659255821742080
1005659278500233216
1005659315871670272
1005659336968953857
1005659355222601728
1005659372100440065
1005659806655492096
1005660086163902464
1005660357438922753
1005661242923548673
1005661470670106624
1005661556246392832
1005661630741372928
1005661932630806528
1005662023407947776
1005662083944472576
1005662341529128962
1005662376933326848
1005662376954417153
1005662637122781184
1005663391791435777
1005663417883955200
1005663790334074881
1005663864707481600
1005663901982363648
1005664021872369670
1005664029614968833
1005664138125893634
1005664202017726465
1005664335752904704
1005664375586291712
1005664671259615232
1005664723113840641
1005665058796388352
1005665681008930816
1005665726676570112
1005665751938883584
1005665780082634752
1005665822038056960
1005665874483785728
1005665949096148992
1005666126590664705
1005666547925430272
1005666621048999937
1005666773243396106
1005666994413240321
1005667156871217152
1005667247959040002
1005667578767953920
1005667656807174144
1005667923569016833
1005668123486273537
1005668560692236289
1005668664081833984
1005668793236979712
1005668981712343040
1005669083768086528
1005669092827725825
1005669106962575360
1005669131570614273
1005669404279963648
1005669418725265408
1005670145056899072
1005670229807108097
1005670395108786181
1005670874119368704
1005671161714302981
1005671277582077952
1005671415838904320
1005671778843267073
1005672505183531008
1005672570841165824
1005672833962467333
1005673362197270528
1005673424939896833
1005673560139059201
1005673760941314048
1005674028064018432
1005674612066119680
1005675175663173633
1005676863849672704
1005677685840990214
1005678322729316352
1005678510831267840
1005679256658202624
1005679319929286656
1005680004229935104
1005681497536417792
1005681644471291905
1005681922364895233
1005682556874969088
1005682945879732225
1005683515982319617
1005683643493371905
1005684052601573376
1005684100408242176
1005684477530697728
1005684493494124544
1005684616638935040
1005685321806303232
1005685577684013056
1005686593129197568
1005688045339840512
1005688047399301120
1005689216989351936
1005689392822931456
1005689459743121409
1005690259903078400
1005690483862130688
1005690752075264000
1005690978525687808
1005691323133911040
1005692446452408320
1005694171234099200
1005695610190815232
1005696856108593154
1005697478820290560
1005701127717965824
1005702579139952640
1005702823634276353
1005702936347971585
1005702996288626688
1005703102677188608
1005703372039708672
1005703815155339269
1005704235508555776
1005704706688212993
1005705980326264832
1005706506526961665
1005707444553646080
1005708733530497025
1005709811693088768
1005710663535202310
1005712896133926913
1005715389161136129
1005715575409012741
1005715638877241345
1005722717969158145
1005723024077807616
1005723959273275392
1005724034137579521
1005724549856579585
1005724620010340354
1005725925219151872
1005726912591945728
1005727174177980416
1005727275189506048
1005727416462045185
1005727718590337024
1005728048602402821
1005731226572001281
1005732337131442176
1005732528131661824
1005734960278458373
1005737494468485121
1005737636236013568
1005737897658642433
1005737952939474944
1005738497141903360
1005741128514199552
1005741568945541120
1005742109742256128
1005742184828751873
1005742722383310849
1005742742146834432
1005743444252413952
1005745347363246080
1005746040966873088
1005746606191333376
1005746777276887041
1005746836106305536
1005746898945404930
1005749549460344833
1005751155081826306
1005752378321244160
1005754216026173440
1005754394074386432
1005755291751759872
1005756323059961856
1005756406304329728
1005756970316521472
1005757251041353728
1005758476692459520
1005758651703943169
1005759431295029250
1005759735323332608
1005760118640668672
1005760125595013120
1005760712415858688
1005760750923714560
1005762059403976704
1005762844439109632
1005762943399677952
1005763106281279488
1005763140460662784
1005763808424611840
1005764014251675648
1005764081314246656
1005764451725869056
1005764768123236352
1005764883952963584
1005764900050882560
1005765219849625602
1005765396757188609
1005765720951619586
1005766148518862848
1005766148925767680
1005766439456817152
1005766767917043712
1005766767967272965
1005767071420911618
1005767159744786432
1005767598968070146
1005767649119203328
1005767653418385408
1005767911015788544
1005768140435968000
1005768171066937344
1005768242072129536
1005768257578532864
1005768466995953664
1005768707640000512
1005768968005537792
1005769593661612034
1005770693085204481
1005771047197708288
1005771551772377093
1005771933810610181
1005772219656499200
1005772471042273280
1005772681873158144
1005772793747734528
1005773237203161089
1005773248796037125
1005773409987497984
1005773732101566465
1005774136893816833
1005775302855942145
1005777038995750913
1005777089876750336
1005777306974146561
1005777957758078976
1005778486483709953
1005778707980660742
1005778739433754624
1005778781276078082
1005779359603535872
1005779921808084992
1005780505936064514
1005780528316940290
1005780910162268160
1005780982266454016
1005781240203612165
1005781386819751936
1005781515475865600
1005781679099740160
1005781696405557249
1005781947937886208
1005782012370841600
1005782369012518912
1005782481537257472
1005782730456621061
1005783374945046528
1005783712401952768
1005783807201546240
1005783813367066624
1005783848335167489
1005784222341259264
1005784282315546624
1005784470035877888
1005784997037527040
1005785198443810816
1005785606490918912
1005785843598913536
1005785854512680960
1005785882232668161
1005785916542103552
1005786093134884864
1005786093667508224
1005786234575187968
1005786261678796801
1005786334961647617
1005786335947325441
1005786340217110535
1005786360899256320
1005786421594951680
1005786429320908800
1005786496148955137
1005786586800410625
1005786595742498816
1005786602470244352
1005786614428098560
1005786967106351104
1005787239291420672
1005787453720936448
1005787477569916928
1005788109215322112
1005788155247759361
1005788220993482752
1005788304908963840
1005788356691873792
1005788520131244032
1005788563869519873
1005788651463348224
1005788884452757504
1005788975976640512
1005789365543587840
1005789550541762560
1005789583022403584
1005790259848851457
1005790595670052864
1005791603464663040
1005792364391100417
1005792520079659008
1005793002177081345
1005793081264832514
1005793401843929089
1005793564570411008
1005793566608617472
1005793943756435456
1005794103584575488
1005794771028336640
1005794892109533185
1005795212487282688
1005795461859405824
1005795465726701568
1005795528406392832
1005795532235857920
1005795565001740288
1005795702713257984
1005795916211785729
1005796797997035520
1005796919661219840
1005796972782145537
1005797272079122433
1005797329968828418
1005797558227296257
1005797825060528128
1005798050445582337
1005798103428067329
1005798118640713728
1005798364066340871
1005798424812367872
1005798939734528002
1005799015391248384
1005799280022441984
1005799988402839552
1005800065640882176
1005800283673382912
1005800570005753863
1005801701301817344
1005801727281455104
1005801746122330112
1005802122011729922
1005802172536193024
1005802192719183872
1005802841741520896
1005803567217668097
1005803584825331714
1005803617972994049
1005803796587397120
1005803830934552577
1005803846008881153
1005803850182230017
1005803851474264064
1005803949075546114
1005804016998047746
1005804095859355649
1005804165900013570
1005804192382910467
1005804194446524422
1005804196061302785
1005804266865319936
1005804272989061121
1005804273416851456
1005804343059099648
1005804355348410370
1005804364865257473
1005804374537322496
1005804384955973632
1005804450030735360
1005804544284979201
1005804604850876416
1005804636928798721
1005805361880805376
1005805410660634630
1005805507586781184
1005805576088145920
1005806141253746688
1005806265019326466
1005806347454242816
1005806514156777472
1005806563808997376
1005806629403746304
1005806677285842945
1005806948556726272
1005807022649020416
1005807179612540930
1005807259715297281
1005807291705290752
1005807330548645888
1005807457552273408
1005807621016883201
1005807830530584582
1005807904929255424
1005807924965453830
1005808066053525504
1005808629805731840
1005809003727933440
1005809153024102405
1005809211371122688
1005809228819283969
1005809867377004546
1005810094486032386
1005810419418652672
1005810431624171522
1005810445775753217
1005810562234757121
1005810787439562753
1005811016041746434
1005811103446773760
1005811650627342337
1005811844152512512
1005811890113556480
1005811904558845953
1005812371619811328
1005812762314932224
1005812762080051201
1005812767109107713
1005813437325369344
1005813824178487296
1005813877836312576
1005813879027519489
1005814307240767488
1005814312533884928
1005814505312608257
1005814656366268417
1005814778315591681
1005814891708604416
1005814913498009600
1005814915037138944
1005815129450016768
1005815146676137985
1005815204305829889
1005815315589095424
1005815385860595712
1005815693328244736
1005816665135898625
1005816688279982080
1005816744064282624
1005816841493733379
1005817323905679360
1005817333481377792
1005817348769579009
1005817359750369283
1005817370181619712
1005817443577712640
1005817444278120449
1005817460963074048
1005817482987409412
1005817551752921088
1005817702777217029
1005817708888428544
1005817823355170819
1005817883178471425
1005817947498172416
1005818057183453185
1005818125936463873
1005818412201926656
1005818814943170560
1005818859171901440
1005818894244773888
1005819162474754048
1005819330372698113
1005819402359631873
1005819425780625408
1005819623210508288
1005819728567267328
1005820167157354497
1005820275173330945
1005820301307858945
1005820348275683328
1005820370081984512
1005820395616980992
1005820602475671552
1005820638504706049
1005820653486739457
1005820697782861825
1005820731412733954
1005820767853056000
1005820856700940288
1005820863189475334
1005820865030701057
1005820869422112771
1005820877722644480
1005821050221809664
1005821104512892928
1005821142555295744
1005821148490182656
1005821212088553472
1005821253452787712
1005821327448498177
1005821414681731073
1005821424773169153
1005821436345192449
1005821440552136704
1005821443945349120
1005821457211932672
1005821552196120576
1005821567845085184
1005821569220820994
1005821573264109569
1005821598673391616
1005821622396190720
1005821674464391169
1005821685503856643
1005821728365465605
1005821908649172992
1005822011984285697
1005822108998492160
1005822172688986113
1005822434132549633
1005822598679269377
1005822767516864514
1005823000871043077
1005823101320482816
1005823150641250305
1005823360272601088
1005823510852325377
1005823612811644928
1005823854298746880
1005824337847308288
1005824531100028929
1005824592680771584
1005824639216414720
1005824726323867649
1005824811501793280
1005825008143355904
1005825056587558913
1005825210262663168
1005825235642224640
1005825244639191041
1005825365187719168
1005825626488442881
1005825645883088896
1005825698592952321
1005825705480015874
1005825798224449536
1005825827718811655
1005825939538837504
1005825976729853954
1005826000075227141
1005826075967008769
1005826264123478016
1005826402631864320
1005826472626544640
1005826480985669633
1005826572039933954
1005826595360264192
1005826663865901056
1005826796166754306
1005827076748742657
1005827280210485249
1005827293535784961
1005827394299727872
1005827414495301632
1005827471286120449
1005827651288862721
1005827870466498562
1005827906763927552
1005827937864683526
1005828096954544129
1005828339758784512
1005828359950041088
1005828771893653504
1005828774401724416
1005828824012029952
1005828843809267714
1005828924469923840
1005828961325277184
1005829092317356032
1005829099443679234
1005829447281463296
1005829562578690049
1005829617817513984
1005829675866886144
1005829725120540674
1005829745378881536
1005829781114548226
1005829852765843456
1005829903961468928
1005830052611645440
1005830179984429056
1005830265141223424
1005830316232204289
1005830323094151168
1005830365536227329
1005830478245646337
1005830878172413952
1005830895096430592
1005830906848956416
1005831033198120963
1005831033965760512
1005831138366062592
1005831228711493632
1005831355568152576
1005831397687287809
1005831503270567936
1005831700352561152
1005831753951350784
1005831966627774470
1005832387329253386
1005832515456851970
1005832751814193152
1005832837285711873
1005833131595911169
1005833188097355777
1005833336437313537
1005833518688194561
1005833584823947264
1005833808556457994
1005833887665283073
1005834090472398848
1005834241589088257
1005834294105923585
1005834316692230144
1005834670318260226
1005834856260161536
1005834970819162113
1005835406670270465
1005835573653721088
1005835695179620352
1005835718617325569
1005835783725568000
1005836212068896768
1005836221392834562
1005836294419832832
1005836547122450432
1005836562666532866
1005836627766214658
1005836844376961024
1005836889528598528
1005837071502671873
1005837169863188481
1005837262163202048
1005837389225340928
1005837547639934976
1005837573602848768
1005837582775676928
1005837623242514432
1005837681014726656
1005837689466191874
1005837705110929410
1005837754905722881
1005837797964431360
1005837797918367745
1005837798140596224
1005838005397909511
1005838063044472832
1005838086096343040
1005838104098295809
1005838105021112320
1005838147790336002
1005838156988592128
1005838177125273601
1005838266065551360
1005838271815999496
1005838417203261440
1005838437964845057
1005838456939896832
1005838648938549251
1005838655674466304
1005838716672323584
1005838762713083904
1005838780325138434
1005839187554197504
1005839189102026758
1005839230482825216
1005839242008940544
1005839268944666625
1005839308996202498
1005839504547037185
1005839518707081216
1005839593055322113
1005839719119441920
1005839774345654272
1005839795132817409
1005839795204091904
1005839827407958018
1005839986720198656
1005840440044736513
1005840499658362880
1005840636615020545
1005840903720796160
1005841051716907011
1005841094020681731
1005841259406258176
1005841450125479936
1005841774894444545
1005841842062151680
1005841985134125059
1005842205079162882
1005842267041599488
1005842285181800450
1005842291410341888
1005842326512717824
1005842360809545729
1005842467298537473
1005842500039380997
1005842546952757248
1005842679534583808
1005842940017758208
1005843084771553285
1005843897120063488
1005843955122966529
1005843999465361409
1005844117320896512
1005844235822788609
1005844291879604225
1005844381000069121
1005844734974287873
1005844735687348224
1005844766238666752
1005844785566019584
1005844834354171906
1005844849269059584
1005844960988598274
1005845181223112704
1005845441852952576
1005845992112033792
1005846236723859463
1005846436213415937
1005846438084055040
1005846642753441792
1005846707563913219
1005847008480055296
1005847386571370496
1005847437372686339
1005847526585405440
1005847662409732097
1005847689534328832
1005847767015673856
1005847812775522304
1005847905243156481
1005847964621922305
1005848127675355136
1005848201482645504
1005848210328440835
1005848370697703425
1005848387621740545
1005848555523895297
1005848934068183041
1005849003018326016
1005849153799376896
1005849190403067904
1005849242659893249
1005849424013156352
1005849527277031424
1005849891443236864
1005849930919968770
1005849957314781184
1005850067578875906
1005850097480011776
1005850153071403009
1005850162428817408
1005850276736139264
1005850330444324865
1005850460761227264
1005850529673744384
1005850532274229248
1005850534170030080
1005850800365625345
1005850862248267776
1005850911556751360
1005850999892926464
1005851080184430592
1005851174304735233
1005851189634916354
1005851195787882496
1005851261294563330
1005851678204223488
1005851792922554369
1005851869791604736
1005852078915366912
1005852693066342401
1005852735147823106
1005853002060779520
1005853328977416196
1005853472703463424
1005853505746333697
1005853520476508160
1005853539585830912
1005853627016273920
1005853633739677697
1005853798613635072
1005853840736845824
1005854173890523138
1005854274587385857
1005854341956333568
1005854396754739200
1005854398415638528
1005854473439338496
1005854490547933189
1005854490837172226
1005854692570730496
1005854775848472576
1005854779740971008
1005854816180924416
1005854817510567936
1005854843557371904
1005854872728506368
1005854910573711361
1005854924251521024
1005854953129349120
1005854985265950725
1005855001036533761
1005855008619839488
1005855106892353537
1005855150777425920
1005855293161472000
1005855429866369024
1005855437479030785
1005855505670070272
1005855629146087424
1005855661941542913
1005855783114891264
1005855787577561088
1005855802442182656
1005855873820909568
1005855917571637254
1005856063881703425
1005856179568939010
1005856206278221824
1005856240084250625
1005856364646760448
1005856621799469058
1005856661569966083
1005856735133827072
1005856747968516097
1005857078613688325
1005857111430041600
1005857294888947712
1005857329265274880
1005857340644421634
1005857410764890112
1005857699735601152
1005857909115445250
1005857999313829889
1005858045660946432
1005858139571478528
1005858139927973888
1005858147330871296
1005858165341278208
1005858326079594497
1005858359118123008
1005858369993957377
1005858472615989248
1005858574638239744
1005858788895645697
1005858959520161798
1005858992298561537
1005859257500229638
1005859265767239680
1005859386185658369
1005859481924833281
1005859720790528000
1005859817242517504
1005859838558076928
1005859923903692800
1005860008452501505
1005860162161270784
1005860274950242304
1005860294239838208
1005860318181027841
1005860487823675392
1005860710151270406
1005861479248289805
1005861645372084225
1005861670617518080
1005861688669888512
1005861983936303104
1005862028915798016
1005862144578084866
1005862514708578305
1005862674968797190
1005862832464957440
1005862987738034176
1005862990871085056
1005863006562062336
1005863112682233858
1005863412734222336
1005863435010297856
1005863585925361665
1005863596369301504
1005863598101581824
1005863656989609984
1005863860493017088
1005863896832466944
1005863922656792578
1005863939677327360
1005864164340981760
1005864539257049089
1005864662062260224
1005864789669761025
1005864880933691392
1005864955885867009
1005865044708679680
1005865297440575489
1005865458623344641
1005865663259217920
1005865692409810944
1005865726937370624
1005865796365668352
1005866070736064514
1005866084904394752
1005866159214858242
1005866325044912129
1005866342820573184
1005866354279419904
1005866363221692419
1005866663554797578
1005866689131622400
1005866733968621568
1005866740696350722
1005866766998831104
1005866872544391175
1005867339089371138
1005867487341182976
1005867491384492035
1005867624998277120
1005867712550236165
1005867737573396482
1005867793550643211
1005868158111178752
1005868294623068160
1005868338625564673
1005868647271845889
1005868860380188672
1005868915661197313
1005869004072898562
1005869163116679168
1005869208280936449
1005869243152269312
1005869249674428416
1005869259636035585
1005869358944587776
1005869410056376320
1005869449222737920
1005869449038082048
1005869490033364994
1005869524191760385
1005869550473302016
1005869573952942081
1005869609306742784
1005869617963646976
1005869649030991875
1005869822381559808
1005869879038111745
1005870001730056194
1005870179664842753
1005870216054632448
1005870283192983557
1005870292495994881
1005870455117377536
1005870624705785856
1005870672986411008
1005870682473947138
1005870687544840194
1005870854947950594
1005870920492306432
1005870935512100864
1005870991900336128
1005871010481164288
1005871256808222720
1005871308163305472
1005871347359047680
1005871368326537216
1005871512056991746
1005871516561563649
1005871517702352897
1005871555614683136
1005871558357762048
1005871623231197184
1005871677098455040
1005871796267020288
1005871903398072321
1005871909077217280
1005871969563078656
1005871985291771904
1005872096612900865
1005872103038464001
1005872156947992579
1005872175662809088
1005872181677416448
1005872185750294529
1005872201877409792
1005872328368984065
1005872382920273920
1005872405011546112
1005872439115460608
1005872528747913217
1005872565020078080
1005872570980159488
1005872620380872704
1005872838216179714
1005873128298418181
1005873366132318211
1005873368296574978
1005873474861232129
1005873480422731777
1005873609401778177
1005873615374569472
1005873766793138177
1005873875924680704
1005873883642257408
1005874260395479040
1005874369560809478
1005874423180808193
1005874493053718529
1005874553824956416
1005874644375752705
1005874651585826823
1005874720204615682
1005874930439712768
1005874938715222016
1005874956406874113
1005875043262316545
1005875190977449985
1005875300457164800
1005875306543108097
1005875384921931777
1005875782537711616
1005875855569117186
1005876137493483521
1005876140421074946
1005876217378156547
1005876805067247616
1005876869433102336
1005876871492505601
1005876908146548736
1005876943340888065
1005877118541197312
1005877190020526083
1005877239098019840
1005877426994536448
1005877454634876928
1005877858433200130
1005878175807754240
1005878207718088706
1005878415138975744
1005878635495116806
1005878670416842752
1005878941796560896
1005879244034101248
1005879268730130432
1005879560485863426
1005879569201520640
1005879599379591168
1005879632057585666
1005879763393765382
1005879795530518530
1005879969065635841
1005880160753717248
1005880321823293441
1005880473275412480
1005880604741816321
1005880979440001025
1005881185074065409
1005881350597967873
1005881604126986240
1005881631306145792
1005881907110907905
1005881936697593856
1005881946336002048
1005882102674546688
1005882282593476608
1005882499480764416
1005882567147466752
1005882839609544704
1005882899357286400
1005883447330697217
1005883591643971584
1005883866148757515
1005883972478369792
1005884144096645125
1005884186107043841
1005884380722671617
1005884559345553408
1005884604274880512
1005884670901477376
1005884734269001728
1005884763347902464
1005884819258081281
1005884938686738434
1005885069897158656
1005885589978320897
1005885852717895680
1005885865988673536
1005886148940582917
1005886195744862208
1005886348790812673
1005886493968265216
1005886761774534656
1005886902476726273
1005887057997295616
1005887085499305985
1005887103102849025
1005887186326183936
1005887348196851713
1005887508931141632
1005887617748164611
1005887744567140352
1005887926335688704
1005887945327480833
1005887976608432128
1005888073777995776
1005888084850937856
1005888113011494913
1005888201234370560
1005888276836675584
1005888619494731778
1005888715548315648
1005888716303413249
1005888802945056768
1005888816907866112
1005888981173616640
1005889065185505280
1005889073225953280
1005889132973961216
1005889167371350016
1005889174661050368
1005889203887116288
1005889221457055744
1005889252402421760
1005889364440711168
1005889412931076096
1005889413748887552
1005889469948424192
1005889550386790400
1005889552609759232
1005889557793894400
1005889639469572096
1005889685930070016
1005889702539419648
1005889707820175360
1005889716611440640
1005889727545761793
1005889729148039169
1005889738614566913
1005889744696328192
1005889799566155776
1005889846936825856
1005889865341259776
1005889905019498496
1005889917531062273
1005890065157971973
1005890107067588609
1005890284993957888
1005890526720217093
1005890719402340352
1005890847685201927
1005890869768187905
1005891033949876225
1005891431817359360
1005891516479438848
1005891528206606336
1005891729952788482
1005892005690392576
1005892354669268992
1005892356388900864
1005892394842144769
1005892410352787456
1005892672521818112
1005892678985420800
1005892810904485888
1005892879674494978
1005892908761919489
1005893015670525953
1005893022972719105
1005893187548991489
1005893533428051968
1005893704979185665
1005893839524155393
1005893878074011649
1005894062308806663
1005894321663631361
1005894322242416640
1005894353988939776
1005894615298379777
1005894626799124480
1005894822148833280
1005894880562896896
1005894898086825984
1005894931137695744
1005894946392506371
1005895047361859584
1005895065364025344
1005895500070080512
1005895605909118976
1005896009027907584
1005896027906494469
1005896083535515654
1005896212699058176
1005896233637031937
1005896341732626433
1005896585224572928
1005896744276758529
1005896814787088384
1005897066000740352
1005897290693926912
1005897310780485632
1005897677706530817
1005897725848760320
1005897913896243201
1005898259561439233
1005898264825262081
1005898306088767488
1005898328054353922
1005898412279992320
1005898535471124480
1005898620145668097
1005898695684980736
1005898732746039296
1005898777708912640
1005898778497384454
1005898918494957570
1005899142810488832
1005899251795222529
1005899425728696320
1005899447396720641
1005899639973818368
1005899642108809216
1005899981306384386
1005900320960987136
1005900355811598336
1005900380096507904
1005900581549084672
1005900716441985024
1005900886651146240
1005900910533447682
1005900948659564544
1005901055375413252
1005901252692205573
1005901500273577984
1005901830088482816
1005901912686977024
1005902117708546048
1005902578159374337
1005902671000285184
1005902769075773442
1005902788642009088
1005902806690086912
1005902867562156032
1005902967998824449
1005902970616270854
1005903034977640448
1005903524193099779
1005903550172598272
1005903879001821186
1005904121432563712
1005904192404217857
1005904213187031040
1005904229754474496
1005904241884446720
1005904815803813888
1005904840495542272
1005904870434590720
1005904906061049857
1005904909416501253
1005905142137401344
1005905200950009858
1005905326795735041
1005905346823639040
1005905372165570560
1005905418755956737
1005905431300997120
1005905442768326657
1005905598075101185
1005905753100595205
1005905807509094400
1005905810810171395
1005905897997176832
1005905923267653632
1005906057019838464
1005906094743408640
1005906183025147904
1005906238411104257
1005906263442505728
1005906321965608960
1005906357269159936
1005906406770429952
1005906457563488256
1005906457563488256
1005906462659338240
1005906516568764416
1005906573745483778
1005906588069179394
1005906618528104448
1005906622923853824
1005906627906568192
1005906655022702592
1005906689873367040
1005906787298697217
1005906862393315328
1005906874581970944
1005906978315669508
1005907000843046912
1005907047391494149
1005907143457935361
1005907223464333318
1005907255504629767
1005907261787656193
1005907304196128769
1005907486262493184
1005907745441120257
1005908165886730242
1005908192730210306
1005908192738541568
1005908201215127552
1005908294500790273
1005908350821982209
1005908372095406081
1005908459198480385
1005908625636851712
1005908861499387904
1005908918881513473
1005909071621447680
1005909124863930368
1005909636850028544
1005909674959482880
1005909734405394434
1005910083862257665
1005910288284168193
1005910619864723456
1005910636553953280
1005910655826681856
1005910725347430400
1005910736063877120
1005910887323009024
1005910902133198848
1005911166454059008
1005911197525401600
1005911281566666752
1005911289946955776
1005911308351361024
1005911387388948480
1005911499460825089
1005911568457101313
1005911572764676096
1005911640317947909
1005912005830733827
1005912016937250816
1005912303009755137
1005912633621532672
1005912651719987201
1005912656002338822
1005912752542699522
1005912898743558153
1005913126850715648
1005913161646706689
1005913178872705024
1005913231859339276
1005913232647782401
1005913233859973122
1005913401607049217
1005913411828568066
1005913440005734400
1005913537527640064
1005913728452321280
1005913823318904832
1005913943552950274
1005913952717557760
1005914119697063936
1005914181588185093
1005914232167305218
1005914460345720832
1005914614159282182
1005914630345011200
1005914708149440514
1005914841910054917
1005915232563154945
1005915250238132224
1005915378181115904
1005915406417170432
1005915732570443787
1005915966536966144
1005916075819757568
1005916227053727744
1005916395698380800
1005916682177560576
1005916723495620609
1005916749110435840
1005916768659836928
1005916768659836928
1005916888046718976
1005917836525568000
1005917839029604355
1005918113710395392
1005918288193441793
1005918568083533825
1005918689663864833
1005918838704271361
1005919106342834178
1005919282189029376
1005919485805678592
1005919524523298821
1005919566193668098
1005919943387426817
1005920229883441153
1005920447685414912
1005921000578375681
1005921139032449024
1005921280221171712
1005921333111336960
1005921491874009088
1005921633272586244
1005921675182067712
1005921810066690050
1005921893743022081
1005922142666489857
1005922212082274305
1005922281456062465
1005922371843305473
1005922402612768770
1005922517092007939
1005922743005609989
1005922760013512704
1005922775951859712
1005922865307271168
1005922967744864257
1005922989525913601
1005923086787493888
1005923166462439424
1005923208095305733
1005923328299806721
1005923546885832705
1005924141726302210
1005924158583255041
1005924427165519873
1005924712294354944
1005924900991881216
1005924992662421505
1005925074728374278
1005925087755816963
1005925109918412800
1005925140524224512
1005925354815582208
1005925552094679040
1005925723088056320
1005925733682876416
1005925830864842752
1005925861969858564
1005926030744408064
1005926149606838274
1005926371972014086
1005926511805960193
1005926529606602753
1005926677065551872
1005926811811893248
1005926894242582528
1005927059976261632
1005927407747059713
1005927491477823488
1005927784659783681
1005927810958012416
1005927931770646528
1005928066789437440
1005928236856020993
1005928302199148550
1005928426245709824
1005928479987290114
1005928483653025797
1005928498765221894
1005928610203668486
1005928818060726273
1005928849941716993
1005928874767802369
1005929064341954561
1005929562772000769
1005929799037210624
1005929884546260992
1005929906566500354
1005930071075577856
1005930169817882624
1005930384620650496
1005930685847097344
1005930991217709056
1005931265583931393
1005931337038123009
1005931499571408897
1005931981190856705
1005932180596404224
1005932302189260800
1005932493722214400
1005932560252329984
1005932761000095745
1005933071584186368
1005933139980668928
1005933449931304960
1005933586116161536
1005933589089828865
1005933676465549312
1005933736477806592
1005933776768327682
1005933788679979008
1005933850198003712
1005934103529582594
1005934157623635969
1005934377090584576
1005934440240074753
1005934496368267264
1005934560129974273
1005934601200701440
1005934613435383808
1005934671186841601
1005934705496092672
1005934840393424902
1005934929069445122
1005934957540372480
1005935225535455233
1005935260788494338
1005935336629899269
1005935381790052352
1005935873291005952
1005935882053062658
1005936177583656960
1005936214338252800
1005936666094243841
1005936719995301888
1005936736051040256
1005936768208850946
1005937239682150400
1005937524982931456
1005937849068335104
1005937898867298304
1005938001556492291
1005938305337208832
1005938554202025984
1005938619146756103
1005938733147967488
1005939429247258626
1005939595245056000
1005939683539472386
1005939810408726529
1005939939970895872
1005940370742697984
1005940447066316800
1005940538317697025
1005940575458209792
1005940926861148162
1005941064686014464
1005941468475940869
1005941686227357697
1005941814237564929
1005941946462793729
1005942091229192192
1005942092294737920
1005942135902867459
1005942386063790080
1005942623989723136
1005942884670017536
1005943085237440516
1005943124252913664
1005943448766242818
1005943453690277890
1005943704274665473
1005943727775416321
1005944131393335296
1005944266743566337
1005944340823330818
1005944459413131264
1005944573774966784
1005944653164707845
1005944658734694405
1005945154677583874
1005945643087679489
1005945662469562368
1005945773777965057
1005945783370371073
1005945798666932224
1005945832930185216
1005946333126123520
1005946387358474240
1005946430916382721
1005946445562875905
1005946522494783489
1005946613599277056
1005946682515886080
1005946715470467072
1005946757958766594
1005947004961349632
1005947061085376512
1005947101157707776
1005947151053152257
1005947163480920064
1005947378527080450
1005947427738869766
1005947481379823616
1005947715270987776
1005947719234523138
1005947827254636545
1005947866865721345
1005948023183237120
1005948123657752576
1005948136186175488
1005948261771956231
1005948369821425664
1005948429703569408
1005948510733242368
1005948590034862080
1005948602823397376
1005948704132562948
1005948909439442944
1005948940674584579
1005949034962530304
1005949196786995201
1005949236230475776
1005949284586582018
1005949326252695552
1005949769037082624
1005949785084432384
1005949792378236928
1005949839190851584
1005950023778041857
1005950104413536261
1005950108821696512
1005950139931004930
1005950177360871424
1005950196025581570
1005950206922379269
1005950313117908992
1005950327168913409
1005950421352046597
1005950466914582528
1005950652764360706
1005950669906464768
1005951313270591489
1005951468380270592
1005951578371776512
1005951607291416588
1005951815261749248
1005951863307501568
1005952112377958400
1005952344046088192
1005952398785822722
1005952484001472512
1005952596614447104
1005952669821775872
1005952708510019584
1005953038786400257
1005953159301386247
1005953301387644930
1005953345318768641
1005954077090635776
1005954094685511680
1005954238827122688
1005954431177973760
1005954548270358528
1005954569384484869
1005954654675656704
1005954867536498688
1005955102962868225
1005955498754084865
1005955633940746240
1005955778027630594
1005955993975451648
1005956087286296576
1005956353301491712
1005956395823398912
1005956524018192385
1005956611494510593
1005956872011165696
1005957481787482124
1005957582324944896
1005957645751148544
1005957887208968193
1005957960269467648
1005958126447874049
1005958169099751426
1005958218747609088
1005958263844818944
1005958356496941056
1005958887684694016
1005959018148491264
1005959040126423041
1005959150004785157
1005959166941454338
1005959473616310272
1005959491416977409
1005959508403900416
1005959525445271553
1005959622790918144
1005959813065576448
1005959841825710080
1005960009744834565
1005960127554510848
1005960138816188421
1005960157665341440
1005960614118854661
1005960834735058944
1005960940049829894
1005960942621020166
1005961213224849409
1005961227296825346
1005961278752546816
1005961393122807808
1005961458847535104
1005961530775625728
1005961706126929921
1005962100563369984
1005962682820956160
1005962785199722496
1005962798583762944
1005962815784587265
