901232804721303553
901233137790971904
901234403799650304
901235331445518337
901235868752642048
901236304628903936
901236682544095233
901237015576031232
901237172606513154
901237182924541953
901237270312882178
901237425556664321
901237480271302657
901237488471212032
901237492921372672
901237812334399490
901237988063137793
901238013933621248
901238045688705027
901238096502681600
901238130627538944
901238359917461505
901238373821677568
901238540184555522
901238734041034753
901238790488023040
901239105354424322
901239475262676992
901239918848094208
901240077157847041
901240321820020737
901240334319058945
901240504771391488
901240798481711105
901241005474709509
901241161272229892
901241261365092352
901241363521581056
901241768200556544
901242664988930048
901243526100520960
901243581201096706
901243688327811074
901243728953847809
901243757542113280
901243921694695425
901244519471075328
901245152353808388
901245306293153794
901245848994156545
901247687340765184
901248705231282176
901249016876478465
901249873160400898
901250335175475200
901251012723396615
901251806466068481
901252380666343424
901252916790644737
901253360673837058
901254230232715264
901255043806113793
901255375613251585
901255473952956416
901257122926788608
901257528100741122
901257546400497664
901258038497206272
901258066431279104
901258425581142016
901260174874300417
901260571135422464
901263359013769216
901263662429720576
901263762493198336
901264311984812032
901265708302159872
901266311321456641
901266794513616901
901267616848908289
901268674874617857
901271181352894464
901271664796852226
901271998189498369
901272022252224512
901272088119570433
901272925998809088
901274111405694978
901275121083707392
901275376600702976
901275726904799239
901275957641838592
901276228744826886
901276903604187136
901278506688155648
901278539340709889
901279954771599360
901280108354424832
901280150792306690
901280608252506112
901283599747559426
901286923125370882
901287944115376128
901289112178708480
901290603819958272
901290796003053568
901291683685576704
901291740044328960
901293414133751812
901294527004233728
901294942173224961
901297556453552128
901297934595227649
901298433948086272
901298720960131072
901300685563731971
901302305831702528
901304180983422977
901304943277166592
901304953830027264
901305032548769792
901305208839557121
901305923469283328
901306851450642432
901310036659646465
901310344416677888
901311657091182592
901315202108489728
901315405930692608
901315639637401600
901315686974226432
901317116577624064
901317375034830848
901318073919168512
901318639055458304
901318893788180481
901319401869324288
901319537257312256
901319543670353920
901319847807770624
901320076804190208
901320478815641600
901321575231770624
901322037255430144
901322331339010048
901322331938734080
901322436116967426
901322500386295808
901322744587063297
901323337145532420
901324433335386113
901324936261890048
901325440643731456
901325486604922880
901325604632444928
901325746240663552
901325825051635712
901326504755437569
901327585078120448
901327656372908032
901327840754495488
901328024066568194
901328276697882624
901328395673456641
901329285914427393
901329449353965568
901329611455426561
901330499012112384
901330708819476480
901330957206204416
901331461156081665
901331630673022976
901332753823789056
901332777483866112
901333392020701184
901333614767550465
901333811744698368
901334148593397760
901334252125605888
901334283490480129
901334923797295104
901335000028774400
901336227290505216
901336562818048000
901336927332429824
901337019854573568
901337247127154688
901338059760959488
901338240950685697
901338684552757248
901338986970533888
901338994738425856
901339025159704576
901339418254094336
901339515180199936
901339838326214657
901340016227602432
901340385494147072
901340545066389504
901340694727479296
901340974928080897
901341792771207168
901342563524907008
901343337684373504
901343449810685953
901343497151815682
901343748847742976
901344020928004097
901344046190297088
901344062539780096
901344169725243392
901344334808797184
901344358657654785
901344531827871745
901344579730808832
901345078651883520
901345219945181184
901345398094213120
901345605708120064
901345692572151808
901345749878833152
901345839167287296
901346113084674048
901346170542448642
901346492765679616
901346687452684288
901346745732534272
901347292426506240
901347528045715456
901347651781873664
901348082385858560
901348123406192640
901348204855390209
901348242809430017
901348499220037632
901348756142084096
901348747103358976
901348770054643712
901349122405478400
901349360398721024
901349361501831168
901351146262077440
901351784903565312
901352103645523968
901352204145242112
901352380842876928
901353021837324288
901353222048280577
901353280185528320
901353611422248961
901353614110846976
901353739184996353
901353912204177408
901353958748323840
901354020987654144
901354022753402880
901354074934824960
901354210607943680
901354242174267393
901354303088197632
901354355454083072
901355007831879680
901355420736004096
901355582820687873
901355646540558336
901355730770513920
901356615756132352
901356701647085569
901356823328022528
901357077079240704
901357229848358912
901357500787822592
901357587588947968
901357705834745856
901358011758858240
901358294333259778
901358360687202305
901358539310084099
901358736702226433
901358738745032704
901358780662919168
901359127955464192
901359200315617280
901359298143543296
901359496760610816
901359755892936704
901359951800651776
901360133288206336
901360375366549507
901360379472650240
901360678308544512
901361305965256709
901361534424592384
901362046926716930
901362857471856641
901363414064386049
901363862263533568
901363969419620353
901364272156078080
901364677371887616
901364690323820544
901364905772797952
901364993991614465
901365058357342208
901365168143310850
901365512621494272
901365555655057408
901365851374329856
901365870731173888
901365988133928960
901366005296967680
901366069637599233
901366274202230786
901366444155383808
901366698846150657
901366717749833728
901366755028807680
901367047313121280
901367156662837248
901367167672864768
901367167987404801
901367254675214336
901367333301747712
901367486645514240
901367706917761024
901367723795644416
901368009121566720
901368020819468288
901368025944928256
901368027001868288
901368311136604160
901368406179545088
901368459656867844
901368804462260224
901368822568976384
901368903120674818
901369032716189698
901369113511153664
901369282998792193
901369325784879104
901369420618108928
901369462061969408
901369697379155968
901370014250434560
901370135180709889
901370265526951936
901370329876049920
901370592003321856
901370647615590400
901370656046100480
901370883918508033
901371586615418881
901371806522671104
901371813980188672
901371946256007168
901372045291773953
901372045400965120
901372566887116800
901372977568243712
901372994433560577
901373000846630912
901373231730446336
901373271077249024
901373414136569856
901373467823681536
901373491785732096
901375084526481408
901375466732490752
901375523179216896
901375575092285441
901375595505954817
901376293387862017
901376319254126593
901376723597623296
901376808762974209
901376850563387392
901376892443480064
901376933136551937
901377124099137536
901377252071538689
901377360242634752
901377472230502400
901377497677385729
901377584486916096
901377623984680965
901377765177520129
901377803244982272
901377838070329344
901377907494445056
901378049962369024
901378431518158848
901378638016372736
901378651207368704
901378755691728896
901378791347441665
901378882808537088
901379189126955008
901379203005898753
901379323957051392
901379367170961408
901379399098007552
901379432228810753
901379440877481984
901379444094492672
901379663490109440
901379721119895553
901379894554370048
901380051400368128
901380121780682753
901380122334437376
901380317004664832
901380658618146816
901381029285572608
901381303404244992
901381365857472513
901381366075600896
901381393938296834
901381481985191936
901381591733329923
901381621194121216
901381810164256768
901381806141952000
901381853671829505
901381880532041728
901381938640031744
901382086971584513
901382209491390464
901382355608363008
901382418493517824
901382505277923328
901382538563735552
901382748560134144
901382820572090368
901382844605452289
901383038348800000
901383267164835840
901383283870662657
901383453995937792
901383496861614080
901383508102348800
901383688843386880
901383702428733442
901384055702401024
901384233838669824
901384363748753408
901384384938479616
901384460528209920
901384775822389249
901384781740597248
901384888494030848
901384906307194880
901384969699946496
901385141259567104
901385912231264259
901386005483147264
901386010835116032
901386011791441920
901386015692029952
901386031244685312
901386170348732416
901386335541501953
901386347566567425
901386450893197312
901386471537614850
901386539594387456
901386543675449345
901387034471923712
901387262956630016
901387558231453696
901387783624949760
901387947332714496
901387988508307457
901388071509393408
901388124475011072
901388235477323776
901388699094667264
901388839427727361
901389205724692480
901389294400655360
901389393063104512
901389394548056064
901389618259480576
901389827005976576
901389921390387201
901390189641310208
901390329311625216
901390434089533440
901390961200287744
901391059447623681
901391125088436224
901391711716470784
901391925697290240
901392357341495296
901392455542513664
901392775903621122
901393041629614080
901393281778679808
901393711870902272
901393977517244417
901394108777975808
901394245545635840
901394872510316544
901395200261730305
901395312241246208
901395366863667202
901396259759689731
901396371319771136
901396498130378752
901396616288055297
901396632352194561
901397154073198592
901397156417982464
901397242472517633
901397361842425856
901397577710669825
901398008364883969
901398421243908097
901398649657274369
901398911558062080
901399050490175489
901399264810717184
901399357488025600
901399698300424192
901399713051811840
901399767498072065
901399945672093696
901400009245167617
901400035526668288
901400059320971264
901400202044739584
901400494559686656
901400593041944577
901400634896920576
901400678249242624
901400722125852672
901400805244325889
901400887884644352
901400930356252674
901401159663063040
901401159826649089
901401162024443904
901401267817328641
901401478245560320
901401597611323393
901401678376775680
901401680239095808
901401771205156864
901401845637296128
901401933788925952
901402001120120833
901402167650734081
901402321896321024
901402334781210624
901402356675432448
901402551068876800
901402585273446400
901402602864291840
901402664809922561
901402987574296576
901403083573428225
901403100900196357
901403349576241152
901403759561125888
901404308947816448
901404326614183936
901404407983734785
901404476497702912
901404825623175169
901404893776424961
901405039750766593
901405386619723776
901405519390408704
901405657882144768
901405764379705344
901406458054668289
901407337193385984
901407355509846016
901407436325650432
901407690920005632
901407802173906945
901407833480101888
901408153576910849
901408309403676673
901408744772427778
901408996271280128
901409065942777856
901409197409128448
901409217260769280
901409266736738304
901409536988282880
901409636829605888
901409666839830530
901409704546643968
901409714591891456
901409779494662145
901409803528007680
901409811476172801
901410363274559489
901410957896945664
901411062163136513
901411310117801984
901411439583404033
901411594483224576
901411999929819138
901412341039980544
901412344173142017
901412348577157120
901412356634411008
901412593759387648
901412627607412737
901412807035559936
901412985268305920
901413169821880320
901413285316231168
901413328672706560
901413348516012032
901413748887474176
901413910124822528
901413973832216576
901414304091656192
901414560871190528
901414672066150405
901414853394526209
901414982818160640
901415051663376385
901415500642693120
901415529671479296
901415583052386304
901415639801147392
901415977606418432
901415984069836800
901416471523454976
901416475512197120
901416508320100353
901416640033804288
901417958542540800
901418390656610308
901418449787813888
901418618335965184
901419003230408704
901419163549409280
901419567704100870
901419730761863168
901419763162910720
901420021972443141
901420196736446467
901420269805461505
901420350675841025
901420396385357824
901420764888543232
901420815933030402
901420842323783680
901420981289238528
901421010137829380
901421023198826496
901421212156538880
901421308667453440
901421509335539713
901421641162424320
901421886009212928
901422253623181312
901422477879853062
901422651348045824
901422905787076608
901422999496273920
901423190135721985
901423327910273025
901423433057259521
901423455832330240
901423599650787329
901423674015789056
901424022537351168
901424027532574720
901424114761572352
901424384874876929
901424423319863296
901424501841420289
901424681236008960
901424988955299846
901425122078339073
901425633187778561
901426467598352384
901426481963950080
901426737636093953
901426814261882880
901426875192545280
901426905865433088
901426905865433088
901426985800433664
901427117757526016
901427252973502464
901427498302320640
901427537603174402
901427564971003906
901427621120143360
901427989849747456
901428007356780545
901428278120128512
901428483229966336
901428609839239171
901428653770362881
901428654273699840
901428705112854528
901428728856797184
901429136513781760
901429535132045312
901429995037478914
901430206153535489
901430439499399168
901430483690684417
901430612711669760
901430616046096384
901430677677191168
901430770417504256
901430844585369600
901430931520724992
901430956682248192
901431304801144834
901431561048002561
901431624956620801
901431650889936897
901431717755539456
901431727738015746
901431755806318592
901431761116299264
901431842611617792
901431872105971712
901431931040083968
901432458482249732
901433112110002176
901433114928574466
901433281022971904
901433393178697729
901433590298415105
901433950840778752
901434219141976068
901434466362683392
901434895616135172
901434909448962048
901435030161022976
901435149849645056
901435226211180544
901435378145656833
901435436979159040
901435501512622083
901435550758051840
901435606655524864
901435807336214528
901435809601028098
901435813115961344
901435848285138944
901435860167557120
901436572524007424
901437489453387776
901437527957143552
901437642344214528
901437861437861888
901438143995543552
901438186282516480
901438296320073728
901438323293659137
901438916011712513
901439013936091136
901439036723736576
901439380245667842
901439389884194817
901439945012789250
901440270973140995
901440402548568064
901440914719199233
901441073318207488
901441179497189376
901441273021825025
901441405545066496
901441446972194817
901441503112957954
901441777164570628
901442094652416001
901442112973144068
901442247308316673
901442432348409856
901442509586534400
901442857428553728
901442983073116160
901443085355364354
901443218524577792
901443263969800192
901443347985969152
901443431469387776
901443509521190914
901443558502256641
901443735019552768
901443856134230016
901444007984869378
901444476161462273
901444484780761088
901444644218826754
901444818643034113
901444930140344321
901444953292783616
901445011887325185
901445044841959424
901445145215868929
901445301504028673
901445380906287105
901445569532620800
901445612750741504
901445858637611010
901445964589912064
901446207670804485
901446236510846976
901446350130249728
901446441331195906
901446441738145792
901446539079450625
901446589981630464
901446844336795649
901446951681617923
901446959675957250
901446961710104576
901447244964134912
901447332004335617
901447455761457153
901447502368571392
901447542176722946
901447669222182912
901447830841196544
901448075054637057
901448690396794882
901448748651466752
901448843379830785
901448953048309760
901449035374112768
901449129351499776
901449382079455234
901449506264408064
901449618218786816
901449657322176513
901449730068287488
901449919789248514
901450114832752641
901450419158777860
901450537912193024
901450681609048064
901450747866468352
901451544909971456
901451760082046978
901452115721277440
901452173296488450
901452843386851329
901452953248120835
901453087872868352
901453136392593408
901453190146564096
901453316617629696
901453442736152576
901453776296361984
901453862808297473
901454049849036800
901454186411380740
901454414858383360
901454563550654464
901454819944275970
901455130016567297
901455131358748672
901455181073829888
901455461555343360
901455547966337024
901455654229028866
901455697875009537
901455706141884418
901455765671727104
901455897351901184
901456121814286336
901456137173782528
901456192886763521
901456308100005888
901456346687692800
901457356977995776
901457561634959360
901457715788214272
901458015370571776
901458172627562497
901458232983597057
901458356640108544
901458494972473344
901458546818129929
901458694851788802
901458856097742849
901458930144030720
901459003309522944
901459131374161920
901459285854625792
901459650863910914
901459755113340929
901460236585897984
901460245905539076
901460285021708288
901460336204820480
901460368798736386
901460374943395840
901460482292424704
901461090747514881
901461431706681344
901461498391912448
901461552150327297
901461801845620736
901461972805443585
901461993592414209
901462435592380416
901462597417021444
901463203430809600
901463566586458112
901463618184781824
901463629287051266
901464110973550593
901464474133168128
901464522057285632
901464527836991488
901464580672638976
901465126343200768
901465200372703233
901465366047621121
901465378689253376
901465424960860160
901465508826030081
901465516782628868
901465531823337472
901465716297277441
901465800363712512
901465856944766976
901465941380403200
901465946136735744
901465985462521856
901466021864902657
901466120456155136
901466168321552384
901466198327664640
901466227629051904
901466708506021888
901466767482122240
901466783986708480
901466873044365313
901467013884805124
901467153999826945
901467177534017537
901467434351288323
901467765885861890
901468148641222657
901468170577379328
901468248260128769
901468309220188161
901468450006106113
901468502749577216
901468583993245696
901468596282511360
901468959454752769
901469045312114689
901469179609583616
901469208676114432
901469226690543616
901469358467289089
901469782314233856
901469881488601089
901469979488530432
901470129501999104
901470325686190080
901470372356403200
901470494322561024
901470690347556865
901470935747899392
901471021919764482
901471034112700416
901471132255211522
901471443044663296
901471502897340416
901471511168593924
901471699098628097
901472290562592769
901472314675646467
901472389057433600
901472490223947777
901472561111810048
901472720638148609
901472778368552961
901472842684006401
901472912280088578
901472983784587264
901473063870615552
901473206468571136
901473231059791877
901473456570675201
901473642890100737
901473683830603777
901474045572546560
901474223100760065
901474339681382402
901474373596532737
901474612390879232
901474812740202497
901474991530811392
901475499049963520
901475525658587141
901475845105233920
901476162412720129
901476302481481728
901476412082839552
901476422610546688
901476482274480129
901476776370741248
901476986744446977
901477021951414275
901477314902593536
901477737025736704
901477754125901824
901477799256608768
901477811772416000
901478295056896000
901478424128126977
901478638524260353
901478731931320320
901478891566628865
901479020499488769
901479049402384385
901479303162023936
901479321885446149
901479380211421184
901479465607462913
901479729949057030
901479927014412288
901480042420731904
901480079997501441
901480187669483520
901480292841660416
901480331122966528
901480411766947841
901480439101239298
901480495803977728
901480811849027617
901480940945453056
901480965423464449
901481093605535745
901481492383191040
901481562054774784
901481782419349505
901481886454820864
901481913424261123
901481989093675009
901482043367968773
901482072740638720
901482166240108544
901482617924616193
901482872766427136
901483135455637505
901483733722828800
901483845714939904
901484040372572161
901484189186478080
901484234153627650
901484272032395269
901484391125405700
901484853333561344
901485009298653184
901485024435994625
901485171823828992
901485295585165317
901485344713060352
901485475189358594
901485599126933509
901485741062201344
901485937787510786
901485975288913922
901486131996483584
901486185129889793
901486773104242688
901486852275941376
901487216224083968
901487284926771202
901487446461788160
901487641484566529
901487651894833152
901487826449117184
901487904782000128
901487970284445696
901487978194849792
901488044385202177
901488147594452992
901488161263468544
901488464725757952
901488551984074752
901488646607556608
901488658313879553
901488668724080641
901488818926342144
901488926535372800
901488954775613440
901488976812535809
901489048350576642
901489153023627265
901489216953233408
901489298301755392
901489321810833409
901489346603360256
901489917112528896
901489969985880064
901490180997230592
901490185594175488
901490886789541888
901491255636570112
901491361471397890
901491671623495680
901491718545170432
901491758265241601
901491931984867329
901492019641634822
901492525604761600
901492722674094081
901493123121020929
901493690732089344
901493735971840001
901493923906035712
901494090042396676
901494185672544257
901494231352651777
901494292547588101
901494312130760704
901494586299887616
901494626456154112
901494689127321602
901494719393476608
901494722795065347
901494792001118208
901494988265193472
901495049401323520
901495162056187907
901495374921306114
901495451148587008
901495562255695872
901495771555651584
901496049533161473
901496113345253376
901496501821620224
901496548240052224
901496635536101377
901496713885532160
901496784706514944
901496916432875522
901497142212259840
901497351742926848
901497578726055938
901497586397401088
901497683575275520
901497810775937026
901497952623112192
901498287357919238
901498494434914304
901498690480873472
901498847679197185
901499134389227520
901499529282953217
901499620915912707
901499810309705728
901500025095761920
901500171422502912
901500196588335109
901500247981076481
901500322119659524
901500450125393920
901500508866785281
901500657751867392
901500872949198848
901501004021215233
901501110313259015
901501150293262340
901501340874158080
901501509703274497
901501516766478336
901501605266305024
901501633036734464
901501708240646148
901501772606427136
901501781586448384
901502087997140993
901502264396926977
901502279039188992
901502325776424960
901502341630763009
901502539392315394
901502846792806400
901503004649676801
901503055031668739
901503061067264000
901503287316291588
901503368656564226
901503877949911040
901503904453677056
901503941774462976
901504129981456387
901504669863858176
901504931680669696
901504989608247297
901505088535089152
901505188036587523
901505302738219009
901505476017491969
901505477942665221
901505572914298884
901505597065056256
901505811926659072
901505992848015364
901506352702509056
901506443668574209
901506524505362432
901506658630873088
901506672295915522
901506680298639362
901507032020385792
901507096134418432
901507106813222913
901507750005538816
901507788744032257
901507875880742917
901507921606922240
901508042549714944
901508162209144832
901508185542070273
901508191418187776
901508447597973506
901508478946222081
901508756420399104
901509570199212032
901509843093262336
901509956641402880
901510146114957312
901510570557550592
901510792494931969
901511285568937984
901511304556548097
901511684321357824
901511727485001730
901511930719997952
901512057455095808
901512070843248641
901512141307564032
901512167308103680
901512226317709317
901512258404188162
901512307230027776
901512328298024960
901512449547005952
901512601485660160
901512848920150017
901513013232095233
901513021146763265
901513332728922112
901513506037616640
901513727622746120
901514011665149952
901514130535960579
901514311079665665
901514340859133952
901514343740833792
901514403731955712
901514502763663360
901514591078928388
901514630304075777
901514650646347776
901514896436850689
901514905060290564
901514938027528193
901514939709390848
901514978188025857
901515603885862916
901515682550042626
901515861688799232
901516255890485249
901516262580387840
901516491480322048
901516505350844418
901516638150897666
901516837048987648
901517023867523074
901517106759520257
901517658587377664
901517724219789312
901517943460200448
901518093557669888
901518162117758980
901518165695496192
901518735294517252
901518925543989248
901518948381937667
901519317258444800
901519434115801088
901519807161544706
901519929249325057
901519936106967040
901520069963939843
901520298964643841
901520304765366272
901520599452975104
901520612946006016
901520952701456384
901521195148947456
901521366146527232
901521384106602498
901521439697891329
901521661220052992
901521731726323712
901521780136972288
901521993190825984
901521996051296256
901522508238794753
901522653323776000
901522798010482689
901523284545687553
901523382746968065
901523464976293889
901523577463341056
901523831831113728
901524241434238981
901524270244913153
901524291736522752
901524373470932996
901524377866514432
901524626764910592
901524683962634240
901524750589153284
901524834642952194
901524863311106048
901524898438316032
901524905187053568
901525167263928325
901525505517780992
901525585113079808
901525741288009729
901525766550302720
901526097204051976
901526158671568897
901526169107009541
901526515845935105
901526676202565632
901526837863624707
901526864933654536
901526910601179136
901526864933654536
901527189862187009
901527276340338691
901527352403951616
901527404593762305
901527416513974275
901527692260118529
901527696030801920
901527775600713728
901527870610296832
901527905955663874
901528116878876673
901528129725976576
901528290107826183
901528512980549633
901528627438813185
901528627677888517
901528642429255683
901529134991626242
901529316399484933
901529454014586880
901529679257100291
901529893405634562
901529965421842432
901529992886190080
901530102395228160
901530151632207873
901530304657182721
901530377327661057
901530971702472704
901531044716965891
901531179177922561
901531336904765440
901531334585327617
901531467624448000
901531474922438656
901531515682770944
901531925399187457
901531992457490432
901531999726432256
901532194333700097
901532294648823809
901532434734485504
901532454795841536
901532511624466433
901532570386608129
901532764234809344
901532916756471808
901532920216735749
901532956187144193
901532999191339008
901533003960242178
901533015326765056
901533236848979968
901533329354313728
901533391882944512
901533463072960512
901533592341417984
901533764551049224
901533820570173440
901533915474788353
901534032474886144
901534037247799296
901534080369655808
901534161839824896
901534200225988610
901534218416685056
901534277803933696
901534367457185794
901534398390185984
901534414596960256
901534446876229637
901534578644586496
901534608575090689
901534727634538496
901534777148309504
901534843795894272
901534848703225856
901534923542204416
901534939459588096
901534942299029504
901534963962695685
901534973626372096
901535482517098497
901535723303706625
901536123289251840
901536570196586496
901536647916945412
901536963026706432
901537024561336321
901537145667670017
901537643170844672
901537809781149698
901538154246582272
901538316503457792
901538518467575808
901538577477230592
901538646003785728
901538847036776449
901538862517846016
901539291754573825
901539303385436160
901539448206364672
901539642624835587
901539656717795332
901539672840695808
901539726565535744
901539995537854464
901540115478130688
901540217936654337
901540290791694337
901540372429582337
901540388019871744
901540473021632512
901540490583191554
901540500263579650
901540537181904896
901540618337439745
901540646271545344
901540660792131585
901540681818279942
901540836764155904
901540985292951552
901540997246717952
901541101177327616
901541185948438529
901541200502681600
901541237676802048
901541609514430464
901541866327486465
901542080912248832
901542398987317249
901542491752730626
901542534895333376
901542760498507782
901542789116182532
901543117723242496
901543176988708864
901543274267201540
901543340113637377
901543524793016320
901543607823462400
901543747179204612
901544061609398272
901544095365115904
901544101946040320
901544158070009857
901544276764569600
901544292459610112
901544328765550592
901544516490055682
901544643707510784
901544970649296896
901545087968137217
901545186857283588
901545480747986944
901545642941710337
901545995548360704
901546348188753920
901546514836836352
901546552988184576
901546607862317056
901546689806336000
901546748321116164
901546784878723079
901546898728906752
901547189985562624
901547594626805760
901547702844051457
901547749547683846
901547793369661440
901547993052184576
901548098903736320
901548518703325184
901548549707583489
901548610571120641
901548757157908480
901548760932769792
901548771192037377
901548774924967937
901549057486802945
901549196859330562
901549263842422784
901549325691572225
901549480482398209
901549565928763392
901549565928763392
901549574623563777
901549590498988032
901549702029725697
901549769776136192
901549795373920261
901549823358369792
901549928891248640
901549972021293056
901550252603428865
901550423013822464
901550650584162304
901550741445332994
901551695049756672
901551848502550528
901551916139913216
901552131899109376
901552169102569473
901552262224498689
901552744330174464
901553387317100544
901553506800324610
901553630121275396
901553640862871552
901553885474586624
901554030836625409
901554174839672832
901554240669310976
901554267282079744
901554471318245376
901554987230257152
901555025457012737
901555278784733185
901555319972777984
901555339920887808
901555388369317888
901555410301100032
901555501741346819
901555570943160321
901555626622562304
901555633228587008
901555796722503680
901555859725176834
901555969972416512
901556023235948544
901556189565251585
901556604834861056
901556620756385795
901556782245531648
901556994322161666
901557196902854657
901557299487092737
901557359893291008
901557396576796674
901557405280067584
901557652534292480
901557989202694144
901558172934172673
901558273299632128
901558392648593408
901558461451837441
901558625755377664
901558701584265217
901559375176900608
901559429883203584
901559469037039617
901559603225296896
901559887091597317
901559906943340544
901559968754679809
901559980809228293
901560142545768449
901560238989598720
901560451766640640
901560520578396160
901560547556065280
901560713948405762
901560780411285504
901561293559275521
901561403781386241
901561875783196674
901561926727192576
901562036475359232
901562057476243460
901562169313157120
901562171850723330
901562255766163457
901562426197520384
901562515313889280
901562518333779969
901562794474172416
901562827470753794
901562858336595969
901562865739603968
901562986229321728
901562993900650496
901563156643934209
901563228890828800
901563335191212032
901563569766092800
901563915892649984
901563959114903552
901564443846422533
901564618048507904
901564756070469636
901564804275613697
901564826769645573
901565042931511297
901565170975211520
901565289174900737
901565333009567744
901565613386203137
901565637927030790
901565698715136000
901566010754510848
901566055713308672
901566182779650048
901566336593219587
901566395351281664
901566636033019905
901566990069977088
901567017794367488
901567206366040064
901567394317045761
901567436029177856
901567673645109249
901567946211852288
901567978088615940
901568475264671744
901568615828389888
901568869265006592
901569406995705856
901569541297364997
901569595936563202
901569599887605760
901569915068534786
901569979727962112
901569983318290432
901569985155403780
901570050582343685
901570267075489793
901570356862910464
901570371115253762
901570538228899840
901570582612987906
901570699713814529
901570710988091392
901570868807127040
901571120251510784
901571178866847744
901571524242669568
901571814777909248
901572221856043009
901572306086088704
901572330245251072
901572481751932928
901572748316745728
901573013551898624
901573033701322752
901573226496741377
901573234885316608
901573543053238272
901573778286800896
901573876349620224
901573894833934336
901573926400163840
901574075608436737
901574264612061185
901574333025460224
901574403674267648
901574414747226112
901574827466792961
901575131532849152
901575339729723392
901576054086799360
901576073208528896
901576584490078209
901577316186423296
901577438454571008
901577717983928320
901577758282829824
901577926629613569
901577962285359104
901578000919093248
901578091818090497
901578132930658305
901578175934844930
901578579636609028
901578705801285632
901578882473742336
901579183452819457
901579245427810305
901579264566362113
901579271063437313
901579406979866624
901579472419348480
901579513741680641
901579604388978694
901580298034532353
901581005319962624
901581013264060417
901581036160786438
901581053328060416
901581158458302464
901581198211911680
901581229685972992
901581266969034753
901581351505285121
901581466655707141
901581496041041920
901581542824304641
901581594632347648
901581977316450304
901582026922496002
901582078080319488
901582095637774338
901582178705960965
901582297463484417
901582421346398208
901582532218679297
901582701009960963
901583203248558080
901583319791489025
901583674088583170
901583893920350209
901583909472874498
901583976720203776
901584090515873793
901584106940706816
901584257214242820
901584392056922112
901584424214687746
901584435618906112
901584445823705088
901584704801038336
901584746530164737
901584758186094593
901584962150858753
901585242540187648
901585254636498944
901585260424638464
901585525139759104
901585673270022144
901586068151128068
901586137243889664
901586268718555136
901586283251761152
901586286221414400
901586495374581760
901586624148066312
901587289947693057
901587436874162177
901588155165495296
901588553490161665
901588667105411075
901589066231230465
901589495027564544
901589522588295168
901589555186458624
901589663252656128
901589800754524160
901589821218578432
901589840462053376
901589981814247425
901590176698421248
901590201398636548
901590692622946304
901591691316129793
901592120192106497
901593315971399685
901594057721487361
901594173312307200
901594264123138052
901594368087379968
901594483204214790
901594616503439360
901594922725380096
901594970481623041
