862095490162335745
862095861186260992
862096163444588547
862096377777618944
862096514109321216
862096709261852672
862096850127605761
862096927780995072
862097100296904704
862097201291460608
862097318962753541
862097474634252289
862097508675268608
862097576216186880
862098444034469888
862098756245770240
862099018888998912
862100204702638080
862102690100334592
862104445336858624
862112234822131712
862112710665936896
862116955498491904
862119600506449920
862121150884847616
862122341878427648
862123470435614720
862126118941466625
862126215615967232
862126388861689856
862128070639194113
862129369078128642
862129693327339520
862151426100908032
862151938481246208
862152233332465665
862154995780780032
862155023513378816
862155087258546176
862155580152176644
862155853692100608
862155987607736320
862156306182004736
862156907775184896
862160080275427328
862160450238205952
862161641449951236
862165529724948480
862165595223097344
862165746134265857
862165854515077120
862166065283043328
862166158480461824
862169286827180033
862169403344863236
862169960151486464
862170177059909632
862170552542343168
862172719701471233
862172801805025280
862173044726484992
862173104822472705
862174083009662976
862174229659308032
862174572518543360
862175078729093120
862176126600335360
862176417639018496
862176685868949504
862176760447762436
862177045916377088
862177675879698433
862177732045578240
862178157398560769
862178267889094656
862178644059463680
862178830659846145
862179259493867521
862179642828107776
862179881253302272
862180121142317056
862180144710078464
862180489293070336
862180570092240896
862180620591562752
862180780193308672
862180994891251713
862181037014757376
862181186231259136
862181240744673280
862181520420818944
862181652524564480
862181810993848320
862182095418007552
862182096244277249
862182237474877444
862182334690406402
862182504186470401
862182561950425089
862182711741399040
862182991497494528
862183090021650432
862183960314613760
862183989767012352
862184013485797377
862184028199411712
862184384245497856
862184453808021504
862184930188685312
862185066289672192
862185076582469632
862185104390672384
862185392702980096
862185527079968768
862185627084890113
862185860493692928
862185942978834432
862186018040152064
862186065083461632
862186069558784000
862186221338054656
862186301730299904
862186473646379008
862186530835705856
862186639782813699
862186653594636289
862186710607826945
862186752320176128
862186761119838208
862186988581027841
862187131422244864
862187139416698880
862187153526333440
862187271507914752
862187296191385600
862187429826101248
862187578136686592
862187586776965121
862187644234719232
862187734999412736
862187930076557312
862187993812975617
862188141171662848
862188425591615488
862188564905373696
862188946809384960
862189174924902400
862189315518083072
862189585585106944
862189599313080320
862190125735964672
862190219025633281
862191239172694016
862191440566382592
862191473202167809
862192052779577344
862192563020857344
862192617186103297
862192885315325952
862193191851880448
862193311788019714
862193620727844864
862193662503010304
862193804723539968
862193886613078018
862194027789201408
862194360082989056
862194399698178048
862194544472936449
862194607815360512
862194983759208448
862195090831400960
862195532177043456
862195630524989440
862196162702581761
862196304340029440
862196712970096640
862196842796376064
862196908152025088
862196923490500608
862197004130279425
862197013391323136
862197295634419712
862198001778950144
862198131890548738
862198283585937408
862198331669393408
862198418869039106
862198520379572224
862198598360068096
862199508612067332
862199509123817476
862199576987619332
862199591806095360
862200131097112576
862200157152083968
862200325079535616
862200435188412417
862200727183261696
862200745260711936
862200865997959168
862201208915677184
862201265488617473
862201567386234880
862201676224221184
862201718515347458
862201835603537920
862201841894825984
862201904742510592
862201975701741570
862201981229821952
862202142232387586
862202272666853376
862202572651843584
862203020217634816
862203025292754945
862203062622052353
862203195774205952
862203394232025088
862203921120595968
862203983582158848
862204257134575616
862204390614192128
862204422503505921
862204585078902788
862204591332626432
862204602757914624
862204665861165056
862204734886866944
862204752196771841
862204891107819520
862205191462027265
862205451127148544
862205776416452610
862205780044460032
862205793562656773
862205816425893889
862206279753900033
862206519101849600
862206752556756992
862206848233082880
862207091112652800
862207265004285952
862207410143981568
862207569670045696
862207946951929856
862207983073214465
862208088211959812
862208161486434305
862208226561011713
862208533974196224
862208552789848064
862208590668550144
862208675838124034
862208721153392640
862208725599354880
862208846017826816
862208933896884224
862209271987130369
862209533363539968
862209698023567360
862209833092751362
862209837005930498
862209843649585152
862209927103885312
862210124924035072
862210190120235008
862210450955661312
862210597219422208
862210986538913792
862210989994934272
862211119053770752
862211262477991936
862211298628599809
862211381310914560
862211507895103488
862211568708317185
862211595593797632
862211632256217088
862211823671664640
862211916009279488
862211950285029376
862211998658031616
862212022846595073
862212032787091456
862212187342815237
862212283828764672
862212299196702720
862212310827511808
862212429824110592
862212550565523456
862212561391034369
862212574766649344
862212607398293504
862212743067299840
862212942489628672
862213087436341248
862213114258968577
862213193229377536
862213440579960832
862213503184228352
862213668137824260
862213828536410112
862213947545530369
862214021373677568
862214184435580929
862214270955786241
862214554150895616
862214558097780738
862214666122080256
862214765703254018
862215055856861184
862215065101099008
862215114002452480
862215127877263361
862215203328577536
862215218566492160
862215226342723584
862215239215009794
862215459583782912
862215614332637184
862215715545337856
862215881308372992
862215953106513920
862216108941737984
862216236771532800
862216285945507840
862216295290466305
862216645032501248
862216671674724352
862216746840858624
862216832870174721
862216883021398016
862216935882326017
862217179806273536
862217251373633536
862217321795866624
862217363063754752
862217490180583424
862217531880353792
862217666001555458
862217778622844928
862217782850670594
862217821090172930
862217867420422144
862217876345847808
862217889964838912
862218021741502464
862218068344410112
862218088313434112
862218092855922689
862218430606442496
862218482464825345
862218502467452928
862218654397726720
862218821846921219
862218843472752640
862219018090012672
862219168908795906
862219233622708224
862219235891728385
862219239259811840
862219248004943872
862219488472772608
862219514280378368
862219520718647296
862219699467288576
862219921006239744
862219939494727680
862219945257484289
862220063658708992
862220195556884480
862220298296467456
862220312217354240
862220343896940544
862220456170065920
862220717756231681
862221042198212608
862221365973307392
862221397896114176
862221443702161408
862221646387699712
862221729405566976
862221868455133184
862222021756899328
862222283821199360
862222293459664896
862222400984932352
862222643092537344
862222798177087489
862222959481671680
862223026351476736
862223119423070208
862223152524533764
862223181742059520
862223190843633665
862223444754223108
862223554665996289
862223759369023488
862223781770788864
862223837865410560
862223920501583872
862223922481246208
862223976990420993
862224056338325504
862224139460980736
862224162735226881
862224188844761088
862224251360882688
862224305802936320
862224399587475456
862224713535377408
862224884654592000
862224955227942913
862224986806919168
862225054725177344
862225132617695233
862225202310262784
862225224389021696
862225346556559360
862225456849977345
862225542489268224
862225656477888512
862225687075319808
862225784110542848
862225812132593669
862226010393243649
862226322348797953
862226373510922240
862226378372075521
862226380695711745
862226593120473088
862226635105423360
862226716718223360
862226754835972096
862226795504037889
862226807818518528
862227069643763712
862227114262769664
862227304738693125
862227343108079616
862227344429387776
862227515951206401
862227591092154368
862227628077584385
862227636977905664
862227846311358464
862227905253978113
862228329855942656
862228354270887938
862228385514369025
862228452530900994
862228466036604928
862228518624735232
862228590255067136
862228693103648768
862228755099648001
862228989708029952
862229182532726784
862229209493721088
862229435071827968
862229644761870336
862230007971708928
862230091463634944
862230239392530432
862230272389074944
862230428245270528
862230442065448960
862230513821646848
862230645770252288
862230742289575936
862230805766176768
862231355362598912
862231364040568832
862231536808198144
862231555883896833
862231718299934720
862231834771456000
862231990954676225
862232206181367809
862232519034449922
862232956101963777
862233325238222848
862233830241046528
862234214971957248
862234306646855680
862234426616549376
862234483466145792
862234579830288389
862234711170723840
862234719194304512
862234878343086081
862234971523751936
862234983167033345
862235155376820225
862235162142289920
862235391058993152
862235408998051841
862235683569709056
862235867817156608
862236067570831361
862236363562897409
862236376586231808
862236782632501248
862236938820091905
862236977487368193
862237064686960640
862237139886624768
862237241602691072
862237271726096384
862237415423041536
862237424344334336
862237467193298944
862237573057572864
862237674454884352
862237804943863808
862237807590481921
862237824636026880
862237972225302529
862238032535183360
862238065745592320
862238176378859520
862238194196238336
862238644194734081
862238996004515860
862239540840366080
862239662559166464
862239724534210564
862239805144485888
862240133717929984
862240252454469632
862240416862752768
862240480104509440
862240931906498564
862241335151079424
862241445276766208
862241480441835521
862241637019381761
862241726190301184
862241789402636288
862242720873578496
862243086566658048
862243173078364160
862243444785377283
862243720447393793
862243743788826624
862244029223903232
862244186497720320
862244258660704256
862244455012761601
862244459765018624
862244480019202048
862244532552859648
862245121055707136
862245179469828097
862245195836010496
862245435892793345
862245554939736064
862245575781175297
862245616998547456
862245723596877824
862245808187600896
862245872918306817
862246042573705216
862246103168712704
862246269250658304
862246362670301184
862246414285451264
862246586595897344
862246794494754816
862246822919761920
862246904196993024
862246988271808512
862247045964451840
862247114147074048
862247358192644098
862247468343463942
862247849844772864
862247938168369152
862247957638328320
862247978962178049
862248002748129280
862248090362949632
862248135338348544
862248265106026496
862248331493482498
862248358039236609
862248559189475330
862248564466089984
862248601602445312
862248601325637634
862248614088847360
862248601325637634
862248622817259523
862248719718260736
862248912165498881
862248933677989889
862248961066889217
862248975856009217
862249390202867714
862249417214238720
862249533597769728
862249545677361152
862249735872184321
862250078970548224
862250121911832579
862250225007820800
862250663996256256
862250714508210176
862250908872306688
862251425912561669
862251640916717568
862251813587865600
862251936787156992
862251948854083584
862252334503657473
862252427873013761
862252550669598720
862252609884872705
862252757163659265
862252846305214464
862252913191735296
862253095664984064
862253128187604992
862253137280868353
862253277060235264
862253396719529984
862253612646400001
862253667910651904
862254095784189952
862254187240927232
862254251606757377
862254327980797952
862254382716465152
862254423560605696
862254457689714689
862254477306417154
862254613667426304
862254633976254464
862254639789617152
862254851098587137
862255037589880832
862255156548833280
862255191420284928
862255354469548033
862255355950235648
862255509134610432
862255596560691200
862255604039069696
862255678337015809
862255716157063168
862255917290725379
862256167648718850
862256280462913536
862256284673986560
862256342177894400
862256497505574912
862256673095864320
862256725029789696
862256833100226560
862256963333349376
862257249162547200
862257338320900096
862257342959767552
862257574615404544
862257712746332160
862257947937845250
862257965654564868
862258001171939328
862258195129135105
862258217505697793
862258298833313792
862258399135903744
862258433919156225
862258564999630851
862258592237355008
862258595500576768
862258681643139072
862258850950459392
862259072636256256
862259134858756097
862259178227859458
862259324684521473
862259349049274368
862259470209925120
862259671050092546
862259701660041216
862259919986327553
862260290309603328
862260368701353985
862260490105389056
862260664626229249
862260714815270914
862261159566725120
862261431252725760
862261497224986624
862261645783048192
862261754847428608
862261864008429572
862261983453827072
862262099128582145
862262203868741632
862262321443459073
862262564700528640
862262677510516736
862262701329965057
862263193749598208
862263464957554688
862263845443784705
862264093633376258
862264329256796160
862264394562109440
862264517111279616
862264682723332096
862264779112689669
862264839703584768
862264874797281280
862264923874881537
862265026819784705
862265113348366336
862265130549207040
862265146663731200
862265212266795011
862265339165503488
862265621400227840
862265672226787328
862265882583715841
862265939655634948
862265943321456642
862266054365650945
862266077727928321
862266187706662914
862266893503266817
862266980002410497
862267253437468673
862267355690356737
862267385113436160
862267642769485825
862267734452776960
862267843446001664
862268027873701889
862268225308024833
862268227140845568
862268491952529408
862268871205670912
862269032560558080
862269059731259393
862269071827623936
862269153507520512
862269196507500544
862269325742362624
862269335896805376
862269442084007936
862269622808186881
862269754773561345
862270349429309440
862270375413125120
862270666011226112
862270531063562242
862270757715533824
862271384440983552
862271493924941824
862271549272928256
862271806799040512
862271943663386625
862271976978751488
862272219245944832
862272238736822272
862272319498178560
862272401068892161
862272517230256128
862273037042941952
862273082941218816
862273083251544064
862273458167742464
862273803229024256
862273818202701824
862274134247649280
862274270231220224
862274605393817602
862274692039704576
862274933036023808
862274952082448384
862274988677750784
862275157079072768
862275272309190656
862275353661853696
862275489586696193
862275614019125248
862276090525614080
862276199711727617
862276360252928002
862276446974357508
862276507577839616
862276510899732480
862276507577839616
862276668894957571
862276857701560321
862276982100430848
862277015730356224
862277305623883777
862277874979655680
862277947746643968
862278192710766592
862278292753219585
862278372143104000
862278375489978368
862278372143104000
862278555765493760
862278589080772608
862278615500763136
862278948851523585
862279027511447552
862279308857028610
862279339399892992
862279369368186880
862279765364965376
862279965282373632
862280048933576705
862280313929699329
862280267334950913
862280388076556288
862280401695408129
862280600664911874
862280784698376192
862280803132338176
862281148969361409
862281279609475072
862281309137375233
862281410652114944
862281646451589120
862281714235838464
862281746750033920
862281781050998784
862281786570702848
862281750780628995
862281960995082240
862282330727231488
862282337794523137
862282714472476673
862282959734419456
862283159005786112
862283637223555072
862283668307443712
862283689975263232
862283708082139137
862284041843814400
862284051339784192
862284073296961536
862284101486878721
862284509953355776
862284731571982336
862284760885977089
862284760734982146
862284897632874496
862285166525513728
862285181784338434
862285270426714112
862285301955297281
862285638145634308
862285658097950722
862285676670312448
862285730533572608
862285841128882176
862285952944934912
862285956510093313
862286405397090304
862286419015892996
862286632854183936
862286656761671680
862286737980129281
862286799854604288
862286827293741058
862286983795757057
862286988141113344
862287096022802432
862287126649548801
862287155699339266
862287255058223106
862287436822532096
862287614279155712
862287630498713606
862287650262220800
862287732164448256
862287860845744128
862287897487179777
862287989128474624
862288034619936769
862288034745769985
862288127234330624
862288159526309888
862288316175183873
862288386400415749
862288443711385601
862288444478935040
862288528486608896
862288761446699008
862288837392904193
862289199038427136
862289305267576832
862289510763286529
862289599225356288
862289636546293760
862289668666269696
862289740103651328
862290002016956416
862290127615406081
862290127615406081
862290204119502848
862290276592885761
862290352199409664
862290363511394306
862290546886418433
862290619657572352
862290626402029573
862290667149643776
862290698447585280
862290722829078528
862290776914628608
862290829490216960
862290840181501952
862290921752338432
862290930061148160
862291095799173121
862291490663477248
862291590135631873
862291558057496579
862291675611377664
862291833946353666
862291848487989251
862291892729520128
862291908437184514
862292030621405184
862292069024399360
862292100444033024
862292156974870528
862292316266090496
862292318250029056
862292328354127873
862292359601672192
862292560269766657
862292584319905798
862292686467989504
862292807058427904
862292909047119873
862292955406753792
862293062873165825
862293101179789312
862293153839280129
862293379534770178
862293390595063810
862293431690944512
862293563412971520
862293581104644097
862293894695989249
862293962853408768
862294119569387520
862294386306158592
862294405444759556
862294564110860289
862294583140646912
862294663620898816
862294688694489088
862294742834573312
862295107554377729
862295473251651584
862295490863542276
862295500149723136
862295504935424000
862295525634256896
862295528918396929
862295531489513472
862295534094123012
862295714554150912
862295720757534721
862295726608576513
862295738860138500
862295754961977344
862295814705754114
862295857730924545
862295947006619648
862295992233852928
862296210052349953
862296294114590722
862296408686309377
862296738849280002
862296832126451712
862297122749730816
862297130316288000
862297215414489089
862297318313406464
862297542104670209
862297557896224769
862297752339959809
862297752830713856
862297795167956992
862298218465566720
862298346937102340
862298354763669504
862298371318575106
862298374996885504
862298382026637312
862298572041146368
862298644552273921
862299078239105024
862299263778377728
862299292043816960
862299327208669184
862299613226729472
862299672299405313
862299966294904832
862300063745413122
862300354318401536
862300415626489856
862300424057102338
862300571772104704
862300654945128448
862300680744300545
862300866518429696
862300886487498752
862300896578940932
862301141224370177
862301170068574208
862301297436917760
862301513728839680
862301555634180098
862301609107345408
862301771540176901
862301917627785216
862301968013955072
862302001610326016
862302031339499521
862302072305315841
862302180279173120
862302222675324928
