884925428896587777
884925957689274369
884926137943674882
884926174765383681
884926489443127298
884926870248194048
884927783490772992
884927791950700545
884927906190958592
884928406764302336
884928943773626368
884929340244451328
884929358187679744
884929628476985346
884929671498018816
884929750002802689
884929753261764610
884930749115371522
884930832108072961
884931567017222144
884932252303581185
884933201600368640
884933362078633987
884934010966876160
884934056177262593
884935254007570432
884935960902938624
884936002736975872
884936113684717568
884936505504010240
884936850099646466
884937131084443648
884938939085312001
884939330455818242
884939521493749760
884941060597841922
884941068151787520
884941075043028992
884941155544313857
884941721175564288
884942332424056833
884942521595568128
884943672776806400
884943912149954560
884944593179037697
884945555994050565
884946162091950081
884948804365168643
884949558077337600
884950662890614785
884951640578633730
884952010663100418
884952297238917126
884952452713385984
884953179359784960
884954020972044289
884955863882108928
884957431759065088
884961893399629824
884962374192480256
884963358201585668
884963457006698497
884963856853979136
884964856339845121
884969705441775620
884971275210424321
884972162662191105
884973505179242496
884973927541469184
884974337077456896
884976888497786880
884978543934963712
884979423606394880
884979982442913793
884980409423024129
884981399740194817
884981461350326272
884982309312753664
884982343739613185
884982478791999488
884982872838467584
884983559945158656
884984698530918401
884985047572467714
884985096188690433
884985882511540224
884985928741257216
884986233096634372
884986426085044225
884987427517067264
884988938414428162
884990013209030659
884991213824299008
884992338103291904
884992602914926592
884992987876470786
884993235755683842
884993763575246849
884994743100477444
884994868908617728
884995167102676992
884995346740412417
884996159802150912
884997929458642947
884998533652373505
884998963757289472
885000461115428865
885000624865234944
885002436569640960
885005030276911104
885005471098310657
885005778909790209
885005865585180672
885006061278777344
885006079788285952
885006103280582656
885006220016459777
885006557255225344
885007021363404800
885007045497421824
885007242793299968
885007417737703424
885007727436734464
885008296431812608
885008334352416768
885008654470086656
885008898922614785
885009804313362432
885009830179721216
885009886190481408
885010527839191040
885010832832286720
885010894933164032
885010991620161536
885011039594708992
885011190686126080
885011350396829698
885011382160195584
885011468114067457
885011552147046402
885011762726264834
885011976572874761
885012391037161473
885012537519091712
885013194141552641
885013340224987136
885013454385553408
885013795202007043
885014614399909888
885014713549115396
885014857313079296
885015121269010433
885015330204135424
885015438085816325
885015539600568322
885015925661081600
885015931071680517
885016238828736512
885016415975198720
885016480215183364
885016634955640834
885016726877949953
885017221998706688
885017285953560580
885017420129341441
885017420104175616
885017429960798210
885017690259238912
885017717132201984
885017929041027073
885017967372750848
885018070867226627
885018182016172032
885018238257700865
885018477324619782
885018830916943872
885018944549134337
885018999054061571
885019172849278976
885020099765317632
885020577597149185
885020739056922625
885021032574267393
885021058637713408
885021287004991493
885021543360851969
885021557923483649
885021603708403713
885021753004707845
885021755898822657
885023058163105793
885023304280670209
885023310874116096
885023788571783168
885024018579042304
885024251593592832
885024346326134785
885024461996642309
885024575737745408
885024703332724738
885025337985433600
885026070004682752
885026302947995649
885026306571808769
885026372120346625
885026613087404033
885026706209353728
885026790816837633
885026800849518599
885027084707528705
885027125455187968
885027244594401280
885027341415710720
885027450039795712
885027966861942784
885028406039126016
885028573207199745
885028658347429889
885028784969310208
885029133897658369
885029224746242049
885029319420121088
885029383743963137
885029408855216129
885029587490672641
885029645174833152
885029922389061632
885030276975529984
885030455426371584
885030527836848128
885030864295473152
885030919484178433
885031192705282048
885031199365902336
885031229023813632
885031378080935937
885031390814896129
885031636882116608
885031983646158849
885032161656672257
885032575454064640
885032583251341312
885032707742367745
885033014023131137
885033096688664577
885033137566298113
885033158823084032
885033288376754176
885033330416242688
885033337252962305
885033414902067201
885033480136142848
885033829811064832
885033911167922176
885033975844155395
885034024267390980
885034127136837632
885034165871276032
885034249874796544
885034285169868801
885034350793940992
885034557380210688
885034757716926464
885034798129053696
885034940357857282
885034943218372608
885034958208761856
885035062726733825
885035253831798784
885035296152317952
885035438305628160
885035770746195971
885035910190051328
885036375950725121
885037266124644353
885037494135377921
885037534551650304
885037617917636608
885037628281810944
885037797626740737
885037813024083970
885037862152015873
885037932368809987
885038130746839041
885038604711583745
885038620771594242
885038646793043968
885038675586940929
885038778661908480
885038813374009344
885038941711331328
885039090382647296
885039094002315264
885039106195107842
885039195206668289
885039308897431553
885039459040989184
885039587751604224
885039740906557441
885039748892565505
885039791108128768
885040012601024512
885040050022617088
885040246949388292
885040300305121281
885040327144472576
885040698180894720
885040911704567810
885041023524712449
885041155553062912
885041772233097216
885042195190951937
885042288757551106
885042373776076800
885042396546859008
885042407733112832
885042660410613760
885042710243139585
885042735153119234
885042782146002946
885042868431327233
885042869454635011
885043030880813056
885043438504300544
885043498625499136
885043746466910208
885043844492009472
885043866503696384
885043873168404480
885043908039909377
885044147496919040
885044175669997571
885044216006684672
885044494420373504
885044976568205313
885045033640054784
885045103940837377
885045329720115200
885045394362728449
885045417041436673
885045579465838593
885046095646261248
885046106622767104
885046265221980161
885046314916077568
885046351628783616
885046373908873220
885046426572660736
885046586082025473
885046770023227392
885046998646366208
885047003373330432
885047099347394560
885047109635932161
885047197116641280
885047195707351041
885047246420684800
885047359209701377
885047372153331712
885047416097054720
885047457578614784
885047739800834048
885047844289347585
885047882323300352
885047962816180225
885048026552782849
885048240651075584
885048325451460608
885048340592955393
885048371542667264
885048694030118913
885048731393028096
885048768525107200
885048787080802304
885048979486126080
885049013308981253
885049374165921792
885049682388557825
885049867931930625
885050104947908608
885050369860132864
885050455633604608
885050581093683201
885050654624030721
885050660265365505
885050742242979840
885050783439388672
885050794424324096
885050795795808264
885050853081706501
885050916075864064
885051015912992768
885051135547121666
885051181495615488
885051199724113920
885051536384176128
885051566767710208
885051586879291393
885051707264315392
885051790949056512
885051794610679810
885051799832592385
885051814441365504
885051943839727620
885051991260581889
885052014320902144
885052019135959041
885052283569963013
885052285600096260
885052631319801857
885053010476400640
885053147437256704
885053265070755840
885053339796373504
885053429546184704
885053501746929665
885053520365461504
885053572446117889
885053610211627008
885053704344391680
885054192766865412
885054383557406722
885054441979826176
885054690005745665
885054729138696192
885054804816474112
885054937310400512
885054988405407749
885055048543240195
885055180655513600
885055194769305600
885055239321251840
885055257109200896
885055431437168641
885055599054123008
885055914906185729
885055930085363716
885056076001030144
885056173963186178
885056326421946368
885056348492357632
885056572220682240
885056720812331010
885056733755920386
885056759097937921
885057047670161409
885057091001561089
885057240499204096
885057764652961793
885057869225263104
885057942042673154
885057979053207552
885058062666665984
885058180736307200
885058201825234944
885058215091855361
885058239137763328
885058260268703744
885058289133867008
885058328837197824
885058457472258048
885058457732358144
885058494361202688
885058562946457601
885058565370765313
885058603375308800
885058710674051072
885059142896975873
885059255262478336
885059504341233665
885059563698913280
885059672063004672
885059739016716288
885059814824579077
885059830389583873
885059899054592001
885059962145210371
885060051274280960
885060167871737856
885060276248293376
885060281273131008
885060326437380097
885060629161181184
885060698744770560
885061039431327744
885061039607484417
885061138932805632
885061209447432196
885061474753925120
885061596342616064
885061621449719808
885061682518777857
885061761484943361
885061793609113601
885061803126009856
885061983573245953
885061989982228484
885062060022931456
885062133599358976
885062153983733761
885062180923748352
885062196434284544
885062232408813568
885062267993280514
885062440588906503
885062529059360768
885062568854814720
885062585489534978
885062611758440449
885062655794348034
885062659879600129
885062816545243137
885062864511393794
885062884841140225
885062898338451456
885062898652983296
885063151582138368
885063206489739264
885063228010754048
885063440879976448
885063481581604864
885063587798056960
885064040921346048
885064153664294915
885064269527756800
885064299928006656
885064310648602624
885064436658184192
885064449228451841
885064481486905345
885064651729502211
885064670108930048
885064721669529603
885064739512078337
885064797376708610
885064843719569408
885064924141162501
885064925193916416
885064934677250048
885064939811086340
885064984220381188
885065037064417281
885065126390505477
885065175287705600
885065562405076992
885065598601965568
885065601869283328
885065689526095872
885065929763287041
885066366881083394
885066447411712001
885066504928194560
885066563489062912
885066701737480193
885066805521371137
885066901856104448
885067026720595969
885067080214642690
885067175446315009
885067199253229569
885067319575273473
885068044938203136
885068077276307456
885068346575785985
885068559864532997
885068652231483392
885068785622929408
885068794489647104
885068867684454404
885069171834441730
885070038717353984
885070137740734468
885070158464733184
885070254078119936
885070315642028032
885070533963993090
885070589911814144
885070646782439424
885070726860025856
885070757017079809
885071283565858817
885071656514977792
885071789247877123
885071850694377473
885071894940143621
885071973637902337
885072373527056390
885072479437410310
885072518926749697
885072588938018816
885072609553125377
885072824737693696
885072934448103424
885073099212943360
885073375487553536
885073378020929536
885073653729304576
885073708825575424
885073957342380033
885074011973144577
885074035389984770
885074402634870786
885074423182700544
885074497061179398
885074600794759170
885074615890055168
885074638740611073
885074668528513024
885075201746239488
885075232431775746
885075309753708545
885075348848861186
885075372399841280
885075508731490304
885075555808423936
885075631960203267
885075740747862016
885075833219682305
885075873606586372
885075951188660224
885076027629862912
885076041634648065
885076221821939714
885076341267345408
885076371285979137
885076574957076480
885076717852872705
885076844776652801
885077175644409857
885077287405858816
885077423934537730
885077447649132547
885077489667776516
885077731792343042
885077806669025281
885077956279840770
885078012504547329
885078014945619968
885078082519957508
885078215299084288
885078353639870464
885078695777632256
885078775221932033
885078798538035201
885078899134275584
885078911901716480
885078936283222016
885079015530389506
885079114507583492
885079123223302148
885079137970528257
885079167313883136
885079175274663936
885079388810874882
885079415025225730
885079457849102339
885079496604491777
885079605111128066
885079641794523136
885079646198517761
885079981956771841
885080029067182080
885080038739238919
885080076047593472
885080129667571712
885080134562308100
885080146159521794
885080150395801600
885080363961339904
885080464561758210
885080540361216001
885080582857871362
885080673945624576
885080723732000768
885081100447600642
885081128792719365
885081175898902529
885081225102315520
885081240340242432
885081275706552321
885081323672612867
885081497673363464
885081514614169605
885081610466545666
885081657371480064
885081704272199680
885081938171748352
885081998062235650
885082021168652294
885082167881203714
885082283316850688
885082377009147911
885082580760109056
885082599823114240
885082713304301568
885082732459679745
885082921064943623
885083055010062337
885083071158132736
885083303715500032
885083413396561920
885083500877139968
885083612592394240
885083846961750016
885083865370550273
885083876942647298
885084116877795329
885084144107229184
885084175279280131
885084177787482113
885084246976712704
885084280757604352
885084353268731904
885084856937578496
885085042455785473
885085048701145088
885085053159690241
885085079718027268
885085093781483520
885085203139612672
885085260999950338
885085544979496962
885085641729597442
885085647609974784
885085687028035584
885085802748936192
885085992180428800
885086223680909313
885086266601197569
885086520876642336
885086543878254593
885086647662063616
885086701537906692
885086710123638786
885086708773027842
885086786195779584
885086798296297472
885086987107094528
885087026864934913
885087181391495172
885087192292495360
885087251608350721
885087299628879880
885087395628150790
885087411113517056
885087606408663040
885087607570542595
885087786235289601
885087809727606785
885087862026358786
885087969543106560
885088091643543556
885088112774393856
885088150728650753
885088198271148032
885088514626473987
885088543877607424
885088612534059008
885088621296046082
885088832705753088
885088846400155651
885089175392964609
885089343148306432
885089374978879492
885089386106368001
885089438644260864
885089627689955332
885089709243891712
885089713165668353
885089727803789313
885089957454458880
885090018150273025
885090086462816258
885090184345391108
885090360724271105
885090388708642816
885090434229391360
885090464810119168
885090716900364288
885090728950595585
885090820134666241
885090904654180353
885091340563951616
885091441147600896
885091509883809792
885091816256700416
885091899597631488
885092151264202753
885092228288442370
885092265781321730
885092294214520833
885092333674532865
885092595667533824
885092976883617792
885092997314072577
885093066452992000
885093082504548353
885093304970432512
885093379113193474
885093436902313986
885093444804333569
885093481705852928
885093509539254272
885093594939498496
885093658344730625
885093740653817857
885093897810173953
885093947382657026
885093972422610947
885094112533336064
885094151720763393
885094330226147333
885094472253669377
885094769801781249
885094773463425024
885094920809271296
885094970096529408
885095015386632197
885095132411944960
885095133556944897
885095180038230016
885095651796803586
885095735934541825
885095916595818496
885095924833406976
885095966445113344
885095981229985792
885096007876345858
885096150424047617
885096584618311682
885096790575525888
885096849274789890
885097414843039745
885097444983402496
885097524381569026
885097657517170688
885097791537770496
885097874006167555
885098353247350786
885098668520611841
885098959047462912
885099256981401600
885099273024659456
885099400439136257
885099762193768448
885099775695126528
885099869769281536
885099891780972544
885100227346259968
885100257029345280
885100265237598208
885100329758584833
885100681731993600
885100680968581121
885100698232291329
885100752905142273
885100970895650817
885101304938409984
885101307182415872
885101310084866049
885101459293036544
885101522333421568
885101570928648192
885101633092321280
885101640038182912
885101874982117377
885102078330380289
885102323558744064
885102328105369600
885102550365679617
885102580929638400
885102694591062017
885102834852777984
885103175816097793
885103201346875392
885103247551328256
885103372419903489
885103615953731585
885103643204210688
885103704248115201
885103744353959937
885103984230445056
885103996494639104
885104042963283973
885104057916018688
885104138903846912
885104184772743170
885104493502902272
885104576122298369
885104689582411776
885104964812636160
885105085143019520
885105534935982082
885105622391418880
885105630654197760
885105856219664386
885105908723970048
885106030388097025
885106195761176576
885106199523405826
885106470605422592
885106497893609472
885106616776970240
885106658937942017
885106672989032448
885106696892362753
885106751179292672
885106786554056706
885107032021504000
885107043178344448
885107066372837376
885107076548218882
885107120605102080
885107144407777282
885107201135845376
885107275274346496
885107308879130624
885107320908369920
885107396980428802
885107444380127232
885107462277406720
885107480765878272
885107491457183744
885107549548277760
885107768704856064
885108003363573760
885108028672008192
885108325343531008
885108430163324928
885108488241913857
885108571507232768
885108616042348544
885108672308924416
885108712972701699
885108915377246208
885108941298040834
885108939662163969
885108946482200576
885108960168001536
885109026736009217
885109085787611136
885109182722187266
885109248635666432
885109249952665601
885109315547389953
885109337152204801
885109371314753536
885109416185524225
885109424347590656
885109442618032128
885109523815563265
885109596741697536
885109604186693632
885109639318306817
885109770839093248
885109998564634626
885110075148337152
885110229670801408
885110235077238784
885110257600667648
885110265125187584
885110270061936644
885110274461765632
885110300726394881
885110403591753730
885110480494358528
885110581195284480
885110695594950656
885110820757229568
885111028220141568
885111045894832129
885111061346754561
885111250501472256
885111425731055616
885111433373134848
885111466369703936
885111592492437504
885111645298724864
885111753935388673
885111831840403456
885111860088975360
885111913029480448
885111980314558464
885112101035028480
885112105808142337
885112110967119872
885112150473265153
885112153874862081
885112194832228352
885112347404238850
885112365771096064
885112707921444864
885112772975054848
885113491220303873
885113497830518784
885113572451393536
885113666856726528
885113761220227072
885113779494821891
885113937729134592
885114178331136000
885114265123917825
885114315749154817
885114586306928640
885114616925257730
885114795724296192
885115102952910848
885115287405821954
885115318363881473
885115599067729920
885115666315055109
885115672212254721
885115688775503872
885115810854744064
885115999762165761
885116542433841152
885116612512231425
885116716786831360
885116728455385088
885116851835072516
885117021083533313
885117051525844993
885117066906411009
885117089597591553
885117126373232640
885117402052251648
885117530397954049
885117556499111936
885117894979239936
885117995886030848
885117997106561024
885118119487959040
885118429107294208
885118496958545920
885118551400558592
885118584338382849
885118606824136705
885118632728068096
885118757894582272
885118869156884480
885119218294849536
885119367087828992
885119379465261056
885119399929270272
885119423513755648
885119425749413893
885119557643403264
885119575909642241
885119627210182657
885119785843007488
885120086562013184
885120333430353920
885120339323346945
885120402946707457
885120517581287424
885120658161762304
885120677879173120
885120880094916612
885120890224160768
885121093803134976
885121197746384896
885121358291546113
885121523970957313
885121816901165056
885121838598238209
885121924585619456
885121951836065796
885121956932186112
885121962753785857
885121967283732481
885121971524186113
885121975781380099
885121975873671168
885121980059529223
885121983821864961
885121992441122816
885122086368399360
885122138025361409
885122176348819456
885122204274438144
885122254086041601
885122258968117249
885122479940935680
885122583418503168
885122648883290113
885122665702453256
885122675630366721
885122802247979010
885122853183553536
885122892404592642
885122937501700096
885122975552479232
885122976357679104
885122995253125120
885123027553398785
885123042371919872
885123226048790530
885123238380146688
885123449731125249
885123494484131841
885123503107821569
885123516332429312
885123819240910848
885124005413388288
885124080357310464
885124160451727361
885124382162661376
885124533384085504
885124606926999555
885124689596739586
885124739534073856
885124842474926081
885124846333591552
885124873516969984
885124895851630592
885125185132777472
885125211397521408
885125310966091776
885125445276106752
885125526716895232
885125890203688961
885125948789620736
885126107779006464
885126140142202882
885126192050958336
885126197193080836
885126315430563841
885126404349755397
885126421454221314
885126540194983939
885126562663866368
885126640761700352
885126662115008513
885126738191282177
885126789726576640
885126804549361665
885126989912387584
885127093981499394
885127107029983233
885127253344079872
885127365180915713
885127555598217216
885127660606816256
885128714119499777
885128827319468032
885128920743518210
885129120161701888
885129285824073730
885129428463964162
885129447711670272
885129503994822656
885129521640460288
885129579878170624
885129769846796289
885129943507755008
885130176736219137
885130230142312448
885130262903967745
885130660314263552
885130726622081024
885130725728673792
885130730824663041
885130772260298752
885130780921536515
885130916821164033
885130946533625857
885131053597380608
885131078318649344
885131088187842560
885131147323342848
885131159511982080
885131206035222528
885131238058717185
885131543382982656
885131571577184261
885131662958505984
885131691957911553
885131816587472896
885131867724185601
885131906626486272
885132000499257344
885132015426777089
885132088810319874
885132094028079105
885132124524773376
885132219479724034
885132310382874624
885132332583223297
885132360647401472
885132389290319872
885132622837448704
885132630638960641
885132652713566208
885132697424850944
885132804132098048
885132916048748545
885132933232807936
885133047032680448
885133226225917952
885133252427644928
885133320274812928
885133340722044929
885133348343042048
885133395470295040
885133542619009026
885133617319604224
885133653415788544
885133693869842432
885133699154681857
885133717450223617
885133895301304320
885134789866647552
885134866572075008
885134905742589954
885134951330586626
885135373642473472
885135381997510658
885135471214505984
885135598150963200
885135662655168518
885135674436923392
885135771061112833
885135809271214080
885135823166992384
885135949604294656
885136049722331136
885136177245954049
885136210372341760
885136338898628609
885136446293778432
885136566951260161
885136590321987584
885136672844726272
885136759763460096
885136789354287106
885136876188958720
885137162634702849
885137184751321088
885137305366933505
885137508618600448
885137665057849344
885137795089653761
885137814618333185
885137825469009921
885137905865371648
885138035146461185
885138077445914624
885138163403980803
885138359684931586
885138508133912577
885138523174686720
885138717064744960
885138773989773312
885138776426721280
885138974892851201
885139009982300160
885139048716795907
885139089573511168
885139109060243459
885139163162476544
885139579770220544
885139656211402752
885139766928343040
885139846519554049
885139880023662592
885139927498989569
885140109997342720
885140200006893569
885140602274406401
885140659602153472
885141064809578496
885141624430505984
885141801795035136
885141803292405760
885142137343553536
885142304415264768
885142372979548160
885142497902637059
885142516026290176
885142527250247683
885142727192719360
885142755445534720
885142842330435587
885142914816516097
885143100171194368
885143116436713472
885143355184877568
885143474848321536
885143603260960768
885143734672912385
885143928718151681
885144152958218240
885144175741632512
885144176672878592
885144282469892097
885144364799930368
885144533226455042
885144545742266371
885144564058685440
885144597034356736
885144634720124929
885144795492085763
885144851439898626
885145381662752768
885145439279996928
885145611909181440
885145688379674624
885145778041233408
885146012532297728
885146051669364737
885146080656191489
885146294599249921
885146381568155649
885146391223427073
885146416108240898
885146450295914496
885146523448881152
885146534878302208
885146637693325314
885146706404421632
885146715816415232
885147089650544641
885147097904947201
885147145476734976
885147214833623041
885147247888932864
885147307741769735
885147315123695616
885147626848395264
885147926691028992
885147935310319616
885147997046284289
885148002871943168
885148067460071425
885148222435467265
885148269671727106
885148514656714756
885148547833880583
885148673620836352
885148706378399745
885148760183013376
885148922515030017
885148940328370176
885148972154667008
885149025393102849
885149052681060352
885149121811693568
885149294466129920
885149473302691840
885149652214890498
885149793110175744
885149819551002624
885149839637577730
885150049365352448
885150080474501120
885150217036861440
885150428882755584
885150451355746305
885150554757976064
885150745028427778
885151152395964416
885151185556078593
885151228128374788
885152143531020289
885152182420606978
885152327304450048
885152327073767424
885152383113809920
885152504727601154
885152543885713409
885152746571272192
885152888108044288
885152953899855872
885153036313780226
885153104240533504
885153120585646080
885153134988886017
885153137862082560
885153180325228544
885153192215969792
885153213934120960
885153308817711104
885153332821733376
885153636388569089
885153974202114049
885154041927540736
885154134470647808
885154192167288832
885154317640093696
885154493377261568
885154556233076738
885154567746457600
885154752295817217
885154760113999873
885154855379243008
885154878326231041
885155131842363392
885155175660388353
885155241561292805
885155268421722112
885155457609990145
885155543731580928
885155746299641857
885155758169608192
885155833314766850
885155913601957888
885155976747372544
885156029054496768
885156057395449856
885156084532600833
885156321569497088
885156388493774849
885156431086981120
885156496354443264
885156537588645893
885156658560815107
885156701426593792
885156934088880128
885157356996366336
885157524617515009
885157756562534401
885157843917307905
885157904210374656
885158231953297408
885158265302142978
885158368570200064
885158585210200064
885158749094260746
885158846360104963
885158880573091844
885158901397815296
885159087176134657
885159242877087744
885159282953646080
885159411269984256
885159416043106305
885159427686498304
885159506082230272
885159967757565958
885159998485135360
885160003983872000
885160093150584838
885160159290458112
885160217159368705
885160364161343488
885160561641742336
885160672513929217
885160695985315841
885160903758446592
885161012688822278
885161183891927040
885161239009275909
885161254817607680
885161563522564098
885161583416102913
885161831391797248
885161849737678848
885161934986805248
885161938577129472
885162048287592448
885162098577354754
885162122761699329
885162295172767744
885162373639700482
885162574152642561
885162643941711874
885162736245780482
885162826570096640
885162862594883584
885162946954919936
885162992211550209
885163075246186496
885163129717616640
885163148562620416
885163197673738242
885163249292988417
885163307937787905
885163309552500736
885163377600983040
885163397293236225
885163443669663745
885163530634362883
885163530453962755
885163541107527682
885163669226762246
885163852777885696
885164145380929536
885164181078523904
885164261391183872
885164365485232128
885164448746545153
885164691533811712
885164753387225089
885164858194481152
885165062377353218
885165163942379520
885165251632746499
885165352937807873
885165364954492928
885165383744983042
885165405261705216
885165554771808256
885165826273357824
885165835161133056
885166035984416768
885166325840195585
885166358614376449
885166487442509824
885166749813006338
885166764711194624
885166852728643584
885166871158423553
885166891207098370
885167287719919617
885167367382343684
885167427646107648
885167618952507396
885167698040295424
885167812045664257
885167884166725632
885168032041062400
885168850173612033
885168939126456320
885169210695004166
885169265288105984
885169563180163072
885169659858882567
885169932421476353
885169975996149760
885170201377026048
885170252815978496
885170397469184000
885170556580048898
885170622011232256
885170694476247040
885171113248141313
885171306349699072
885171406140473344
885171598197751814
885171629868888064
885171675297349632
885171688647905282
885171917833064448
885172014239109120
885172055569780738
885172245529853952
885172257437429761
885172284658515968
885172406675025922
885172451256225797
885172453453869056
885172539110064128
885172593640308737
885172594793644033
885172670672883713
885172801354780673
885172885777788930
885173044351823872
885173156708835328
885173497416343553
885173582996922368
885173604786335746
885173725519368192
885173895476772865
885174073738899457
885174228638732289
885174245277487104
885174334255484928
885174639470804993
885174677659889664
885174730122305536
885174910842277888
885175210755993600
885175247900684289
885175298710523909
885175310580428800
885175430063562752
885175470282739712
885175735765303296
885175965399351296
885175999977181184
885176021749817345
885176061235003392
885176239966781446
885176246698749952
885176260221186048
885176323156606976
885176349421338625
885176372959883266
885176388369747968
885176389372190726
885176684818944001
885176697083088896
885176929623703552
885176958887317506
885176989119860737
885177592281747456
885177701971218432
885177989658443776
885178369075269632
885178532950929409
885178804397899776
885179128521125888
885179153028440065
885179570927919106
885179609494507521
885179613529477120
885179986738597889
885180386866757632
885180514570842112
885180551501668352
885180684561780739
885180779185287168
885180820452978689
885181041379606528
885181151131959298
885181162418733056
885181246287994880
885181379516010496
885181481500409856
885181508436316160
885181717929242624
885181753492725765
885182634237755392
885182781877354496
885183012538900487
885183082579603457
885183152414523392
885183157162692608
885183341883994113
885183495039070211
885183726719782917
885183783594586112
885183959587586050
885184120917307394
885184148872286209
885184246134001664
885184540335116288
885184593359491072
885184610384130049
885184614683127808
885184713824010242
885184915695964160
885184962080780288
885185020029267968
885185032314290176
885185113834893318
885185218193367044
885185390214352897
885185450213879809
885185502286163970
885185510515277824
885185627435802624
885185637351137281
885185829789978625
885185921322233856
885185985855803392
885186458713071616
885186488010514432
885186652230103044
885186838138368001
885186946783490053
885186996511137792
885187415836684290
885187580832210949
885187771157106688
885187828258418689
885187887729451010
885188041475751936
885188107410079744
885188206332956672
885188348519751682
885188375082414088
885188384179851267
885188567047303168
885188647838003201
885188809431945216
885188897814261761
885188943527817217
885189098247421952
885189202572398592
885189463189729288
885189562812837888
885189736012316673
885189916690460675
885190062056648708
885190088145207296
885190519751626752
885190666938175489
885190720784609280
885190758785003520
885190777500053505
885190927438012416
885190931451916288
885191087144480769
885191178953666567
885191197018509312
885191200428503042
885191477554552832
885191580956733440
885191606730731522
885191706831925250
885191787102580738
885191897253392394
885192003973259265
885192086441435136
885192323474313216
885192418408222722
885192657466781696
885192935804948480
885193242177925121
885193459958779904
885193468171231232
885193493525577728
885193660714954756
885193872883806208
885194044980310017
885194413835771904
885194466797268999
885194861401526272
885195176502849537
885195473283416064
885195526068744195
885195718738280448
885195828989755393
885195863634718723
885195881556955136
885196438371807233
885196791393787904
885196802064084993
885196820191870976
885196933316214785
885196937099718659
885197439644430336
885197450381852672
885197456635559937
885197593705426952
885197644154515457
885197740086620160
885197745430155264
885197749926416384
885197861729824773
885197924669566986
885197977148641281
885198305378086912
885198328992083970
885198429181415425
885198454011686912
885198675852619778
885198806345764864
885198847085096972
885198898423377930
885198903133569024
885199156192698368
885199183434723328
885199183266942976
885199245304791041
885199345330638849
885199395645534210
885199447420022788
885199477845438464
885199491116281867
885199519843045376
885199554701930497
885199555209441284
885199594640035840
885199655646244872
885199840581488640
885199853327986690
885200024271036420
885200034102472704
885200035490791424
885200177656672259
885200351430889472
885200381969649665
885200477721440269
885200533069418496
885200581001981956
885200637553782785
885200780940259342
885200793326039044
885200802645778432
885200904160456704
885200907713032192
885200925287206912
885200928751702018
885201062684000256
885201092484771843
885201100118405124
885201216409567234
885201262559580161
885201293257707520
885201352967827459
885201445833904129
885201462829219841
885201729213607936
885201891185111042
885202049213878272
885202103299448832
885202125122408449
885202203409035264
885202234669191168
885202269758771200
885202282249428992
885202354131304450
885202465423060992
885202557819396096
885202645828464640
885202781178667008
885202783762345988
885202814833741824
885202881044938754
885202939320643585
885202972241801216
885203119281508352
885203201011707905
885203276056186880
885203457799532544
885203708283322369
885203714092539905
885203739870715904
885203860024958976
885204008583004161
885204170801901568
885204343833710593
885204418320375808
885204506035847168
885204537673474048
885204633144176641
885204834076545024
885204907510333441
885205052796915713
885205058840932352
885205139744845825
885205190865018880
885205204139986944
885205207642234880
885205241209077760
885205248415064066
885205314571730944
885205558848040960
885205628939100161
885205737684819970
885205790835040256
885205896296620032
885205900641882112
885205933332324353
885206016731885568
885206157421359104
885206586037329920
885206598116925440
885206615921758209
885206636222173184
885206784994152448
885206820897292289
885206939893981184
885207093883662336
885207235529461760
885207298565705732
885207330274525184
885207374113497091
885207443499884548
885207562316107776
885207570620846090
885207638904066048
885208176932646912
885208230309371904
885208281773473792
885208287930712064
885208295266557952
885208411163557888
885208631318392834
885208709252755460
885208755075518464
885209132881633281
885209525489467393
885209525552373763
885209693844647937
885209735980613634
885209873063055360
885209886191226881
885209955720101889
885210170816684032
885210362651521026
885210558995324928
885210744178053124
885210887216390144
885211048227352577
885211138706767872
885211270940684288
885211538877018112
885211581419708418
885211593482657793
885211744838332417
885211755479224324
885211794301734912
885211871732805632
885211887411056642
885212049294450692
885212052817686528
885212161441759232
885212294417928192
885212511422881792
885212646701756416
885212692667039745
885212703706554368
885212970510405633
885213519775318016
885213523634257920
885213579275907073
885213595491028993
885213926102888450
885213962178113536
885214158542827520
885214209256173568
885214297131028481
885214496880504832
885214679731142657
885214756340199424
885214921511903232
885215182976413696
885215222759387136
885215519909040128
885215711777492992
885215804341579776
885215911128510464
885216396266885120
885216452151832576
885216506476470272
885216527196311553
885216545751879685
885216604883177472
885216642304806912
885216670272368640
885216707802955778
885216708151185408
885216851189432320
885216868545564673
885216900980117507
885216969011732482
885217005099417602
885217009142779904
885217120497393664
885217178672394241
885217267499360256
885217328329351171
885217382456807426
885217420499144704
885217527957204992
885217807297859584
885217892324839424
885217923069087744
885217932275593217
885217938659266560
885218232075988993
885218374913069061
885218454055391233
885218516101730304
885218637455515648
885218763037188096
885218821979680772
885218999285448705
885219044659519488
885219087978311682
885219128180695040
885219173332287488
885219192374513666
885219239421988865
885219393785008128
885219412525109248
885220098302201856
885220249896923137
885220308097130496
885220420961677312
885220584292012033
885220589056733185
885220598066163712
885220870020640768
885220916510195713
885221629462269952
885221656515497984
885221740993032196
885221772852854784
885221997604737026
885222128798322689
885222387935047682
885222509863239680
885222513386692609
885222832585809921
885222911128346625
885223004015386627
885223014979309568
885223024269635585
885223086655668224
885223097984573441
885223387563479042
885223620200607745
885223904855416832
885223909402042368
885223972639576064
885224040046227462
885224161643290626
885224171885793281
885224227699294208
885224251736944640
885224322859753472
885224682714275841
885224730248302592
885224732001488897
885224779111956480
885224993818370048
885225055961182208
885225238979645440
885225254204977152
885225279190441985
885225479812284418
885225481108324352
885226021687087107
885226034689433601
885226224913719301
885226232685744133
885226244480131072
885226318773850112
885226335458689024
885226339929907200
885226466648219648
885226914822184963
885227100013244416
885227312190545921
885227318309990400
885227461566504960
885227556525441024
885227570232426502
885227858616102913
885227863779225600
885228371252305921
885228416034902017
885228689679671300
885228711494242306
885228831338049536
885228843916722176
885229587805990913
885229591421480961
885229727220453376
885229774792208385
885229925040615424
885230306198007808
885230688349433858
885231180743921664
885231267129815042
885231357311549441
885231438496489472
885231624069287936
885231831750148097
885232073715453952
885232080443068416
885232207207464960
885232209669574657
885232470467235840
885232619067199488
885232659240189952
885232808310059009
885232818007269377
885232847660961795
885232904745488384
885232919836590080
885233164528046081
885233208861831169
885233340965691393
885233455965114368
885233673762725890
885233711347793921
885233892940230657
885234030114942977
885234045453570048
885234122322567168
885234338148888581
885234437209731074
885234477039046656
885234620010303489
885235037922373632
885235097036783616
885235282957787137
885235315316670464
885235416894509056
885235421743022082
885235476969381888
885235484905091075
885235757346156545
885236372377923585
885236371882946560
885236372914700288
885236395148759042
885236397120081922
885236435565072384
885236548597420032
885236752180555777
885236802348560384
885237078853922816
885237180326699008
885237205899386881
885237276233617410
885237313336475648
885237320361836545
885237451081400320
885237454692855808
885237472321523712
885237643042226176
885237689733328896
885237712005025793
885237738521460736
885237743655284736
885237751834136577
885237853046833153
885238423514230786
885238496310505473
885239018312654848
885239033391087616
885239244800839680
885239304615841792
885239585680359424
885239681700380672
885239696196063233
885239704077160449
885239843172823040
885239885912829952
885239891155701761
885239901452738560
885239979944943617
885239996747325441
885240188812787713
885240226985193475
885240249017929729
885240276964585474
885240387950051329
885240405746487296
885240460704395264
885240525577748480
885240732658827264
885240786404724736
885240832953077760
885241182539968514
885241406708645888
885241408944308224
885241413306372097
885241518474264578
885241564729135104
885241574153736194
885241575231586304
885241582412337152
885241741623910400
885241958914039809
885242033362874370
885242040547672064
885242057777958912
885242254826377216
885242370052079616
885242440344641536
885242467284549633
885242478407942144
885242516819378177
885242574763696128
885242730691080194
885242753772400640
885242883930034176
885242892775817216
885242972161355777
885243057821679616
885243157096562688
885243403180625920
885243461687005184
885243629056512000
885243882501533696
885243916601184259
885243939527180288
885243988957114369
885244145354383360
885244171958833152
885244212932993025
885244240288247809
885244290884136961
885244305782317056
885244370596892672
885244435675664385
885244558094807040
885244562083655681
885244643058880514
885244769181585408
885245000342228993
885245012761595904
885245145477730305
885245357902487552
885245498587840512
885245728842543104
885246036842885120
885246154606338050
885246415873744899
885246528444665856
885246588318351360
885246654856798208
885246704295055361
885246761073348609
885247057501585408
885247080968663043
885247270115037184
885247400062836737
885247788145160193
885247919309410305
885248158023995392
885248212113739776
885248284843008000
885248292623351811
885248518260129793
885248568298270720
885248804294979584
885248928253435904
885248955558363137
885248984356462592
885249029608792064
885249051482083328
885249186903601154
885249224379691009
885249265127362560
885249268436652033
885249424334528512
885249536184156161
885249614143778817
885249646288883713
885249658498543616
885249754766114816
885249803801821186
885249867056021504
885250035612569600
885250258837655553
885250353083633667
885250355042320384
885250396012367872
885250527608655872
885250574849105920
885250668910522368
885250701793927172
885250735524413441
885250852944052225
885251230615953408
885251293748510720
885251308940398592
885251476209238016
885251482932707330
885251510581567488
885251589258260481
885251639107563526
885251683575635969
885251753943367683
885251771786043392
885252106432765953
885252216898162689
885252227568463872
885252405272739842
885252421320146944
885252486025670656
885252515498950656
885252544632672257
885252670898012161
885252673276084225
885252731908259840
885252734886268928
885252899252654081
885252953828929537
885253113103437825
885253139963813889
885253168770289664
885253228790730753
885253409032548352
885253547490758656
885253797404180481
885253814227537920
885253831977783296
885253855751147520
885254023586213889
885254173545156608
885254257787666432
885254306768801795
885254318877704193
885254343775186945
885254417322323969
885254467259703297
885254594967764992
885254736928178176
885254741546151936
885254841303535617
885255053367443457
885255078051016704
885255288940638208
885255360998723585
885255367005020160
885255373837488129
885255674116145152
885255782245310465
885255808770068480
885255834820804608
885255936390160384
885256028694216706
885256217182031874
885256291794530305
885256447294091264
885256659358101504
885256851050434560
885256881199095810
885256945699102720
885257162456522754
885257199752273920
885257240541876224
885257272989016064
885257301111832576
885257395747926016
885257770039205888
885257935420624896
885258220788494336
885258334177288192
885258339512455169
885258357975781377
885258692257619968
885258814903250944
885259139429138432
885259228323209216
885259236695040001
885259383042703361
885259474138800129
885259542380064768
885259647610957824
885259699259617280
885259748114931712
885259949449895936
885260074108809216
885260117138165760
885260223786745856
885260355286466560
885260437775896579
885260712402178048
885260802688786432
885261062647541761
885261096667537408
885261106654171136
885261310090502145
885261440722055168
885261905362898945
885262211777794050
885262212549550081
885262243234930688
885262495530831872
885262533233451008
885262812959969282
885262821625257984
885263335670861824
885263460615036930
885263498107813888
885263776467087360
885263789444169729
885263834247823360
885263849989050368
885263950455218179
885263982054998017
885264144957616128
885264186015711232
885264231200849922
885264247692951553
885264458179899392
885264939010723840
885265357539356672
885265858431524866
885265905298661377
885265938731368448
885265953893867520
885265963175858176
885266217220616193
885266285835288577
885266479637299201
885266620230270978
885266773267931136
885266962137395201
885267169319235584
885267284616413184
885267450157301760
885267626888441856
885267889598738432
885268207237558272
885268322211827712
885268804946862080
885268886790299649
885268911796756482
885268923209437185
885269074590171137
885269173991075840
885269220602281986
885269224326868992
885269343814266880
885269384708730880
885269463456780290
885269615013765121
885269671003525121
885269731200172035
885269862590939136
885270008699531264
885270113187921921
885270340812845060
885270382000951296
885270676269084673
885270740261625856
885271720273358849
885271993385439232
885272310546141187
885272877070778368
885273076052656130
885273142939316225
885273520116297728
885273624437022720
885273641944047616
885273791101886465
885273818293514240
885274180433870849
885274332418764800
885274568218337280
885275181945671680
885275193672912896
885275392013107202
885275427937320962
885275511353683968
885275695416569856
885275744875708417
885276003211390976
885276111055314944
885276486370025474
885276689391112192
885276844370644992
885277295098953728
885277571675566080
885277730836762624
885277938127601665
885278966600347648
885279010510516224
885279109495914499
885279229738455040
885279449503215616
885279919902773249
885280105878228992
885280172164960256
885280202049417217
885280208219230208
885280354466242560
885280413635289089
885280480383422465
885280536477945856
885280809531437056
885281119679262720
885281513914421249
885281718751592448
885281872808484864
885281968103018497
885282343157673984
885282411600281600
885282599186423808
885282635953704961
885282878283763712
885282938077794304
885283153035878400
885283488370311177
885283684819099648
885283762766008321
885284280481587200
885284512132993024
885284553761357824
885284685898711041
885284924500172801
885285057153380352
885285149067415552
885285256735191041
885285760001355776
885285924824809472
885286294825390080
885286505777901568
885286504439984128
885286621926621187
885286884410351616
885287217928818689
885287481691832320
