882751138801569796
882751278987739136
882751345719160832
882751411028623360
882751493224443910
882751545074384896
882751834343055366
882752104548487171
882752523513319424
882752668808208418
882752776111104001
882752811884306434
882752943518351364
882753164704960513
882753574056456192
882756333962907648
882756875326033920
882757347202007040
882759285792542722
882760467046952962
882761427915636736
882761769759907840
882762015206510601
882762617017839616
882763026293719044
882764144193286144
882764983167311874
882765636384030721
882766090547417088
882766096146845700
882766236169506816
882766403719266305
882766774273536000
882766993262338050
882768752869343233
882770062540763136
882770127716003840
882770281365819392
882770302207496197
882770419752816640
882772808660643841
882772911035232256
882773032707792897
882778772898017284
882779145490628608
882779661654261760
882780991760158720
882781436763353092
882782446001025024
882782839871242240
882782979025641473
882785672444116993
882786234350882818
882787504830767104
882787570198949888
882787847840944128
882790382223978496
882790509785358336
882790564441227264
882793881003229185
882794650368704512
882794748205031424
882795115084959744
882795891719098368
882796320339177473
882796803476901888
882797662679990272
882797859883683841
882798329154940928
882798509673521153
882798626493386752
882799027812782080
882801977163304961
882803830580285441
882803860942749696
882805560881684481
882805615646691328
882806869659602944
882807808701353984
882808404519133184
882809807828389889
882812542132912128
882813573071818752
882814792750292996
882814812702560257
882815785735004161
882816801213644800
882816940712054784
882818017163345921
882820035227635712
882820595460829184
882820981332594688
882821137994047488
882821542970892291
882821936274960384
882824892017782784
882827230874935297
882828196823093248
882828316260143105
882831952340021250
882832311611510784
882832442649976833
882833082260357120
882833189391171584
882833759271366656
882833761527791620
882833769853575169
882834324382527488
882834571699552256
882834800721235970
882835665163100160
882836135252303872
882836259143548928
882836433127579649
882836493248729088
882836644403048449
882836655232737280
882836855435259904
882836890529017862
882836947328262145
882836984733085698
882837024562171905
882837304792023041
882837407489511424
882837511856369664
882837552796971009
882837572417966080
882837580726906881
882837927834914816
882837971724054531
882838182190096384
882838198971498498
882838245519876096
882838309017460736
882838391804571650
882838394514137088
882838723347533826
882839228270489600
882839313532067840
882839509511135232
882839623344500736
882839758145290240
882839823077134337
882839894833475584
882840186849198080
882840459722334208
882840507566706688
882841073931796480
882841245227376640
882841443836059648
882841561322663936
882841603852861440
882841775924281345
882841886360252418
882842022582898688
882842230075138048
882842330209951746
882842586821603328
882842953202401280
882843080814198785
882843139253338112
882843240881430528
882843355033370624
882843388126560260
882843445974446080
882843650882928640
882843848690458624
882844015590342658
882844288773763072
882844474895982592
882844572153524224
882844600125227009
882844606072750080
882845018792316928
882845019270504448
882845708692451328
882845951936921600
882846287426670593
882846443622600704
882846447317725185
882846525747060736
882846695566057472
882846922977026048
882846981722394624
882847012491755520
882847162106818560
882847195829071877
882847326649417734
882847339668484096
882847550751092736
882847640123318273
882847727629070337
882847764559925248
882847791315275776
882847798751899648
882847981157978112
882847984458899456
882848035473993728
882848098921394176
882848112452218880
882848126066970624
882848152084262916
882848184086691840
882848209634304000
882849161015635972
882849291794083840
882849681927286784
882849764173389825
882849769881837568
882849801754333184
882849968079470592
882850047397945348
882850196459319296
882850313346088960
882850531697405952
882850593735311360
882850963735941121
882851229629657088
882851425302319104
882851472827920384
882852032234872834
882852173805215744
882852215362342912
882852510003859461
882852687812870144
882852803617619969
882852821900578818
882852892159377408
882852912359239680
882852935692156928
882853103531429888
882853114273038338
882853204274401280
882853264873713666
882853285203505152
882854395188215808
882854546837573632
882854988963250177
882855137101918208
882855212423274496
882855426919936000
882855698425675778
882855903686533120
882856313017036800
882856384869662725
882857082218844161
882857113818714112
882857265274990593
882857331373092865
882857339962961920
882857991975952385
882858013140373504
882858999707820032
882859111670575104
882859173872099328
882859257447809024
882859656384626688
882859715214102528
882859723455942656
882859757974978560
882859881929334785
882859947058507776
882859985067286528
882860254505074688
882860270707671040
882860289200447492
882860811114491905
882860843976847361
882860900943835136
882860906526519297
882860953846644736
882860954756808704
882860959429033984
882861071371030528
882861193530155008
882861210068164608
882861265231777792
882861322509201408
882861326170808320
882861362715734016
882861389232164864
882861491371880448
882861608896258048
882861679901626368
882861706199920640
882861942578302977
882861991987118081
882862114368630784
882862264826638336
882862511795712000
882862526056337408
882862584503971840
882862829082206208
882862947554529282
882863041330782208
882863333422059520
882863350014771200
882863372269694976
882863723769147393
882863846846857216
882863906607304704
882864024660168704
882864084273823745
882864183469060096
882864335969804288
882864433214758913
882864540626690048
882864728984481792
882864922178326528
882865156006576132
882865178383134725
882865230136696832
882865258364370944
882865324231733248
882865544101326849
882865572417073153
882865582441365504
882865805230133248
882865809885933568
882865933462712320
882866046222442496
882866070654259200
882866181769768960
882866205211668480
882866215802286080
882866339949555712
882866443217489920
882866541062086656
882866580291506176
882866627473281026
882866829147996160
882866927542075392
882867025110028288
882867039140016128
882867119892967424
882867455739265024
882867676309315584
882867702607605760
882867904777244672
882868144167157760
882868156175441921
882868233950375936
882868260730880001
882868379677331456
882868443585945600
882868449550233600
882868504629837824
882868716358205440
882868927973478400
882869281121222656
882869326134607872
882869404756836352
882869483085455360
882869637809147905
882869819388960772
882869844223426561
882869898896064513
882870018639355904
882870136310464512
882870141746393089
882870231202492416
882870263997755392
882870613840416769
882870646413430785
882870817780113408
882870893348827136
882870971442638848
882871232479322112
882871318571622400
882871393586696195
882871614676901889
882871882210562049
882871884639088641
882872115971727360
882872207390756864
882872329814114304
882872363880239104
882872418871779328
882872823122980864
882872920657276928
882872949568569344
882872995508834304
882873427316617216
882873428088426496
882873671911657472
882873830464790529
882874099827126272
882874118999244800
882874495471570945
882874507417014272
882874559141216256
882874616670236672
882874762363645952
882875122763399171
882875365282205696
882875394696851456
882875410630967296
882875432672145408
882875548384579584
882875770280050688
882875872813953024
882875898365710336
882875908339757056
882876127940931586
882876179627298816
882876221280968704
882876428278214656
882876479482318848
882876506523017216
882876507932295169
882876585036181504
882877199036055556
882877263036940289
882877415009255424
882877422395420672
882877803640893440
882877812499251201
882877868723716098
882877894242054144
882878121044840448
882878271326740480
882878405401817088
882878601846194177
882878617235193856
882878695958032386
882878709325344768
882878825817927680
882878837373231104
882879395261800448
882879445777997825
882879629723303937
882879737252777984
882879840029945856
882879881792675840
882879990408376320
882880012604538880
882880135824908290
882880300245803009
882880325508104197
882880387017527296
882880388162387970
882880474959540224
882880671273943040
882880713388941313
882880883358928896
882881080197558273
882881141161816064
882881283755577345
882881366605672448
882881532075143169
882881658336284672
882881765907607552
882881868156239872
882881939354652672
882881966672138240
882882046464544768
882882115561566208
882882189515522048
882882647894233093
882882827313917954
882882849111769090
882882925343244289
882882973728731136
882883121573748736
882883352294031360
882883455385837568
882883672063586304
882883697980174337
882883731480088577
882883783086804992
882883815928197121
882883862652760064
882884021281316864
882884457774149632
882884654231150593
882884881759580160
882885128137179136
882885271783706624
882885314087460864
882885339618082817
882885337722347520
882885372992212992
882885571932299264
882885607801966592
882885630849691648
882885932264955906
882886106559242241
882886247290724352
882886337199656960
882886390945521664
882886599377399809
882886825022541824
882886946145665024
882886949429706752
882886976474685440
882887063309344769
882887131470991360
882887148843806720
882887173518876673
882887190572912642
882887210890121216
882887641951326209
882887708858867712
882887782317776896
882887965755703296
882888029983170561
882888078351892480
882888116775911424
882888244156911616
882888405918638080
882888429243117568
882888636232069120
882888825143529472
882888912854814720
882889008161968129
882889042580443136
882889067658182656
882889176475107329
882889269479714816
882889340862570496
882889414892023808
882889550447685636
882889568651010048
882889571129806848
882889652725846017
882889682803200000
882890296614203392
882890331859156992
882890384027856896
882890688337260544
882890749754441730
882890756964446208
882890832457682944
882890982542454784
882890984031481856
882891087030964224
882891087848910849
882891299678027776
882891783402921988
882892067206303746
882892312325623808
882892330180718593
882892333280309248
882892389165268994
882892506110849024
882892521101197312
882892613631827969
882892682623954944
882892797329756160
882892907073720320
882893243578540033
882893276633804802
882893300897898496
882893378404462593
882893653420670976
882893792445181952
882894499663544320
882894534618828801
882894609927614464
882894653758066688
882894980850765826
882895221494882306
882895253912645632
882895305703870468
882895434477383680
882895717047701505
882895837264740353
882895945549185024
882896160880513024
882896214991261696
882896282813161472
882896411087388672
882896493648203776
882897045173878784
882897708176068608
882897832562368512
882897852615323652
882897909993177088
882897939433115649
882897958609485824
882897998526783488
882898041266745345
882898352916090884
882898385958731776
882898537968783361
882898824607531008
882898942207373313
882899084360724480
882899121631367169
882899458111004673
882899628131332096
882899712902299648
882899780413915136
882899841751302144
882899887486107648
882899951063269376
882899967928676352
882900008089026560
882900171511746561
882900184509943809
882900468325900288
882900487233822720
882900695363538944
882900776657575936
882900803085848576
882900816398618624
882900822971080707
882900921302134784
882900975715053568
882901018710822913
882901023752323072
882901229537570816
882901303671873536
882901577643773953
882901600334905344
882902114414014465
882902381377310721
882902439661383680
882902564680994816
882902644867686400
882902683534983168
882902708264595456
882902844684324864
882902949458051073
882902972593840128
882903080626421761
882903282611609600
882903497968160768
882903585150947329
882904035254304768
882904152854196224
882904164703121409
882904422942199808
882904455922036736
882905189191122945
882905273521905667
882905345168900096
882905647829979138
882905775458443267
882905783087792128
882905810728341504
882905859961102336
882905920975646720
882906017113268224
882906018447077376
882906090467467265
882906104316997632
882906170687729664
882906175762829312
882906201322815488
882906228019666944
882906234244005889
882906377676566528
882906586833977345
882906675753107456
882906937582604288
882906976442822660
882907064015740928
882907165362728960
882907207284781058
882907243255144448
882907323538210816
882907340898435072
882907849751486464
882907855464140800
882907964813824000
882908010225569792
882908023362125824
882908056358670336
882908124197335040
882908318347530241
882908389508100096
882908620874280960
882908643120775168
882908642906972160
882908851040858113
882909053512560651
882909072697241601
882909149637509121
882909630602633216
882909695450775555
882909784508436480
882909795900063744
882909828150165504
882909968499953664
882909990209638400
882910139841482753
882910260838760448
882910320641134592
882910381101862915
882910424450117632
882910527495831552
882910573826109441
882910574295822336
882910593564409856
882910711302770688
882910712905043968
882910768064331778
882910828890140672
882910914709778433
882910943323328514
882911031286169601
882911272626532352
882911364578258944
882911506647707649
882911556073385984
882911569553829889
882911733987381250
882911820952031232
882911852350644225
882911890556563456
882912110849781760
882912275509784576
882912377649364992
882912394527354880
882912466975567872
882912554435129344
882912834018959360
882912969100845056
882913068971429888
882913270671265793
882913673311907840
882913747072933888
882913838915608576
882913890308378625
882913955181731841
882913969169682433
882914038367350784
882914135318695937
882914170970177536
882914183637065729
882914252834697216
882914384518971394
882914413338034177
882914487564734464
882914540505227264
882914577998073856
882914669114961920
882914670260178946
882914672583856128
882914884324929536
882914936950849536
882915028810256384
882915068178046979
882915120988467200
882915140722724864
882915277737951232
882915428250660864
882915496152096768
882915600590307328
882915668999450624
882915811148615680
882915953419460608
882916025678909441
882916101461495809
882916159028432897
882916229094137856
882916255853891584
882916283293085696
882916356118781952
882916442903130113
882916598616473600
882916600382402560
882916602982825984
882916665138319360
882916772545998849
882916787981045760
882916833581518848
882917001269833728
882917136095752195
882917269164232704
882917273547284480
882917338898628608
882917368741154816
882917443152343041
882917480368414720
882917481857380354
882917499402153984
882917706370093057
882917837379129344
882917841804120064
882917847122542593
882917937702731777
882918282617118725
882918304574304256
882918517804343296
882918550175985664
882918607537283074
882918725380448257
882919268039487488
882919375577260033
882919508662517760
882919654481645568
882919740683026432
882919928860487680
882920155763888128
882920236856598529
882920303726297088
882920418209910784
882920458471055360
882920476544315393
882920527576391680
882920711756677120
882920733541793792
882920764571344896
882920795638566912
882920830329643009
882920858943205376
882920959342202881
882921126627868672
882921151974060032
882921492580794368
882921604140978176
882921706704314369
882921928536752128
882921959151022080
882921977429798913
882922009004519425
882922055225794560
882922081171771393
882922126209982464
882922155201220609
882922278606053376
882922467404238853
882922551638462465
882922679795417089
882922730189983744
882922913774612480
882923278167416833
882923472313360384
882923666501242883
882923980734308352
882924355331796995
882924445958098944
882924551209963522
882924593383714821
882924675952717825
882924939858382849
882925361293557760
882925521843126275
882925573047279616
882925847262449664
882925947036606464
882925993731780608
882926131351093248
882926443407298561
882926459962007552
882926551779524608
882926643177717766
882926780721618944
882926854843269120
882926979305156608
882926982757068800
882927073807011840
882927353445404672
882927513265197056
882927672350973953
882927706949681152
882927810419064832
882928067638734849
882928081127821312
882928154280685570
882928239232110592
882928494275170304
882928507868917760
882928648705236992
882928660159893504
882928661753626624
882928682561622017
882928727604301825
882928784609087492
882928802548011008
882928826166259712
882928895158345732
882929023281659904
882929036204298240
882929074687156227
882929345043591168
882929642654638081
882929671339421696
882929873425182720
882929943361060865
882929961946034176
882929977037123584
882930073577431040
882930083064827904
882930273901588480
882930312405286913
882930358228004864
882930362460102658
882930373583360000
882930445456998400
882930522443395073
882930600449110016
882930784012775424
882930855198543872
882931109381722113
882931120345665539
882931156374704130
882931448734461952
882931575364739074
882931628657565696
882931836711829506
882931971579498497
882931994551824387
882932182301454341
882932182423134210
882932200651587584
882932437231312897
882932840027107332
882932878925070337
882933105354342401
882933142306291713
882933187260952576
882933320383950848
882933346271203328
882933370552020993
882933567713673221
882933715311185920
882933715135057924
882933740791623680
882933978923233280
882934001710886912
882934211824553986
882934301410684929
882934378409713665
882934392242524162
882934452627922944
882934661323870209
882934690981826561
882934888529317888
882934928689725441
882935076283174912
882935233632284672
882935242608214016
882935251252776960
882935393322184704
882935414599933952
882935422673985538
882935428130766849
882935668472774657
882935682582401025
882935690144690176
882935736114315264
882935764887142400
882935893232951296
882935929048100865
882935937709330436
882936148783493120
882936201837256707
882936207818334210
882936337111953408
882936343000756224
882936368493735936
882936554590752768
882936759176372225
882936866248458241
882937000076214272
882937025745256448
882937156640976896
882937305895387136
882937368487047169
882937397511688192
882937565812273153
882937793827278848
882937844247011330
882937886013894656
882937943928844288
882937993903976449
882938067392356353
882938080575057920
882938157045608449
882938209742848000
882938236137558016
882938292949463041
882938349593513984
882938503331553281
882938555164700676
882938794495922176
882938817350709249
882938829648343041
882938944840663041
882939028450025472
882939046850437122
882939101955198976
882939140408569857
882939337926746113
882939469913088000
882939549780934656
882939585583566848
882939600817315840
882939695176482820
882939815909629952
882939834066767873
882939950441869312
882939949837930497
882939977109311488
882940016032444416
882940064820494336
882940085456580610
882940134060154882
882940161805438976
882940183863336960
882940297084370945
882940309398802432
882940459039039488
882940570200682496
882940599762120705
882940605999001601
882940743186341888
882941018592641028
882941179670679552
882941306531708929
882941345345699840
882941379671883777
882941640884854784
882941764411240448
882941796388675584
882941920661692416
882941998675759104
882942317501480960
882942574436261888
882942695135641600
882942726253236225
882942755734945793
882942877122400257
882942891420790785
882943029723660288
882943161273896960
882943256270708736
882943349828857858
882943360595636224
882943367520428033
882943394774962176
882943462726914050
882943529386987520
882943564400951296
882943649838968833
882943729597898752
882943786728513536
882943847063486464
882943853787049984
882943887848951808
882943970464202754
882943987300134912
882944044854374400
882944069592330240
882944212408438784
882944335955849216
882944415857332224
882944819068366848
882944940904525824
882944954594709504
882945036106825728
882945263681318912
882945278805979136
882945323181772800
882945329695518720
882945434649583616
882945542304796673
882945563720912896
882945601213796352
882945722362064896
882945749583056898
882945785981227008
882945825059602432
882945987203002368
882946117775831042
882946231424749568
882946330049511424
882946342720503808
882946465202622464
882946582727012353
882946620769349637
882946647902347264
882946759395340288
882946854723477505
882946896297316352
882946925426855943
882947021950164992
882947096856461312
882947135884464130
882947154213523457
882947154838507529
882947196672507905
882947203442069504
882947299260985345
882947656393383936
882947725687480320
882947741239971840
882947812148867072
882947986728378368
882948010975670273
882948209156521984
882948306288222209
882948485154254848
882948978047946752
882949193249300481
882949437852717056
882949616421023744
882949634808836096
882949985456795649
882950450428948481
882950475829719041
882950629458677761
882950675621175296
882950676418101248
882951117654687745
882951350908317696
882951363155689477
882951582844948480
882951637618368514
882951976333578240
882952059313680387
882952213907329029
882952339346403333
882952466341429248
882952607983120384
882952680670470144
882952788329803777
882953393093971968
882953409485295618
882953658425638912
882953695914315776
882953821181358080
882953826860445696
882953927968292864
882954188522762244
882954327597383681
882954408216195072
882954560075177988
882954796281548801
882954799708348416
882954800488476672
882955007737384961
882955261463457792
882955306074034176
882955345483706368
882955359601688576
882955769162936320
882955803916980224
882955987027718144
882956039758520321
882956163045892096
882956217936748547
882956270587842560
882956321439567873
882956380281470976
882956467225145344
882956923376717824
882956930100154368
882957151488102400
882957297856774145
882957695011180544
882957717073260544
882957764213055488
882957929598550017
882958012830318592
882958170804670465
882958247287812096
882958325180182528
882958365995012096
882958384126885888
882958620601831424
882958712549380097
882958831541776384
882958881953021952
882958977058963462
882959063159590913
882959225340780544
882959308388007937
882959669580398592
882959874619047938
882960016545906688
882960131780214785
882960277502873602
882960311099076608
882960439633752064
882960532986265600
882960641404932096
882960659113234432
882960845604605952
882960917427879936
882961007290744832
882961018598699013
882961034662858756
882961176245792768
882961217903616001
882961305283559424
882961406815064064
882961434027716612
882961658888552449
882961862878519296
882961945468563458
882962025705504768
882962043913084933
882962079346503680
882962204731092992
882962347861491712
882962363980369921
882962702586580992
882962713600831488
882962729774067712
882962820660424704
882962826159063041
882963019180978177
882963092405194753
882963176488407041
882963193945104387
882963803910033410
882963812835569665
882963882372976640
882963948974329856
882964079329103872
882964314562473985
882964475426557952
882964478769418241
882964711322603521
882964730813480960
882964756403023873
882964775751254016
882964968936796160
882965019146825729
882965054966059008
882965125484994561
882965381073313792
882965650733502465
882966245632593924
882966322400841732
882966507709276160
882967121969467393
882967267297939456
882967343105798144
882967549675278336
882967712418324480
882967933969936384
882968260945358848
882968493276233728
882968727096107008
882969199030784000
882969614128476161
882969949878276096
882970127603572740
882970167009038336
882970301646213123
882970323301412865
882970548048973827
882970620648189952
882971008411598848
882971022739353600
882971036110729216
882971190624747520
882971217560567808
882971292739260417
882971296069558274
882971542510067713
882971917266931712
882971967833374721
882971970073235458
882972099316416512
882972268229427200
882972330741420032
882972623738720256
882972647147134976
882972680626065409
882972692399476736
882972741468643329
882972756048039936
882972804513017856
882972805201096705
882972823395987457
882973084634021888
882973177793712128
882973308924375040
882973395817779201
882973477682196480
882973603905589248
882973614521417728
882973664911740928
882973688206962692
882973754460164097
882973760273473541
882973845803728896
882973857837178880
882973885603471361
882974034400595968
882974076305895425
882974096534974464
882974141049176064
882974188381888512
882974214155882496
882974277917716482
882974360222527492
882974417126608897
882974427654365185
882974624618885120
882974736195694593
882974808585252864
882974894086029312
882974933353209857
882975092367659009
882975121421590528
882975129378189312
882975230838415361
882975293262245889
882975399533314049
882975451718840324
882975563232817152
882975580710424576
882975585143857153
882975743927394304
882975836936306689
882975859984011265
882975910349111296
882975936450363392
882976026623692801
882976078247198721
882976121901518848
882976170698047488
882976244782051328
882976304227864577
882976348179976192
882976348389740544
882976459824017409
882976521371217922
882977000939548674
882977083684683777
882977200009613313
882977263238733825
882977332184666112
882977495653416960
882977636640862208
882977666856624130
882977691728715777
882977705821712388
882977814831652866
882977872943697920
882977920163221506
882977987834019842
882978179450896385
882978323017740290
882978381163352065
882978431348215808
882978506837282817
882978511945969664
882978524210049024
882978828590735360
882978976402112512
882979265381269504
882979283991498752
882979404195999744
882979504028872704
882979545535721472
882979994611351552
882980046532685825
882980107513724928
882980198299435019
882980399219167234
882980421897736192
882980423948783616
882980503514755072
882980594636009472
882980615590731780
882980687808266241
882980800366620673
882980926636138496
882980982663544832
882981056466612224
882981078801297409
882981160070111233
882981288449376257
882981920807804929
882982051015774209
882982364657459201
882982465828204544
882982540847579137
882982592651440128
882982788617691136
882983141182517248
882983394900160514
882983414709747712
882983448771735553
882983502748291072
882983693773656067
882983700421632004
882983737327308800
882983778964131840
882983813843996673
882984051451285504
882984168505753600
882984187829071872
882984213443747841
882984246226321411
882984275368452096
882984726474215424
882984837472243712
882984873643970563
882985110785622019
882985181682044934
882985208882094080
882985274392936448
882985655197990914
882985660356972544
882985734818459648
882985790363418624
882985796864794625
882986323447083011
882986437368565762
882986452958666752
882986710593916928
882986794916204544
882986856211730432
882986859286204417
882986870673514496
882986974851805184
882987137838305280
882987172042874880
882987261280833536
882987333770989569
882987347859714048
882987356617400320
882987570317144065
882987623475810304
882987689049542656
882988031673868288
882988037969510401
882988127748595715
882988221264736256
882988261815320576
882988356166184960
882988442098991105
882988565097066496
882988577679921156
882988695913062402
882988697670602754
882988736237187072
882988738267283457
882988754293706753
882988797218230273
882988837387030532
882988894563782657
882989076412063744
882989206636818432
882989207983185921
882989689141174273
882989770233843713
882989824738832384
882989841767694337
882989888462888960
882990057199677441
882990149285683200
882990229216538624
882990445231517697
882990521550946304
882991137153323010
882991214886309888
882991584333230081
882991976139894784
882992181459505157
882992197276184579
882992585601581060
882992598402699264
882992753814233088
882992823263535104
882992856624975876
882992996354019328
882993125844811776
882993276508413953
882993518750380036
882993525142544384
882993568297738240
882993677806829568
882993748094971905
882993755737001985
882993779204124672
882993882266578944
882994083983216640
882994148902658049
882994296596594688
882994545398603776
882995028968210437
882995141589454848
882995306702548992
882995339258712066
882995396016033793
882995567021961217
882995854898024450
882996297426403328
882996680571977728
882996883890810882
882996931290705921
882996995102695424
882997157548228610
882997331041431552
882997459601043456
882997750505320448
882997773519532032
882997885457117184
882997997369532416
882998044857335815
882998074892857345
882998122661769218
882998186369044481
882998222112903168
882998233693388800
882998533997158401
882998740931538944
882998744735678464
882998763249438721
882998799920222208
882999056108314625
882999142754156544
882999245325950977
882999292184715264
882999422115774464
882999513186787328
882999598809321473
882999758138130433
883000122724028420
883000404900016128
883000583250161664
883000707737165824
883001074361217024
883001153709113345
883001243534336001
883001276467990532
883001297796050944
883001446777602048
883001553380155392
883001556232282112
883001567175200768
883001596120059904
883001682531057664
883001810885259267
883001843143643136
883001902539186176
883002074832699392
883002152335159296
883002167069691905
883002206420643841
883002235356971008
883002299777503234
883002423849226240
883002481604792325
883002589859786752
883002656591155205
883002671904550912
883002684307058688
883002693085802496
883002871641497605
883002884622864384
883002943905169408
883002950817378306
883003331232354304
883003402946588672
883003461788368896
883003678214541313
883003726071517185
883003772712222720
883003877506916352
883004151587786752
883004183607205888
883004500231036929
883004678702850048
883004692263030785
883005049223471104
883005188495339520
883005320049643522
883005657728901121
883005678079664128
883005805225795586
883005818576281603
883006091319283712
883006176954388481
883006237692002304
883006473697099777
883006724868902913
883006785069645824
883006929404133378
883007124695109632
883007207247409152
883007325593890823
883007414848638976
883007622261207040
883007647796125697
883007648861487105
883007652141379585
883007846702620673
883008012914491393
883008122708787200
883008331815813121
883008341617905664
883008420529528833
883008443048755200
883008467992236032
883008505980092416
883008654454259712
883008670082228224
883008806485204992
883008823165935617
883009400843251712
883009439313395713
883009517822377985
883009733053100032
883009804360454145
883009818210045953
883009998758060034
883010064478609408
883010070312882177
883010132837355520
883010283798761477
883010311023988736
883010313838370816
883010455412908032
883010473586827264
883010482256441344
883010486119346176
883010754185711616
883010789724086274
883010801380069376
883011020842729472
883011424607449089
883011649577271296
883011786143879168
883011821254344704
883011889525125121
883012233810374656
883012337057320961
883012414345805824
883012460852150273
883012483270791168
883012718361554944
883012845880958976
883012855150383105
883012954593079298
883013348345995264
883013351227498497
883013383179702273
883013515056996356
883013607553982470
883013742325321728
883013943228280833
883013947464482817
883013994923032576
883014008340709376
883014019002621953
883014143279849475
883014183444500480
883014332866592768
883014466891374593
883014468770418688
883014692553273345
883015025853685760
883015112738709504
883015163653312512
883015183349821440
883015279999168514
883015410878119936
883015428330663936
883015429236695042
883015939222122498
883016053986660352
883016161067225088
883016409768480770
883016450109321217
883016491087667200
883016519818649602
883016538755936256
883016572306157568
883016703566913538
883016759732776960
883017141116702721
883017154559344640
883017288705814529
883017312537915393
883017386034692096
883017405890519044
883017489688535041
883017509481402369
883017578901377028
883017671306084352
883017838897901568
883017851757625344
883017857545756672
883017930241445890
883018135070289920
883018146440990720
883018211188408321
883018320018014208
883018367434727424
883018448279928832
883018518408511488
883018583428780035
883018586180157440
883018679604084736
883018793538265090
883018807987642369
883018872835772419
883019052775505921
883019164377653249
883019237077512193
883019271445655553
883019362118111233
883019482444247040
883019634349309952
883019647855071233
883019775412236288
883019975459557376
883020150915686400
883020364103770112
883020365722726400
883020506991079469
883020598691213313
883020632602050566
883020703456518148
883020742211895296
883020746339086337
883020871899770881
883020994281168896
883021002866905089
883021105807712256
883021162531373057
883021193493848064
883021311005642753
883021323148156929
883021363308617728
883021479314690048
883021481218895876
883021626773831680
883021650991755269
883021957184270337
883022014742704129
883022183580147712
883022222197215232
883022400710995968
883022453269725184
883022467392053249
883022699718742016
883022806262394881
883023034667253760
883023254281170945
883023288280240128
883023475434287104
883023557508435968
883023563661479936
883023569042669570
883023602341355521
883023689255727104
883024026549055490
883024067145715713
883024169159577600
883024485909225472
883024551084531712
883024676678750208
883024677026885633
883024929511411712
883025032452157440
883025552994701313
883026010001870848
883026126079008768
883026142579609601
883026142814507008
883026236355858433
883026251291742208
883026353519558656
883026411677732864
883027267294769152
883027430595854340
883027478041722881
883027596098842627
883027962001575936
883028053408043008
883028200925691904
883028214070861825
883028487854059521
883028551016091655
883028935478587392
883028953396641792
883029133994979329
883029142480072704
883029225464352768
883029264513343488
883029352748908544
883029399716585472
883029433254326272
883029447707906049
883029585889185792
883029628398469121
883029669116882944
883029692101664768
883029849845223426
883030279044177921
883030637296455680
883030666404921345
883030789268656128
883030888128315392
883030926346866688
883031033519714305
883031237891428354
883031893276450816
883031994694807553
883032314611105794
883032426557169664
883032430772453376
883032633286033409
883032740404371456
883032784696221696
883032799137103872
883033129295937536
883033140801024001
883033540723490816
883033554682347520
883033568439664640
883033740737490944
883033929435009024
883034121919975424
883034163611414528
883034419401031680
883034470621773826
883034473805352961
883034665891901440
883034893617385472
883035059271475201
883035248493199362
883035265090113536
883035375056322560
883035378906791936
883035549237469184
883035594837942272
883035738413125634
883035829911924738
883036185714724864
883036209689309188
883036214802165760
883036248868216832
883036252794179589
883036414748872704
883036475142672384
883036614653595649
883036642923208704
883037019022274561
883037199796719617
883037216888549377
883037481121271813
883037766522720257
883037938984116224
883038033855094784
883038307172712451
883038534902349824
883038910112288769
883038932329537536
883039044627714048
883039091423670272
883039183794827264
883039227205890052
883039286026809346
883039300325081089
883039316603260928
883039329634971649
883039518944899076
883039523046907904
883039724792950785
883039950693969920
883040124937940993
883040242332250113
883040243657699329
883040322401558530
883040546578726912
883040675842764800
883040690095181825
883040707166031873
883040778880245761
883040809393770497
883041081843208192
883041083881664513
883041233865760768
883041297044471808
883041707213824000
883041835769372672
883041886306435073
883042000626483200
883042080808980480
883042154037338113
883042256864858115
883042285126127618
883042354009124866
883042439480709121
883042525002510336
883042579452903425
883042598889369600
883042669026578437
883042776241274881
883042813394305024
883042837406793728
883042934974763009
883043000749654016
883043033398341632
883043049223401472
883043114600079360
883043117498118144
883043232665305088
883043239527419904
883043250679947264
883043439150981120
883043547578019840
883043553705836544
883043638221078528
883043645183713282
883043700389040129
883043722958471168
883043803002699776
883044012403208193
883044120838627328
883044215332012032
883044327781523460
883044411063640065
883044423424065536
883044422279020544
883044511777214465
883044585420836864
883044625195380740
883044677200494593
883044684540428288
883044693050707969
883044725833560065
883044768107950080
883044801364410368
883044852161708033
883044877579177984
883044930997846017
883045100191985664
883045179476893696
883045290718232576
883045292374884352
883045296745443329
883045352059883522
883045415406497792
883045582155239425
883045640619667458
883045714959446017
883045714900766720
883045774355030016
883045840729907200
883045945675534339
883046059458650112
883046182863417345
883046267626106881
883046287985258496
883046358055366656
883046436371390464
883046536703336448
883046538708226049
883046583226576896
883046620786511872
883046703976382465
883046748679176192
883046756841385985
883046911502151680
883046928598142976
883047199940202496
883047279413866496
883047610101239810
883047765105889280
883047928138526720
883047932358012928
883047962720522241
883048117117100032
883048246842724352
883048400446509057
883048442427265025
883048482273144832
883048697516478465
883048733759418369
883048768014307328
883048864659406849
883048944791584770
883049086588526598
883049151801569280
883049384438632448
883049573077442560
883049706854768640
883049772260757508
883049878234042368
883049892742090754
883049921204629505
883049938241937409
883049940854898688
883050114276880384
883050122610921472
883050291435888642
883050298650087425
883050412441468929
883050442745413633
883050462995517440
883050663663595520
883050913178542080
883051087686750208
883051137330532352
883051153826746368
883051881337171968
883052092008652800
883052187139665921
883052354786000896
883052372695691264
883052412340142081
883052560655028225
883052681648107520
883052816562102272
883052972820889600
883053388702810112
883053592814522368
883054217333813248
883054311340556292
883054541821947904
883054565419085824
883054693211090945
883054778741338113
883054787255824384
883054915366604801
883054979879239680
883055021050527745
883055070169976832
883055151308779520
883055318191624192
883055440267014145
883055466699534337
883055509108129792
883055751136251904
883055793888780290
883055821562810368
883056039037456384
883056061141352448
883056175281000450
883056214246117376
883056264934293504
883056272089776128
883056360518291456
883056378562187264
883056527162183680
883056594958864384
883056611077632000
883056686121984000
883056953504780289
883057137408237569
883057138469400577
883057553407717376
883057726808522752
883057872875212803
883058020070117376
883058215965122561
883058313252007936
883058370017677312
883058471159160832
883058563106705408
883058616378564608
883058637966639105
883058640118312960
883058710737715201
883058716643405824
883058732166516736
883058798860132352
883058851821563904
883058866812071936
883058870490468352
883058968775593986
883059179946205186
883059270706765826
883059448989790209
883059503046025217
883059724630900738
883059911235690497
883059962242637824
883060005464719360
883060006723010560
883060007432056832
883060209551278080
883060241654525952
883060264706461697
883060302685900800
883060565836476418
883060641094918145
883060887757705223
883061058721775616
883061137553711104
883061186195066880
883061257468870661
883061292562599938
883061338175676418
883061435173044224
883061440625692672
883061571643207680
883061573744504833
883061627695767553
883061759602544640
883062438962319360
883062649172439042
883062682894700544
883062724288290816
883062800700121090
883062866525466624
883062954085818368
883063001569427456
883063073791148033
883063162643378176
883063166497959936
883063263717728256
883063308651307008
883063402440142848
883063619910553601
883063969073823744
883064004742189056
883064132307755011
883064195167793153
883064244996104193
883064326394961922
883064345390874624
883064415226134528
883064423400824832
883064514484342784
883064524902989826
883064587054178305
883064651457732610
883064798015082497
883064951631482880
883065041804775424
883065091788218368
883065118757662721
883065180858576896
883065242682613760
883065273619693569
883065277881217028
883065430402891777
883065493371973632
883065504914706432
883065509142507520
883065537533812736
883065540968939521
883065567380475904
883065591980011522
883065764110118915
883065786998423552
883065838449852416
883065869542322176
883065871119396864
883065916149440513
883066045426270209
883066047590543361
883066182835818498
883066233645654016
883066242420158464
883066266902245376
883066300314079234
883066346912849922
883066403347193856
883066419738497024
883066444724006912
883066655202578432
883066711108341760
883066880826724354
883066893346627584
883066900766445570
883066903417237506
883066993645154305
883067033029672961
883067156962959362
883067305353150464
883067327603986432
883067499390095361
883067525793239041
883067548962615298
883067550350880769
883067552527777793
883067677937475584
883067714931220480
883067779959619584
883067790311256069
883067817192566785
883067862616870912
883068044012122114
883068072579526656
883068169342115844
883068269539864578
883068289974509568
883068336803852288
883068649917095943
883068718183481346
883068957342748672
883069069460680708
883069160582000640
883069357483491334
883069472474632193
883069696035237890
883069757255241734
883069928567394304
883070012482826243
883070098726154240
883070189050441728
883070250144718848
883070347104407555
883070472170213376
883070472707072000
883070598905253891
883070757575823364
883070892116508672
883070892867284993
883070984881938432
883071056080232448
883071147885174784
883071298091573248
883071394220847105
883071444573454336
883071635716231168
883071737335877632
883071911760195585
883071931095945217
883072026025578498
883072126487592960
883072138500083712
883072196284952576
883072236097335296
883072260474646530
883072333287739393
883072427353395201
883072443841212419
883072487478767617
883072531464417280
883072856543899652
883072864458616833
883073012832010240
883073076216434690
883073085427126273
883073142209609729
883073361617833984
883073653604306946
883073801910616065
883073906147561475
883074052545548288
883074199216173057
883074202860965888
883074294548398082
883074346029338624
883074350148136960
883074356989001729
883074473964036099
883074561004249094
883074643963387904
883074779099561984
883074841313726469
883074852739002369
883074899568451586
883074911845134341
883075034214006788
883075056263409664
883075770439970816
883075780955209728
883076226679787520
883076357693034497
883076382363979776
883076463230160896
883076512538382336
883076876431917056
883076894949728256
883077184319098880
883077252736585729
883077318746550274
883077338333884416
883077409225965568
883077409599369216
883077442574966785
883077461944262657
883077546912489476
883077717801017345
883077960374386688
883078017312010240
883078077466759171
883078161705160704
883078266441150465
883078456099168261
883078519227650048
883078556691124227
883078707669323776
883078784664162306
883079135513456640
883079185857753089
883079495539974144
883079846225747969
883079869130838016
883079906984419328
883080083715567618
883080169463959552
883080219543961610
883080928641372161
883080957531652099
883081085508300800
883081101933195265
883081150696235009
883081160582193154
883080366411706368
883081273887137793
883081282707705862
883081490455830528
883081805649371136
883081892702060544
883082406701539330
883082612151128065
883082654299676672
883082710771802117
883082775615729666
883082809748926464
883082826714927105
883083120152428544
883083353628569600
883083562462965760
883083649461125120
883084523780661249
883084559612608513
883084617921830912
883084687811465217
883084773979291650
883084855256522753
883084933018812419
883085235260469250
883085262888341505
883085368471547904
883085851856703488
883085902398050306
883086074221907968
883086303679610886
883086613336686592
883086635805663233
883086757377576960
883086848784048128
883086876055392257
883086972914458624
883087014870097921
883087062496415746
883087241005981696
883087442215043074
883087614798069760
883087651695460356
883087816741326852
883087828384718849
883087929966555136
883088002901266433
883088247018147840
883088330413486080
883088510898630656
883088583757844480
883088607602515969
883088739026817025
883088853376086017
883088973844946945
883089020535922689
883089373515972608
883089381455794176
883089440574517248
883089460258365442
883089609139384321
883090295616884736
883090784609808385
883090821196787712
883091203679453184
883092019383500801
883092380437663744
883092505964707840
883092597119602688
883092692242190336
883092772856659971
883092795875110912
883092811171721218
883092867555745792
883092886908268544
883092913818882049
883092927496564737
883093015052644353
883093055720628225
883093070044172292
883093070660632577
883093074053910529
883093112079482882
883093150511902720
883093163690405888
883093306078625797
883093354120183808
883093362101956608
883093432184573952
883093588686589952
883093634916253697
883093697814032384
883093956493549569
883094088001703937
883094125976924161
883094137733611521
883094166481317888
883094176300249089
883094278087606272
883094285264052231
883094293644292101
883094382827778048
883094420014460930
883094420958138370
883094449215221760
883094458505596928
883094515313242112
883094546447511553
883094578504617985
883094697136332800
883094802799177728
883094812622303232
883094816611078144
883094893639458816
883094935179853826
883095013722378242
883095028326957057
883095105091100672
883095203632087044
883095254043418625
883095268274696193
883095587897397248
883095853002522624
883096081164361732
883096133698031616
883096170763087872
883096301549883396
883096357761896448
883096385863790592
883096436333838336
883096502125703168
883097033552392193
883097352231411712
883097389070004224
883097542757675010
883097629055438848
883097715936301059
883097815454502913
883097904965193729
883097932685357057
883098336852680704
883098349636907008
883098753263181825
883098879792734208
883099045673263105
883099278893338625
883099371054796802
883099469293768705
883099562206011392
883099761431203840
883100474983030785
883101235292852226
883101248752422912
883101355409383428
883101462187843585
883101840640016386
883103178287349760
883103594676985857
883103737845362690
883103931215339520
883104137264730112
883104204319051783
883104226682994688
883104722382503937
883104863042887680
883104885893464064
883105008044126208
883105231516684288
883105281332445184
883105304262705152
883105426308464640
883105792970326016
883105840064024577
883106002798866432
883106006837985280
883106027276820481
883106062383108096
883106118574235649
883106245309329409
883106452499570690
883106612533243904
883107133314740226
883107188415352832
883107369336569856
883107696009981952
883107709754773504
883108192615632901
883108417946230788
883108478390345728
883108529862848513
883108562926522368
883109018100740097
883109150149967873
883109307184762881
883109749943939072
883109904818597889
883110271362924544
883110483485765632
883110673252835329
883110842992128004
883110918581878784
883111200241963008
883111713083621376
883112168421568514
883112269583835137
883112548844933124
883112739861925888
883112762624405504
883112763517698048
883112964231974912
883113170646310913
