886737212309745664
886737269251600385
886737731497406465
886737986557272068
886738543707660289
886738549218963457
886739146802384896
886739419507695616
886739492962529281
886739566488629248
886739603750866945
886742075320000513
886744776392884224
886745283207589888
886745339641966592
886745786041720832
886745817947787266
886746683731738626
886747136934780928
886747422600425472
886747652922232837
886747981738893313
886748151763402752
886748647173632000
886749049541578752
886749572063744000
886750021558915072
886750299066691585
886750486971461632
886750556546629632
886750638650118146
886752754663903232
886753121120251904
886753566161031172
886754562006241280
886755933015089152
886756017102573568
886756515411099648
886756604409991169
886756740695560193
886756925743841280
886757834456739840
886759626749988864
886760776869978112
886761003400212480
886761110300270592
886761127543267329
886761209806061568
886761538240905216
886761605081559041
886764128886558720
886764397280079872
886765287600791552
886765679524933632
886765767840206848
886765897951662080
886766670789976064
886766738410536960
886766788834467841
886766870283595776
886767090480369664
886767204330610690
886767212882788352
886767311495077890
886767374220898304
886767480416464898
886767910940815360
886767982935932931
886768276159832064
886768466182774784
886768527167959041
886768607035785219
886768721699770368
886768763336577024
886769132997423104
886770263739781120
886773252194000897
886773543085670400
886773853896290304
886774690609582086
886774726458302464
886775148401106944
886780670999224321
886780829501976576
886781550712549376
886781779193057280
886781827632988160
886782181259042816
886784889621803008
886785011940286465
886785169671282689
886785776599445505
886787008366092294
886787166046695424
886787693031690240
886789258136211458
886790354195943424
886790604818141184
886794197935804416
886794474357239809
886794510792966146
886794657031737346
886794673104330753
886794853388091392
886795478863683584
886797018642907136
886798745974820864
886798994042650624
886803700840267776
886803940699975680
886805155399819264
886805523676450816
886805873800163328
886806501586857984
886806580376645634
886807375453327360
886807499118190592
886807566117896192
886808229585580033
886809069616541697
886809601135570944
886809891192655872
886810705365798913
886811207331713024
886813984434814982
886814601509302272
886815342747582464
886815574029979648
886817130917883904
886817420312227842
886817809749213185
886817965844439041
886818218245054465
886818721695752192
886818868160811008
886819324488540164
886819948244471809
886821186507857920
886821274676318208
886822285017001984
886822600890081280
886822776589488128
886822867568140288
886822916867883008
886822936484687872
886823083570540544
886823119385747456
886823228588650496
886823232015396864
886823232455815168
886823981717889025
886824027314114561
886824272949325825
886824427861790720
886824702441926656
886824900064940032
886824920143073280
886825521891479553
886825710551257088
886826058879836160
886826457246334976
886826632018874368
886826951079546881
886826975897190400
886827089143398400
886827234014658561
886827570448277506
886828399703891968
886828578045865985
886828756727476224
886829220650987521
886829223947718660
886829746704855045
886829831534637056
886830082911752192
886830152612814848
886830276617351168
886830400412286977
886830599180140544
886830631392608257
886830699151593472
886830711524794369
886830853866881024
886831053410848768
886831066509701121
886831382382522368
886831434433953794
886831469825536004
886831554009456640
886831963235127297
886832107137445888
886832165962514432
886832595882868737
886832650857586688
886832823151341568
886834328835063809
886834552341225472
886834618045014020
886834675754430470
886834819543572480
886834931611185152
886835034514128896
886835065933766656
886835113916551168
886835485544505345
886836574805258240
886836620749672449
886836841806168064
886836967182303232
886837409350078464
886838182288949248
886838613945856000
886838651015110656
886839077974278144
886839483467005952
886839501116583936
886839706973081600
886839897276985344
886839898480799744
886840198650372098
886840216446750720
886840292153884672
886840676897492992
886840683855831045
886840755972714496
886841016422203393
886841086425083904
886841252037238784
886841273788895232
886841563971825664
886841911792807937
886842063693778945
886842121927438336
886842383022919680
886842649335939072
886843143437639682
886843178032279552
886843345879920640
886843962664898560
886843967110750208
886844611544711168
886844932681420801
886845139389485057
886845235363549184
886845450552213504
886845596644126720
886845919068655617
886845919009927168
886846373450174469
886846391217266688
886846408803983360
886846427967762432
886846493684109316
886846641164124160
886846676647936000
886846740044931072
886846778091425792
886846950322180096
886846976570085380
886847667070001152
886847758057050113
886847837463605248
886847885144461312
886848006108176384
886848281342615553
886848294915321856
886848306814611456
886848406936838145
886848450482122752
886848581575073792
886848663380774912
886848912946024449
886849020341227520
886849089635221504
886849374810247168
886849477449043968
886849492955406336
886849724065751040
886849786221146112
886849948205109248
886850080917082114
886850494223839233
886850594539016192
886850730652467200
886850844767002624
886851004075003904
886851023813390338
886851096261644290
886851228667449344
886851238071029762
886851295369465856
886851312939397120
886851329028653056
886851344493105152
886851456468496384
886851607782141952
886851810174128128
886851858521882624
886851925567787008
886851956240732160
886852099295891457
886852246478213120
886852268523495425
886852477299064833
886852541190897664
886852697823076352
886852759001214978
886852879545499648
886852894292660224
886853029508546561
886853179979292672
886853291778469888
886853309415526404
886853499887251456
886853511929102336
886853523522113536
886854030953250816
886854317914951680
886854738289070080
886855057337180160
886855181945765888
886855333985095680
886855466608984064
886855540953022469
886855552441208835
886855879848538113
886855925927161856
886856137412419584
886856148447612928
886856272255102976
886856383135612929
886856892353589249
886856965988732928
886857157748166656
886857391907778561
886857492407484416
886857550565658624
886857616546254848
886857640772546560
886857744883613697
886857773052506112
886857869110501376
886857987654135808
886858041840107520
886858097536503809
886858222321225729
886858244412645376
886858375627243521
886858505508069376
886858509077368832
886858544565374980
886858723486035968
886858931963822080
886859253360848896
886859331852959744
886859718421082112
886859732371243009
886859745268830209
886859791271956480
886859834829754368
886859842161446913
886860019920142336
886860248916643840
886860259716993024
886860448410292224
886860874924916736
886861246221471746
886861256648470528
886861614514933760
886861796866494464
886861877892055041
886861994233663488
886862205777567745
886862237775933441
886862525211570176
886862658691059713
886862763351576576
886862803994374144
886862917836079104
886862948114804736
886863044864856065
886863106428858369
886863268932964352
886863319067500544
886863327690936321
886863412533366785
886863517978112000
886863519215484928
886863605722992641
886863637360586752
886863692398284800
886863790691811328
886864015825264640
886864019310510080
886864161845768194
886864184553725954
886864186776719360
886864204367581184
886864338006532096
886864348664258560
886864367786106880
886864394533130241
886864417228546048
886864471829958657
886864481556590593
886864939478114304
886864941541621760
886864962446135296
886865166062804992
886865174770176003
886865184396124160
886865250544484352
886865308773961728
886865349370667008
886865682431959040
886865908593045504
886865960791048193
886865997201903617
886866091628265473
886866105666502657
886866124557692928
886866196271857666
886866209077112833
886866359803682816
886866397837611009
886866418943315968
886866561952358400
886866573591556096
886866594244243456
886866611851976704
886866657855111168
886866697264746496
886866794090246144
886866850021343232
886867039511597057
886867148982951937
886867214648922126
886867305606647808
886867360581398529
886867368164675586
886867433952358400
886867824941158400
886867836538433537
886868096807555072
886868218123571201
886868402941435904
886868465985912832
886868541697388544
886868551109402624
886868834589843456
886868951782891520
886868968505520128
886869139150733313
886869213310267392
886869215327735808
886869387566886912
886869411768004608
886869920398675968
886869944624971777
886869972827475969
886870223281954817
886870367486300161
886870400898129926
886870417222369282
886870580200394752
886870616732815362
886870655370752000
886870733992980480
886870748593303552
886870830172577792
886871025329352705
886871179801366528
886871197627162625
886871291084640258
886871355626487812
886871476435132416
886871581640843265
886871631460794369
886871648028299264
886871654017765376
886872032113295360
886872069274841088
886872093815701505
886872112224456705
886872165932568576
886872315941793792
886872352734228482
886872442395918337
886872637850492928
886872653570637824
886872663314006020
886872783703224320
886872804339183616
886872919741276160
886872971863896064
886873069909925888
886873100780007424
886873102512214017
886873217142595585
886873278421323777
886873437301506048
886873437163184128
886873660111425536
886873745595535360
886874209405763584
886874323046236160
886874348535021568
886874350795796481
886874507700572161
886874542890786817
886874546032312320
886874960362438656
886875331679985664
886875333898760192
886875394154139649
886875457458757632
886875491956916224
886875592150396928
886875830109995009
886875936716726272
886876060545110016
886876165146890241
886876185074028544
886876195182321665
886876436694519808
886876799921270784
886876900861378561
886877024048078849
886877175688941568
886877324905525249
886877346996858881
886877348871753732
886877429851140097
886877580883841024
886877706733879296
886877774060937216
886877799952338945
886877887516864513
886877980131299328
886878095130730496
886878241981698048
886878296511827969
886878528926560256
886878745633673216
886878773852995585
886878830576754688
886878917537222657
886878942296252416
886878964958023680
886878993823281154
886879093588992000
886879168436334592
886879238493745152
886879270538289152
886879293787312128
886879630212210688
886879812631113731
886879849188601856
886879881136660480
886879931615125506
886879990779965441
886880075815190528
886880096128204802
886880177980153857
886880185307586560
886880287677874177
886880625491406849
886880653236686849
886880800649695232
886880915309383680
886880946045190144
886881011136688128
886881046175911940
886881145522184192
886881676609155074
886881765452853248
886881971904892928
886882006658887680
886882092293906432
886882288214171649
886882400592166913
886882538614030340
886882988809740288
886882990089003008
886883285175062528
886883346357374976
886883376308912128
886883697944915968
886883779842801665
886883837816561664
886884054313955328
886884142801203200
886884143770079232
886884218403532800
886884384191721472
886884630867173376
886884844516626433
886885042814947328
886885099647774720
886885119843340289
886885241314566144
886885357169594368
886885432818118656
886885547821674496
886885648556097537
886885824557699072
886885828538007553
886885894493483008
886885921852973056
886886003503505408
886886179353878528
886886182671593472
886886209439531010
886886259108577285
886886352079474689
886886639057997824
886886648147062784
886886652102275072
886886735279382530
886886821023580161
886887022257983488
886887047717376000
886887123709808640
886887134468214784
886887270099431424
886887317071421440
886887338621767680
886887413066420228
886887525293461504
886887692109271040
886887741203656705
886887804298547200
886887813886742528
886887888172052483
886888036008636417
886888292570075136
886888614617120768
886888749233262592
886888881299361792
886888899490041856
886888908612669440
886889044088676352
886889089596882944
886889152393990145
886889551188414464
886889778884612097
886889826158620673
886889864788156416
886889999244951552
886890424413114368
886890572610449413
886890581439516672
886890600393580545
886890634241560576
886890723861286913
886890836461572097
886890916820201472
886891031207268353
886891116087439360
886891149000138752
886891293611315205
886891401170079745
886891450591477760
886891645828042756
886891952460967939
886891954709123072
886892016528904192
886892130819616768
886892440568967168
886892474312118272
886892566133780480
886892610966704128
886892624413589504
886892675462561793
886892793582538752
886893009299804160
886893056624123906
886893178607083520
886893256780517377
886893408194834432
886893433520107520
886893689209049088
886893695680880640
886893696368640000
886893744225648641
886894283382558720
886894340647333889
886894686970839040
886894712841527296
886894727676776449
886894944023072768
886895079138488320
886895284185436160
886895417866280960
886895451454177280
886895582454960129
886895595516022790
886895852631076864
886895886852378624
886895992116842497
886896018150879232
886896046437216256
886896109213372421
886896124816228352
886896202368905216
886896324637073408
886896353057665024
886896413631754240
886896512458002433
886896664958644224
886896824300318720
886896932316205056
886897001153138688
886897214177525761
886897370331533313
886897376295780352
886897701467680769
886897779108454401
886897998986440704
886898272094363649
886898556728168448
886898619198062593
886898737741799424
886898882130698241
886898964116766720
886899200788766720
886899321395965952
886899335664947200
886899553378676736
886899616549097473
886899692298280961
886899857147006977
886899892983132160
886899898880151552
886899942383636482
886900026085126144
886900025841909760
886900059664732162
886900159967318017
886900200857587712
886900233841627137
886900278078742530
886900293929250816
886900763099836418
886900779054968832
886901042163613696
886901361383796740
886901698404507648
886902095223377920
886902234033905664
886902520462942210
886902524845871104
886902527152750596
886902598158233601
886902720891957248
886902899502174212
886902909929218048
886903006813446144
886903080268255234
886903092624674816
886903167354580992
886903260669333504
886903793392209920
886903842805297152
886903979380281345
886903990348378112
886904257873686528
886904268908789760
886904953872281600
886904981869166593
886905016073814016
886905127235448833
886905657231900672
886905675460358144
886906019372314624
886906091015196672
886906174246985728
886906236259663872
886906403436331009
886906758630957056
886906898003505153
886906912746463232
886906919176335360
886906977850458113
886906991972634624
886907110159732737
886907221287870464
886907259837706240
886907322211192832
886907475106181121
886907525928538112
886907543565586432
886907724658860034
886907986920091648
886908027995074560
886908157100011521
886908176343470080
886908183134052352
886908307956523008
886908359533834240
886908578195542017
886908730708766720
886908756579282945
886909003300827136
886909008715685889
886909044736372737
886909111090257920
886909149463945218
886909166387941376
886909189754376193
886909225800216576
886909246587236352
886909339096764416
886909530273193984
886909993823461376
886910085422821382
886910103462584320
886910171271884804
886910275118563329
886910651091881984
886911045582946309
886911058283294725
886911233353330690
886911266912161793
886911381718482944
886911554955988992
886912323578998784
886912328633110528
886912350233735168
886912731726598144
886912812550901760
886912962077880321
886913034622554112
886913117942423552
886913236825780224
886913508566237184
886913608885645312
886913699658833920
886913732630241280
886913952818622468
886914002588225536
886914112881602560
886914289466044416
886914405446946817
886914441652076544
886914509692162049
886914534144958464
886914629066260480
886914664432578560
886914889213775872
886914921929289728
886914954288300037
886915147968761856
886915179463749633
886915232060370945
886915551007789056
886915588387459074
886915635241988096
886915965803483140
886916177410371585
886916260524589056
886916263192272896
886916270645555201
886916357044015105
886916361791918082
886916438111473664
886916749668618241
886916882216964097
886917038723215360
886917186442362880
886917392194039808
886917457704779776
886917733211942912
886918075588784135
886918140688519168
886918482184503296
886918488811548672
886918588254310401
886918880014323712
886919111862882304
886919172059484161
886919220088406016
886919405845835776
886920121373118464
886920158337519616
886920172212191232
886920281289363459
886920357378215937
886920527323041792
886920592720629760
886920781401337856
886920962616295424
886921278950690816
886921438338453504
886921624431329280
886921705591123968
886921814982656000
886921883823820800
886921926077239296
886921936739205121
886922150770352128
886922162564681728
886922425505640449
886922557504589825
886922581986729984
886922801453641731
886922820000894976
886922896551141377
886923047369834496
886923187967201280
886923405848698880
886923421040476160
886923505777991680
886923553710505984
886924052656533506
886924242545246208
886924287533252608
886924578999742465
886924585744171009
886924689230245888
886924757844848640
886924942801022976
886925001852678146
886925141351034880
886925155947216897
886925259776995328
886925409631301632
886925538862018560
886925587352342528
886925619686191105
886925688728686593
886925752268185601
886925799986577408
886925826754850816
886925843066478593
886925874657886208
886925905226063872
886926009295134720
886926169689509888
886926249133821952
886926328070631425
886926419409895424
886926429056888833
886926555942989824
886926733311713282
886926922671960064
886927102800388097
886927149575352320
886927232475779072
886927282283196416
886927412730134529
886927416236572672
886927507714387968
886927670218551296
886927844726779905
886927959382216704
886928049610141700
886928082908704768
886928194301038592
886928203813703680
886928317324066816
886928365143326720
886928537227337730
886928633469775873
886928903687864320
886929054762496002
886929189399560192
886929273172279296
886929394077511680
886929458707542016
886929493901946880
886929502835793920
886929514235912193
886929624458039300
886929688358260736
886929727130402816
886929731349876737
886929824996044801
886929860693807104
886929887218544640
886930187333623808
886930238982299648
886930366019272706
886930471711641602
886930618017349633
886930925707243520
886931009039720448
886931022495055872
886931155781595136
886931291962302465
886931422027681792
886931671551025152
886931924979257346
886932088561303553
886932093057609729
886932190931689473
886932465465655297
886932676699205632
886932730675638273
886932838565720065
886932873407848448
886932986767265793
886933033680478208
886933045915209728
886933162483482624
886933195547082752
886933361780031488
886933512892370945
886933570287284225
886933637538734080
886933670283661312
886933706115624960
886933991026286593
886934092054499328
886934122953936896
886934281624408064
886934349635088384
886934683224866816
886934777688928256
886934826611290113
886934915719335938
886934970891210752
886935105737981952
886935131122012160
886935223652450305
886935293856755713
886935398806675456
886935482558492672
886935534471454720
886935593225248768
886935600082948096
886935661466578944
886935825707040768
886935925305090049
886936100387926018
886936217669029888
886936250996973568
886936314247081984
886936339467427840
886936364746514432
886936803307118593
886936847733096454
886937141233823744
886937172149927936
886937318887743491
886937344485601281
886937499309928450
886937522978344960
886937525574660097
886937614967767042
886937637218648064
886937686635950080
886937898372804612
886937938692538369
886938268268470272
886938438121005056
886938511739420672
886938610678804481
886938655440371712
886938704929058816
886938844305731585
886938857572368384
886938897174933505
886938941718491136
886939060937379842
886939080927391744
886939122534932483
886939171188875264
886939285005488132
886939508423495680
886939536626003969
886939572076240897
886939766926790656
886939797058727936
886939815631081472
886939824980201473
886939826771152896
886939855380500481
886939880424697856
886939940449333248
886940018861899776
886940065125060610
886940170351775744
886940285057585152
886940303642566663
886940327566815232
886940443623268353
886940539085623296
886940677568962562
886940831453765632
886940865645694978
886941143669379072
886941151613374464
886941217052909568
886941237114220545
886941330932412416
886941506271096836
886941658121736193
886941678183096320
886941753995079680
886941833573552128
886941891576594432
886941893489287168
886941909851267073
886941939421020160
886941996136443904
886941999030575104
886942033771974656
886942038968631296
886942136888946688
886942166353940480
886942176336371712
886942302530228224
886942391332196354
886942805708460033
886942807604310017
886942815791591424
886942832610750465
886942855192817664
886943015247458304
886943017965428736
886943036516818946
886943459315208192
886943491015811072
886943543566233601
886943660142727169
886943810537873408
886943832780263424
886943850538905601
886943956516438016
886944004646072320
886944128126332929
886944143276199937
886944724464148480
886945313742835712
886945357078417408
886945367085940737
886945397389877248
886945560288264192
886945584682344449
886946113248346112
886946139483906049
886946359353520129
886946389053329408
886946491042066434
886946699092135938
886946727558819840
886946732956934144
886946832366043139
886946948212809729
886946972799729664
886946988838838272
886947000419221504
886947055196884993
886947159463124992
886947178102632448
886947211778686978
886947351977439232
886947386966372356
886947482239995904
886947522329141248
886947760943005696
886947817935310848
886947926840356866
886948017823264768
886948071988490240
886948136664662016
886948244714074112
886948316503781376
886948344156884992
886948352147017729
886948516450488320
886948608288976897
886948610247725057
886948616228798467
886948650047467520
886948822357876738
886948902435405826
886948933758468096
886948948652548096
886949109889937408
886949183382597632
886949205591326720
886949232644694016
886949355709759488
886949402283307008
886949459862618117
886949479328489475
886949486894952448
886949820971323392
886950066476519424
886950091717840899
886950195426185217
886950265550761984
886950292717281280
886950394756296704
886950415287431168
886950463270211584
886950592157020161
886950800685240320
886950804393013249
886950916397699073
886950935834087424
886951131771015168
886951136179171328
886951147478671361
886951229087199232
886951471757053952
886951527570694144
886951679886839808
886951884501774337
886951924129550345
886951982698835968
886952069944537089
886952074944159746
886952097752768513
886952143575552000
886952186487468033
886952299104436225
886952360081317889
886952397607583744
886952400304697344
886952644258000896
886952965919186944
886953015797743616
886953057615048704
886953077055655937
886953109007847424
886953201882341376
886953228608385028
886953270203297792
886953291434905600
886953392085630976
886953396808429568
886953406623088642
886953579369701376
886953610722107393
886953632788303872
886953729085321216
886953733984321537
886953837172543488
886953868004917250
886954057516142594
886954646689984512
886954728063737856
886954811446439936
886954826105593861
886954931193819136
886954940274495489
886954972885200897
886954979831029761
886954984063070210
886954992132816897
886955120612843520
886955149951987712
886955199411236866
886955236761513985
886955284429774849
886955328860028931
886955345540730880
886955367611215872
886955584720916480
886955593805836288
886955603788263424
886955614278209536
886955621395951621
886955649665552386
886955659748667392
886955716057194497
886955747766128641
886955757610160132
886955786555019264
886955857342234626
886955875688222720
886955944835506176
886955979887325184
886955999629893633
886956007137660928
886956107528327168
886956119301791744
886956243499323392
886956246728933376
886956304782299136
886956320372510725
886956321601466369
886956575902052353
886956745620324357
886956906237087744
886957004610318336
886957071975010312
886957223867494401
886957228258988033
886957274954166273
886957342377553921
886957507247296513
886957604127330304
886957643842990080
886957802358534145
886957833098584064
886957930221887488
886957944075673600
886957960701804544
886958008638603264
886958008701530113
886958062476591106
886958068415811585
886958241359507458
886958381801537536
886958419823009793
886958494368366592
886958505713950720
886958566602682369
886958836917170176
886958859419516929
886958897642319873
886958898397237248
886959011182129155
886959044010946562
886959115217588224
886959324693749761
886959381652353024
886959404649771009
886959468600320000
886959483557212160
886959501697568768
886959555103555587
886959564473741312
886959580793720837
886959629317570564
886959672426672128
886959738008875009
886959801414156288
886959802940891136
886959915826384896
886959953558335488
886959978426355717
886960012484071427
886960148853534720
886960154285023232
886960196031045632
886960247306420224
886960293544419328
886960318487945217
886960342944948224
886960348581986305
886960423907586048
886960444841369600
886960446984646656
886960531965435904
886960871431450624
886961038285045760
886961044727398400
886961104110399489
886961118442344448
886961166580416513
886961210981326848
886961214546468864
886961259240984576
886961454531923969
886961537180729344
886961619485503492
886961636992581632
886961718366273537
886961791053574145
886961810162757632
886961899270807556
886961910012366849
886961955810013184
886961959341633537
886961991176392704
886961994997354498
886962022994370561
886962031521390592
886962103986388993
886962272257662977
886962277181779968
886962289408192512
886962338829565954
886962363345367041
886962387831619585
886962431041425410
886962462440009728
886962523735547910
886962582246105088
886962597320327169
886962603683192832
886962633420701696
886962637610811394
886962745618444288
886962835758227456
886962897548697603
886962993724084224
886963011512147969
886963274385952768
886963328219840512
886963354513920002
886963420884586496
886963567127343105
886963710945894401
886963825957883904
886963900574556160
886964027867451392
886964054648115200
886964108607856640
886964140899790851
886964280813379585
886964352955404289
886964421033164800
886964466272927744
886964490373169153
886964586196414464
886964651967340545
886964682564804609
886964805973749761
886964811459940354
886965103500943361
886965280949190656
886965369369440256
886965381256146944
886965428169449472
886965439691141124
886965700753055744
886965786929225729
886965807850414082
886965830780637184
886965928327614464
886965954881736704
886965963782053888
886966058497781760
886966058812411904
886966133894631424
886966243777007616
886966279613153280
886966602650054657
886966660187475969
886967029554610176
886967157266972672
886967276662030336
886967440416100353
886967829744025600
886968239644954624
886968279713030144
886968290672873472
886968748112064513
886968807448883202
886968952999600130
886969094741913600
886969146709348356
886969239306981377
886969282327973893
886969473600815109
886969479841927168
886969670678478849
886969685182267392
886969696326758401
886969879915614208
886969910034923521
886970069691092994
886970116872835072
886970370741481473
886970667433840640
886970871528775680
886971235199885312
886971235267117057
886971693683658752
886972419885465600
886972505797349378
886972589347885057
886972603973369857
886972615356764161
886972647522922496
886972882164776960
886973009986277379
886973062268297218
886973133823111168
886973186184814597
886973258221760512
886973328203841536
886973333274800136
886973543266873344
886973700951744514
886973806115422208
886973999384862720
886974000412450816
886974053998878720
886974069605793792
886974118733787136
886974121183240196
886974153861066752
886974157493334016
886974274103390212
886974385034231808
886974482635730944
886974484544139265
886974487937372160
886974622637457410
886974644829532160
886974677901615104
886974719022465024
886974756884553729
886974813352452096
886974822860951552
886974826476429312
886974954893434880
886975038821478400
886975083629203456
886975115514314753
886975118467006467
886975180979019785
886975245340602370
886975328857600001
886975424563208193
886975537029271552
886975567815471104
886975689118928897
886975784086384640
886975847386710016
886975955700416513
886975981289971712
886976104338259968
886976261909868544
886976372245180417
886976457813229568
886976617238720512
886976665146060800
886976733752242177
886976790308282368
886976832930803713
886976984970129408
886977274679103489
886977417264410624
886977450693021701
886977480594259968
886977544855138304
886977730738343936
886977819296894977
886977846387908608
886977874170925057
886977895943602176
886978064839835649
886978092253810689
886978173476405249
886978359313485824
886978378284269569
886978504969072642
886978515526176768
886978626402627586
886978770120433665
886978898143178752
886978996759613440
886979054024478721
886979103324295169
886979142146764800
886979145112137729
886979313752571904
886979643118583815
886980216144396289
886980352669036545
886980355114270721
886980432293703680
886980448857063426
886980627442151424
886980666390437888
886980679816359937
886980681502519296
886980872678854657
886981002706472960
886981081446088706
886981105924132864
886981222399959042
886981244298416128
886981305665294337
886981359947976704
886981399475048448
886981470413303809
886981496141209601
886981575803637765
886981717717909504
886982256836960258
886982907826450434
886983104522579969
886983107420856320
886983481829535744
886983621516681216
886983631130025985
886983715494211584
886983825334702080
886983922000814082
886983930301251584
886984012643872769
886984049188909056
886984115173699586
886984360435625984
886984422494322688
886984630292926464
886984798916542465
886984803865833472
886985496043323392
886985572299964416
886986113239449601
886986166108643328
886986222920454144
886986810185973760
886986890473349120
886987064587165696
886987204379254784
886987383488614400
886987595238055939
886987659608018944
886987694231998466
886987797944573952
886987908099457024
886987952404013057
886988024164298752
886988067986427904
886988092644741122
886988247968206854
886988763624337409
886988947523588096
886988982227263488
886989073986015233
886989290428936192
886989365393674240
886989531404173312
886989591101808642
886989705635651585
886989717207744512
886989832190349312
886989872514428934
886989906102407172
886990183534661632
886990193093472256
886990246654742529
886990352858701825
886990354548916224
886990362660700160
886990439928213505
886990612427362305
886990837896314884
886990881710014465
886991044621029376
886991088623505409
886991198275203073
886991301765476356
886991436847226885
886991590237097984
886991769036091392
886991799813853184
886992345538973696
886992359828983809
886992467832307712
886992505413218304
886992543291932677
886992726868336640
886993102120128512
886993154628628480
886993197255323649
886993374800207872
886993491020140546
886993527485456384
886993610041962496
886993678539124736
886993759870889984
886993883632218113
886993913898250243
886994211949686784
886994256577122304
886994273790558208
886994365553541120
886994424231849984
886994742000705539
886994894916657152
886994932271128578
886994936196890625
886995005386223616
886995014395592707
886995024109608961
886995155470909440
886995194255724545
886995263847575552
886995341169569792
886995519473668096
886995600536989697
886995932516167681
886995967853166593
886996042780213249
886996117514276865
886996171046223875
886996281759059968
886996339069943808
886996392547373056
886996433601273858
886996507639074816
886996519659995138
886996562898976770
886996651214336000
886996817241681922
886996995080163332
886997253373775873
886997292913496064
886997312937091076
886997379932577793
886997434978770946
886997644442206208
886997651769745409
886997675622662144
886997840106582021
886998106507706369
886998178293219328
886998319666520064
886998365124284416
886998541784272900
886998732390137856
886999400467226624
886999451713359873
886999658186362880
886999676381257728
886999685969399808
886999686523080704
886999728315138048
886999738922536961
886999799307939840
886999800167751680
886999838914727936
886999875304534016
887000005055270913
887000212039970817
887000244709343232
887000356894461952
887000590546599936
887000622335242240
887000768410243072
887000853214834690
887000900694413316
887000982458118145
887001028570210304
887001208485011456
887001612509745156
887001665446064128
887001666196832258
887001675889815552
887001796819943426
887001960616009728
887002137087094784
887002175183912964
887002235762348034
887002275092324354
887002341316190209
887002499089125376
887002574754373632
887002911359868929
887003094365732865
887003259617128449
887003275404464129
887003376164253700
887003618020380673
887003770160381953
887003960879575040
887004050792869893
887004334969454593
887004374559543297
887004440934436864
887004492717338625
887004576297230337
887004883710349312
887004915847114755
887004985984245760
887005111263907843
887005183154298880
887005192058806272
887005230772236289
887005259486384128
887005271725363201
887005632712372224
887005682351951872
887005740988211200
887005794478288898
887005866083442688
887006009365057539
887006223157137408
887006444557565952
887006469597650944
887006543878787072
887006603370799105
887006690385809409
887006707100131329
887006717820776452
887006859403591681
887006964554887169
887006968862429184
887007002349768705
887007060294066177
887007061019680768
887007116887719938
887007270772637697
887007280520204288
887007410505883650
887007493179703296
887007500792475648
887007586398220288
887007638197874689
887007881891127296
887007928938635266
887007991588958208
887008044835631105
887008097654366210
887008154332139520
887008307134771200
887008412143427584
887008451024506880
887008618347773952
887008665106083840
887008990273654784
887009126907346944
887009326031937544
887009393547587584
887009395921518593
887009619872280576
887009666521325569
887009876542672898
887009882531954688
887010028896518144
887010163491840000
887010301408948224
887010435634999296
887010794843639808
887010879253999617
887011080777588737
887011304027955200
887011356859355137
887011462845128705
887012091491565568
887012111595048960
887012154968346628
887012190292774912
887012221485805569
887012319460544512
887012361118339072
887012400133791744
887012467888586756
887012629155377152
887012843744264206
887013026435608576
887013116399284225
887013266475671553
887013272402092033
887013374046994438
887013527596269569
887013545556275200
887013608437276672
887013716746698752
887014106951282688
887014261565927425
887014445284818944
887014798134829057
887014827243311104
887015132701839366
887015332380016645
887015374792818689
887016154673315840
887016172176236544
887016712247414784
887016760922095616
887016923334103040
887017041919713280
887017337412571137
887017541910097920
887018005946925059
887018031112753153
887018194740932609
887018217583071233
887018398105972739
887018423452139520
887018452950540292
887018534664114185
887018653270650880
887018864026025985
887018935194976256
887019119706550274
887019133262585856
887019220520882176
887019675770646529
887019788152844292
887019905543024644
887019950392692737
887020009414942726
887020283470786560
887020860611190784
887020916235960327
887021065502953472
887021215164116993
887021377882030080
887021386019069952
887021420399689728
887021537848700930
887021548380487680
887021771639140353
887021797690007553
887021913540882433
887021944952016902
887022107468730368
887022113034514433
887022402428968960
887022434490220547
887022585321594881
887022776430809088
887023260617101312
887023278233198594
887023334738853891
887023343718871040
887023520223571969
887023576272044032
887023607217623044
887023621805416448
887023637940891655
887023798234599424
887023855704973312
887024155111108609
887024189940662274
887024260807483392
887024272266469377
887024349089280005
887024613112336385
887024808227164160
887024847808860160
887025014893162496
887025206925164544
887025369789976577
887025396339941379
887025430305394691
887025467844415492
887025471837417473
887025516871647232
887025887765549058
887025950545903616
887026106636812288
887026222533931009
887026372639633408
887026741893574658
887026832465440769
887026886299312129
887026985855320067
887027376693141505
887027539373424640
887027563683602433
887027694487076866
887027728448458754
887027997827584001
887028025140883456
887028058796040192
887028429429800960
887028437092847617
887028591640420352
887028597646663681
887028861208231937
887028927323131905
887029063017213953
887029080985661440
887029189827862528
887029311169064960
887029364252168192
887029549711507456
887029625045561345
887029840846753793
887029950951436289
887030096732839936
887030182846050305
887030247341907968
887030487696498694
887030492561887236
887030525843697664
887030642478915584
887030683583082496
887030765174874112
887030868614815744
887030919651102721
887030950701543424
887030956900712449
887030962068107266
887031026794496001
887031112576491520
887031251747688448
887031467259428864
887031511626723329
887031522326450176
887031636264714240
887031646423220224
887031875243565056
887032088167317504
887032266966401024
887032330266849280
887032525650046978
887032641182203904
887032688967921664
887032811118637056
887033031927746560
887033125209071621
887033238077796352
887033418088726529
887033434178289665
887033559210500096
887033559541743616
887033611182108673
887033946512535552
887034011360649217
887034287652057099
887034301946220544
887034328038768641
887034395558858754
887034429859913729
887034726116184064
887034807817035776
887034861864837121
887034866793099264
887034872786812928
887034898145579009
887035098838835200
887035188261380097
887035248629907457
887035284768137218
887035401944391680
887035447750406144
887035860939624455
887036101537431552
887036192700723201
887036196546899969
887036324208926721
887036458950852608
887036541490667520
887036573325381633
887036616723898369
887036874837151744
887036982924386304
887037160611774469
887037339704360961
887037349477175296
887037365591650309
887037467534274566
887037571921920000
887037693045223429
887037857457688576
887037928471441409
887038004140920836
887038197523517441
887038399898583040
887038402520117248
887038491414147072
887038531444539392
887038639292731393
887038657168891904
887038660616519682
887038852715741184
887038891877953536
887039134967226368
887039241691246593
887039318568701952
887039440077639681
887039477759320064
887039726582157312
887039898083086336
887039907432214528
887039998490443778
887040242204762112
887040255597170688
887040314820767744
887040370978299904
887040451924152320
887040634057523200
887040652625707008
887040695458029569
887041027642667008
887041189857423360
887041218194141185
887041291678306305
887041304131239936
887041386784198656
887041388440944641
887041391347609600
887041745137131520
887041770583986176
887041828888956929
887042099698425856
887042166601764864
887042294305705985
887042431388196865
887042444243685376
887042924596342784
887043042196283392
887043055500619776
887043138048507904
887043232244346880
887043490223411200
887043517448691712
887043572259860480
887044031305449474
887044115627745280
887044173127442432
887044197777383425
887044264718454784
887044318309076993
887044378346258432
887044479076585472
887044617270591488
887045121635700736
887045148311474176
887045154829422592
887045431850618881
887045464004100096
887045490084327425
887045518257475590
887045528286056448
887045561060339712
887045590244364289
887045643386146816
887045699346608130
887045703528263681
887045721362505729
887045725158244352
887045790958596096
887045889872842754
887045938409287680
887046008395509766
887046015156707328
887046145872146433
887046421152759808
887046591726616576
887046687755317250
887046707065782273
887046707384659968
887047266581741570
887047548308946944
887047637094084608
887047655024668672
887047675966889988
887047859434074117
887048056495124480
887048065378635777
887048088589881344
887048171020582916
887048210681876487
887048434833911809
887048464961597441
887048625896947712
887048637892702208
887048652073644032
887048689507762179
887048804045910023
887049142991699968
887049279646380032
887049676406611970
887049730387312641
887049763383889920
887049812943806464
887050083560194048
887050115260854272
887050795841191936
887050853999366144
887050935486353412
887050945993076737
887050960455028737
887051443059994624
887051520956649473
887051874930741248
887051944531021824
887052385813770244
887052645592125440
887052761145241601
887052645592125440
887053128440459264
887053135755325440
887053224250937344
887053317821616128
887053421949440001
887053428173746176
887053798732169216
887053965447368706
887054099748974593
887054106808000512
887054185518313473
887054556722495489
887054644568092674
887054726331854848
887054738604380160
887055212665548803
887055257926332417
887055390965420032
887055642845958145
887055853836267520
887055992235728896
887056060024066049
887056292313018368
887056381118992385
887056663391461379
887056818266148864
887057066963210241
887057163239260160
887057619361251328
887057617742422016
887057679897817089
887057749917310976
887057796927193090
887057904251150337
887058020060078084
887058157197037569
887058479822901248
887058628880084993
887058912452726785
887059051326173184
887059134763352065
887059232457097217
887059505049153537
887059566910898178
887059626595938304
887059668799025153
887060042507313153
887060386675138562
887060426470678529
887060435370995712
887060549632233472
887060571585228801
887060574407929856
887060709011533828
887060758370148355
887060795691061248
887060803286958081
887060888741699592
887060910308765696
887060946035900416
887061097508896769
887061304602742784
887061690705100800
887061917960986627
887062040325619716
887062112400326656
887062121615327234
887062149113286657
887062176338456576
887062211352571904
887062242679824384
887062244646899712
887062292004827142
887062446095179784
887062668460388352
887062678702837760
887062749833986048
887062775696117760
887062823649587200
887062972610351105
887063147189817345
887063356485627904
887063387942858752
887063446013050883
887063507413454852
887063894560309248
887063898813321216
887064147413929986
887064286870331393
887064433930981376
887064482555580416
887064519285112835
887064580551307264
887064611563982849
887064902384398338
887064995611201536
887065079413436430
887065192248598528
887065367985762305
887065496444600320
887065708517089280
887065747821912064
887065779128213506
887065870337441795
887066044149501954
887066109542903808
887066208092205056
887066472077570048
887066900085309441
887067058495684618
887067220752445441
887067241333882880
887067286569443328
887067626517737472
887067726312812548
887067976079462403
887068183320031233
887068204958445569
887068221953773569
887068369626820616
887068519262822403
887068645146456064
887068748791902212
887068751862149120
887069004388601856
887069085846077440
887069273331511296
887069417070309377
887069455024611330
887069514004877314
887069683966517250
887069700471095296
887069717697105920
887069738618302466
887069785212768256
887069833917059073
887069833917059073
887069975227371522
887070014947426306
887070066461855745
887070334406492160
887070354820263937
887070399393124354
887070517517266944
887071124730896388
887071264250232840
887071690131460097
887071743751462912
887072018323185665
887072234388557826
887072510214385665
887072745581948928
887073087589670912
887073222679777280
887073536464093185
887075188805959680
887075281722372096
887075687483539456
887075714645807104
887075888856154113
887076256570847233
887076542622310400
887076578269827072
887076617192919041
887076719450091521
887076912920760320
887077158165913601
887077485225050113
887077747784286208
887077817200123905
887077923060158465
887078091679576064
887078262878478336
887078366033182720
887078366003769345
887078667972739072
887078674343788545
887078671042973696
887078976610607104
887079068461649921
887079180973858816
887079193888137216
887079242613366787
887079450151702531
887079452940914689
887080037622710272
887080177834090496
887080224906592256
887080365055066112
887080504725581824
887080502288683012
887080537415979015
887080620517724164
887080728487485440
887080944389079040
887081018091601920
887081019408617476
887081079303270401
887081157925511169
887081292621377536
887081369125494784
887081438348283910
887081475107172353
887081752682008576
887081768020582400
887081803055603712
887081841827753984
887082087588691972
887082264978391040
887082434453483521
887082539063627780
887082579488374784
887082693443375104
887082782949859328
887082810082811904
887082840940326914
887082892182138882
887082906103013377
887082922318188549
887083005688385536
887083682690809857
887083859908722688
887083906960371713
887084404702629889
887084679920328704
887084752993476609
887084761759535110
887084811940233216
887085146532433920
887085753825726464
887085973854715907
887087038985621508
887088410875363328
887088472191905792
887088505859559424
887088824437919744
887088843559710720
887088875851698176
887089338265341952
887089579945316362
887090407351476224
887090535734722560
887090594312589312
887090597407936514
887090628689055744
887090678743932928
887090730279333889
887090869085642753
887092024146579457
887092160138547200
887092203109175296
887092233677275137
887092415340969984
887092485427781632
887092554130444290
887092902530351104
887093118658633728
887093126631968768
887093214431375360
887093220093644800
887093451174670336
887094227720695808
887094763983384576
887094913753636864
887095243253919744
887095254716907521
887095409209954304
887095670406082560
887095858403176448
887096053928996865
887096070525906946
887096597548544004
887097042065121280
887097233975463936
887097353945186304
887097670380204033
887097688826753024
887098866448961537
887099157487472640
