957765483079626752
957765974375137280
957766076527513600
957766556536188928
957767340359344128
957767665833140225
957767744803475456
957767812486967297
957768497869750272
957769003379953664
957769261690376193
957769353059012614
957770108868243456
957770127918936067
957770577250570246
957770963617230849
957772338505965570
957772604068302849
957772618723135489
957772705310404608
957774013794783233
957774154241060864
957774380142080001
957774642290229248
957775865156440064
957776234972401664
957776549083742209
957777242981126147
957777454193610752
957778651386347520
957779131218919425
957779157584437249
957779590184882176
957779787011051520
957779861204021248
957780706381398016
957780747263397888
957780957607747584
957781216299814912
957781748099805184
957781855733940225
957782098168958983
957782748588060672
957782918465818624
957782978205310982
957783262352543746
957783703358406656
957783769322278913
957784451190312960
957784506802495489
957784568127475712
957784886756208642
957785110966886404
957785406833156096
957785879078195200
957786055641616384
957786137803796480
957786366787637248
957786417211506688
957786751191388161
957786888949125120
957786889574068224
957786998781235201
957787424243027968
957787483944767488
957787778632298496
957787995020591104
957788189791531011
957788540200464386
957788677278707712
957788986273161216
957789355006939136
957789398917099521
957789890669895680
957790089643528200
957792587288600576
957792992651350016
957794104183873536
957796407703953408
957797728032927744
957797823281614848
957799333402947584
957799737020878849
957800174490923009
957801241135939585
957801286644183040
957801495906447361
957802069192249344
957802449548533761
957802787613618177
957803531569893379
957803977084751875
957804414097555456
957805581255036928
957808149695729664
957808580450836480
957809294459588608
957812897949929472
957813015952416768
957814456188375040
957814755187621888
957815054547783681
957816517013499904
957818683094642695
957818705462857728
957819095281553408
957819268208431104
957825384652902406
957825685644632065
957829383309447168
957829959837474817
957831294083387392
957831414568898567
957832541729427456
957833712552632320
957834101632970754
957836067859820544
957836286882123776
957841668392222720
957841858331398144
957841894431698944
957843386622468096
957844872949575680
957845272419332097
957847024736534528
957847529303040000
957851709572829184
957852359958433793
957852459300478976
957852737592528898
957853051636854784
957853677259288577
957854861709795328
957855881013710848
957855896436174848
957856093849423872
957856351677448192
957856562399375360
957857115783262209
957857816055828480
957858408710930434
957859511104147456
957859939896225792
957860587219845120
957860647865339904
957860717574737920
957860896965001216
957861028016115712
957861252176515072
957861759196549120
957862108380745728
957862268536082433
957862526045257728
957862559398363136
957863113394737152
957863284312600576
957863447403876352
957863662542344192
957863754787643392
957863756389912576
957863923901980673
957864029900431360
957865180595216384
957865364234305544
957865409251889152
957865545445134336
957865874916040705
957866001743347712
957866801316155392
957866939568750592
957867768916971521
957867801250758657
957867874735017984
957867933472092160
957868176401936385
957868482380681216
957868782197837824
957868846014173186
957868859767345153
957868929606701056
957868957071011841
957869226655498240
957869227339235329
957869254455554055
957869759848165376
957870044637270016
957870242868465664
957870947742097410
957871188172328961
957871228525694977
957871302991376384
957871475998052352
957871613843779589
957871698786709504
957873205410017280
957873383127044097
957873459861667840
957873698479988738
957873905619779584
957874309892059137
957875162443067397
957875279497744384
957875423597289472
957875514982756352
957875546188341248
957875700056379392
957875748156706816
957875790749863938
957875919556960257
957876212810084352
957876214361919488
957876319894884352
957876478401802241
957876572530323456
957876788444545024
957876823609704448
957877099943137280
957877119173918720
957877180964524032
957877424590598145
957877831110938624
957877846466162688
957878113995812865
957878524588814336
957878686891565056
957878850360430592
957879043751403521
957879409364688897
957879439169392640
957879514771705856
957879577690476544
957879631729844226
957879844934733827
957879934801842177
957880055631409152
957880171075440640
957880238142304256
957880267506581504
957881066907406336
957881248650801153
957881493954678784
957881814919598081
957881833827561472
957881953050677249
957883194761797632
957883246414581760
957883251993038848
957883642927296512
957883701584592896
957883923081637888
957883972029165569
957884066128433152
957884285570166785
957884376028729344
957885238763511808
957885416803270656
957885599029002240
957886933681758208
957887538752032768
957887668477669376
957887832839852032
957888261359329280
957888319127457792
957888410705776640
957889086710194176
957889111574052865
957889155689787392
957889254801231872
957889741025931265
957889866683047936
957889872395669506
957889885586841601
957890000464510976
957890740289507328
957890745666555904
957890765082030081
957890782580555776
957891218922459136
957891266938798080
957891433670823936
957891493460574208
957891587253653504
957891659861315584
957891864090365952
957891928800006145
957892063055503361
957892099864743936
957892140922818561
957892208258142208
957892561846374400
957892726242074624
957892731539476480
957892884828651520
957892921960878086
957892974960107520
957893006065053696
957893202316529665
957893210910744576
957893414846128128
957893449218478080
957893649051914245
957893690218958848
957894323680567296
957894519843848193
957894642082701313
957894684076109824
957895212919132160
957895408449216512
957895621121277952
957895715983904768
957895970074910721
957895996796751872
957896155521847296
957896471411593217
957896784881356800
957897109545603072
957897109545603072
957897134052925440
957897461460340736
957897764049969152
957897839979520000
957897971496087552
957898010779881473
957898181714546689
957898185174855681
957898269845344256
957898399000551424
957898442340208641
957898634724593664
957898720254799872
957898922562908160
957898955203006464
957899036626948097
957899070961528832
957899502509264896
957899660085035008
957899875596820480
957900029389410304
957900131151597568
957900391064244224
957900391064244224
957900685118464000
957900830811844609
957900967458025473
957901204230680576
957901270152634368
957901530451140608
957901544640348160
957901586998681600
957901898983591936
957902170619305984
957902300651184128
957902722233233410
957902779464536064
957903179932463106
957903234693259264
957903250237173760
957903348937748481
957903533927534592
957903659756675073
957903839159508992
957903937365073921
957904003844792320
957905136742838273
957905717020766208
957905738701012993
957905808674775043
957906310653071360
957906322141392897
957906358057295872
957906429054279680
957906448922660864
957906448054390784
957906650970710017
957906834240585728
957907040579530752
957907262038831105
957907319450464256
957907423922196480
957907481321201669
957907669863550976
957907746933952513
957907927276425217
957907926802485248
957908068372795392
957908327433777152
957908334958600193
957908383646015488
957908583131373569
957909016990142464
957909480951476224
957909992018980864
957910161028538369
957910180183859200
957910221669699585
957910594191085568
957910608090927104
957910625740574720
957910909342666752
957910939659055104
957911142747254784
957911153434419200
957911202709024769
957911289145171968
957911563180134400
957912179835105281
957912197669285888
957912229277552640
957912324538593280
957912471439847424
957912612859236352
957913008411480065
957913138065825793
957913287710167040
957913546943328256
957914349561053184
957914739019010049
957914858552471553
957914959551303685
957915240737443840
957915374854524928
957915642165948417
957915914300743680
957915996265832448
957916208354951168
957916588472139776
957916733599309824
957916985391767552
957917002080882689
957917117621440512
957917321540132865
957917364028354562
957917481909346304
957917511298830337
957917636804915200
957917638621061125
957917700860317696
957917814119116800
957917846859911168
957917966259113984
957918036417269760
957918720684371968
957918723372920832
957918769468399616
957918946631528448
957919084766748672
957919271757205504
957919476456050688
957919673479303168
957920267149312000
957920285096927232
957920278817931265
957920376079646720
957920429271896064
957920757870485505
957920778602782720
957920859628429313
957920944797954049
957920972102922240
957921012666064897
957921040147107841
957921094052261889
957921137983475712
957921150293725189
957921293592080385
957921299732553728
957921428829073409
957921493563912192
957921537713205248
957921828852420608
957921857050570752
957921866085228544
957921891024547840
957921945210761216
957922243295752192
957922348157603840
957922420253446144
957922684041662464
957922876966846464
957923058832019457
957923311924731904
957923706994593793
957923750825119744
957923759423479809
957923794743709699
957923829078265856
957924047664439296
957924048314470400
957924234583560192
957924298739482624
957924559084285952
957924760977117184
957924900802650112
957924896486633473
957925007618990080
957925703026126849
957925707665039360
957925707375575040
957925772450320384
957925893644701696
957926094560165888
957926164223463424
957926559117201408
957926993554788352
957927216670703616
957927312917516288
957927617293967360
957927967098884097
957927989773242368
957928014028918784
957928064486395904
957928065535012864
957928227963580417
957928292727902208
957928426308030464
957928443672498177
957928597410471936
957928975053049856
957929076341211143
957929337164099585
957929545566511104
957929664399532032
957930099193638912
957930206077079552
957930396628512768
957930504275288064
957930638719545345
957930923940511745
957931017054146560
957931096934637568
957931254644641792
957931348077006849
957931375289667584
957931384093446145
957931414313422850
957931488149991424
957931533809147906
957931626251669504
957931662725304320
957931709365964800
957931827846672384
957931945194934273
957931996700868613
957932135255564288
957932138799779841
957932165051928577
957932192986001408
957932223948316673
957932224816537600
957932242596253696
957932472515399680
957932567319269379
957932751755403264
957933128160595968
957933446038466561
957933472185835520
957933669666185216
957933816621957120
957934163717476357
957934234961956865
957934320290877440
957934340134113280
957934421491027969
957934611660726272
957934717239742464
957934922739707904
957935153447358464
957935295151923201
957935528833376256
957935627760275456
957935685687652352
957935905074970624
957935980681596928
957936441279107072
957936448740630529
957936467958956033
957936490994073600
957936812227485701
957936967748120576
957937153367072768
957937364726267905
957937667563556864
957937698886492160
957937753420976128
957938104521850880
957938208351965184
957938480277065728
957938560203706375
957938588569681920
957938867746803712
957938885685751808
957938946918486018
957938971958546432
957939229174136832
957939375916113920
957939439690493953
957939447932293120
957939458833354752
957939625925980161
957939801424048128
957940044580425729
957940268866658304
957940518977179648
957940606524936192
957940611683844099
957940736497999872
957941122579533824
957941331841748992
957941354927198208
957941364460806145
957941572947103749
957941618371432449
957941670229741568
957941699736735745
957941755462213632
957941769790021632
957941774919577601
957941883866673153
957942045318041601
957942147558371328
957942153900158976
957942192802279424
957942297995501569
957942411396833281
957942411396833281
957942447853785088
957942461145452545
957942534264803328
957942648786046977
957942665198428161
957942707837693952
957942832312053760
957942872682172416
957942968668868608
957943161187373056
957943419070025735
957943534191030272
957943567950995456
957943645243609088
957943659890184198
957943823489028096
957943998211149825
957944124635828224
957944203274801153
957944299789934593
957944484704194561
957944594293035008
957944597346504704
957944627750895616
957944704561238016
957945085286600704
957945293416181761
957945432897982464
957945446453989376
957945732287344640
957945768849047553
957945842920542208
957945928358531072
957945990438359042
957946111578255365
957946223696236544
957946248597778432
957946303924797440
957946309331374085
957946632624099328
957946707643379713
957946799523758080
957947058480144386
957947126234910721
957947212553703424
957947450035187712
957947693724327937
957948242909593602
957948397037776896
957948400766521344
957948418508443648
957948505234006016
957948702920003584
957949019711565825
957949046878072832
957949124829241344
957949256001826817
957949345051103232
957949374142844928
957949377410224128
957949411354701830
957949474793549824
957950030027153408
957950094103457792
957950165289140225
957950204493393920
957950301658664960
957950452108353536
957950658178682880
957950851351539712
957950865075208194
957950875611402245
957950946620919809
957950987976757248
957951006855352320
957951313056358406
957951491133853697
957951534574206976
957951877030858757
957951886321160193
957951913793916928
957951942893948928
957952079062069250
957952390384275456
957952893415493632
957952941662658561
957953171774636033
957953360862306304
957953372220518400
957953544451174400
957953692132667392
957953801012568066
957954559795695616
957954568960249856
957954668851802113
957954675495579650
957954708924223488
957954988508176385
957955068812320769
957955190975590400
957955296827269121
957955312270454785
957955317953941504
957955442717724672
957955478788755459
957955625669070849
957955743784816641
957955774982033409
957955856238366720
957955975096356866
957956318261899266
957956386247364614
957956430346248192
957956548055257089
957956617034706947
957956860530888704
957957529954332672
957958034734673922
957958218155741184
957958261306806273
957958316994519040
957958765424336897
957958809246425089
957958869266944000
957958883884007424
957959041896116224
957959124393873408
957959146015424513
957959190009479169
957959305843625984
957959393030615040
957959513000370176
957959717749444608
957960139151208449
957960163029286913
957960230930968576
957960269900075008
957960325852254208
957960378713075712
957960663795752960
957960681827037184
957960876522340353
957961011688083456
957961198963773440
957961278168993793
957961329725313024
957961417730256897
957961438001291264
957961705342099456
957961845347901440
957961970958954496
957961982359064577
957962002063904768
957962105533149184
957962111346446336
957962258008637440
957962367542972416
957962410446540800
957962414267555840
957962450514653184
957962542223151104
957962704727281670
957962762495328256
957962798981615616
957962836914864129
957962912978669568
957962967550709760
957963263685341184
957963620201230336
957963806801620992
957963895263592448
957964069444685827
957964082568712194
957964210167795712
957964270989467648
957964288865570816
957964348349140992
957964615585009664
957964656877953024
957964671201529856
957964728395075584
957964770828832771
957964904996229121
957964985191288837
957965075008061440
957965111804784640
957965156843220997
957965822584082432
957966128881512448
957966145692340224
957966224528420865
957966555807207425
957966741652557831
957966822648754176
957966836372594688
957967035530661888
957967038617616385
957967321632526336
957967952527155202
957968159444697088
957968228617158657
957968253330100224
957968598361886725
957968691618074624
957968700732256256
957968813953228801
957968829287723008
957968857481793538
957968897096978433
957968903598166016
957969220125577217
957969397850796032
957969550011748352
957969598120366080
957969661416546304
957969685806501889
957969706148876290
957969867021447169
957970099939487744
957970102980313088
957970290641985536
957970375362695168
957970495110082560
957970582662008833
957970588093599744
957970883972337664
957970971704643585
957971115866927104
957971164403560449
957971255575052288
957971313523507202
957971441298956291
957971501516578816
957971518218211328
957971560379203584
957971653258039297
957971672971300864
957971707121274881
957971713735708673
957971878752157698
957971900076036096
957971957206667264
957972023291998209
957972222521552896
957972235880460288
957972263453822976
957972278960013312
957972381389279238
957972528261033984
957972570057428992
957972620804272129
957972737833754624
957972820834816000
957972911226327040
957972919686127618
957973040301789186
957973210930335744
957973237014687744
957973291280584705
957973349187153920
957973401401950209
957973430644740097
957973500735770624
957973502056808449
957973637444898816
957973652032688128
957973828533186561
957974045257060352
957974058724970496
957974298462998528
957974368335822849
957974502872412165
957974611433545728
957974865662939136
957974952279461888
957975060710649857
957975105686163456
957975120064188416
957975169758318594
957975360850849792
957975573837631488
957975609669570561
957975801575731201
957975823700627456
957975840888905728
957976133454254080
957976548979683328
957976774226391041
957976857042997248
957976933664423936
957976957609762818
957976965247418368
957977059535589376
957977206969585664
957977250120503300
957977448620199938
957977501590048769
957977778502225922
957977843245469701
957978012816953344
957978191804747776
957978191636901891
957978223043923974
957978294858735617
957978399032606720
957978614284390401
957978729480884226
957978889174880256
957979039318364162
957979184780988416
957979255048163330
957979256117780481
957979725217124353
957979789515739136
957979810076164096
957979845576855558
957980083393765376
957980136187445248
957980360624803840
957980380933640192
957980426492108801
957980505982500864
957980573674418177
957980797029502976
957980983374041088
957981152287121408
957981322626195456
957981385897185281
957981393191096322
957981442587455489
957981757764141058
957981869114609665
957982047515136000
957982210207899648
957982229904461824
957982261743423489
957982285181128704
957982516870344705
957982533123235840
957982772408221696
957982954030059520
957983345312493568
957983416699453441
957983450111279104
957983817695940610
957984006557093888
957984010415824896
957984024441622528
957984090938052608
957984246349680640
957984338737598464
957984552093474818
957984718447837185
957984959007879168
957985235085471746
957985522680582144
957986240128847872
957986353232384000
957986448220844032
957986552386347009
957986631922913280
957986646405931008
957986669994676225
957986707579777024
957986718065586176
957986747920642049
957987166583443456
957987172744908801
957987272024117248
957987274859393026
957987291481432064
957987495437795328
957987782298947584
957988006585085953
957988323489857537
957988491857506305
957988547541323787
957988743322861568
957988892547874816
957988919890489344
957989043324772352
957989547983429633
957989733094907907
957989735808552960
957989750073384960
957989780658315264
957989836799037440
957989854876504065
957990225082433536
957990281286209539
957990339633086464
957990410172882944
957990424299393024
957990430414655489
957990473112719361
957990509238157312
957990615287058432
957990822699520000
957990827753721858
957991093274112001
957991402276818945
957991422157828097
957991572582387713
957991720872042497
957991757987434496
957991793932558336
957991832285302786
957991867869728769
957992108811522048
957992118001135617
957992180165029889
957992338650955776
957992525360398337
957992561267957760
957992709687595008
957992871939989505
957993012004564992
957993281610309632
957993533469872134
957993699241353217
957993785383948289
957993845639262209
957994087105400832
957994197935640582
957994314524708864
957994339862532096
957994348053958657
957994459056279553
957994715756015618
957994873340289024
957994902239014913
957995404146171906
957995425876889600
957995572958515201
957995625748094977
957995858225782784
957996099645489152
957996253832413185
957996255325585409
957996374796197888
957996615985455105
957996894436904961
957996924950413313
957996962091094022
957997038892978176
957997029573169152
957997116550516736
957997369206898688
957997398936182784
957997453940330496
957997526304677888
957997605878947842
957997901732548608
957997975162286085
957998091055108097
957998117667917826
957998388355698688
957998389664329729
957998393401454592
957998474435457024
957998494912057345
957998566819160064
957998729063206912
957998957287919616
957998962891423745
957999066755059712
957999224251088896
957999746060378114
957999759649857538
958000030811553793
958000094137212928
958000109995905024
958000153784406017
958000181076811777
958000433863172096
958000647319715845
958000705364774913
958000810205442048
958000810021085186
958000813716189186
958001163051421703
958001265732149248
958001546855362561
958001570716758017
958001613850980352
958001740623773696
958001745556320256
958001847595302913
958001850577453057
958001927652040704
958002072703717376
958002316254306306
958002396587839488
958002531359232001
958002539202580482
958002656018161664
958002818014736384
958002868103020544
958002955608821761
958003237801676800
958003252808777728
958003270806589441
958003436104175616
958003499484303360
958003526302564359
958003593692446722
958003662596530177
958003728325533697
958003866087325696
958003942113382405
958003981007118337
958004031716249605
958004032500654080
958004040322953217
958004152961036288
958004222997467137
958004225354629120
958004630272794624
958004786888093697
958004844744400897
958004915493855232
958004973845073922
958005028433907714
958005037543972864
958005076244779014
958005263952465921
958005322945368066
958005348266364930
958005390477799425
958005434710769664
958005462594654208
958005469821353984
958005641741664261
958005739762733056
958005812621991938
958006156827426816
958006238964535298
958006274402250753
958006306572521474
958006415716700160
958007131793485826
958007254678167552
958007456818454531
958007479996121088
958007627388260352
958007895374942210
958007915931164672
958007970884808704
958008016829378562
958008085083230208
958008126476816384
958008177991315457
958008223449124864
958008345255927810
958008543218716678
958008676522102785
958008700807106561
958008738719379456
958008847267958789
958008854524125185
958008988850970625
958009108141150208
958009136658120705
958009590624538625
958009650296840192
958009851908710400
958009883760168966
958009921194340352
958010172856766464
958010207556259841
958010392109862912
958010406840172544
958010439295741952
958010502231273473
958010504101945346
958010514545741824
958010516559093760
958010708595216385
958010865407709184
958010892364537856
958011100401930241
958011161160634375
958011162607702021
958011232509923333
958011241892601857
958011261266079749
958011355382059009
958011373300183041
958011414681210880
958011657934041090
958012079507755010
958012136504078336
958012192565219330
958012249226055681
958012327152046086
958012443736887296
958012877276934144
958012886340825089
958012981027196928
958013033858691074
958013048643571712
958013079572439040
958013173034037248
958013269725335553
958013313773916160
958013604170694657
958013611640872960
958013735960023042
958013901970358272
958013975391764480
958014137619099648
958014527353827328
958014673483333633
958014940073246720
958015309801238533
958015404844216320
958015418102411264
958015820860416000
958015870600695808
958016199417368577
958016556373610497
958016598622826497
958016917226352641
958016961220370433
958017075590696960
958017081328525312
958017213830696960
958017221602828293
958017346244874241
958017483599949825
958017649321172992
958017781223579650
958017913470029824
958018005987971074
958018062682329088
958018102620573696
958018109188771840
958018184644358146
958018188003995649
958018370724679680
958018495157080067
958018504116056064
958018608994705408
958018683196100608
958018844857073666
958018864431992837
958018980681342976
958019060561776640
958019093797441536
958019218083074051
958019329043386368
958019334558945281
958019347296866304
958019497788657664
958019739527319558
958019802584543233
958019803226214401
958019845580259329
958020367796359169
958020675486277632
958020715483160578
958020813277548545
958020937093402624
958021158837813248
958021166173753351
958021181193453568
958021198008537089
958021597192998912
958021802021834753
958021960029605893
958021997929418757
958022262808023041
958022350137647105
958022715868409856
958022758251859968
958022832067399680
958022922437824513
958022926472744960
958023236775763970
958023319177003011
958023430703648768
958023493312040961
958023606415626241
958023683058135040
958023875429838849
958023921487568896
958024045076844544
958024382630244352
958024448321388544
958024484212142080
958024493275983872
958024526889021440
958024530089467905
958024801926438912
958024855475118083
958024937989660675
958025080990240769
958025127878365184
958025247546101760
958025328261287941
958025470875873281
958025494796161025
958025516266741762
958025655526084608
958025696026288133
958025705190772736
958025716917993472
958025859520258048
958026013207822336
958026144867119104
958026166572650497
958026332763578371
958026353919610881
958026539743969281
958026578692362240
958026879046488064
958026937372495872
958026987817324546
958027049511407617
958027178482028544
958027187352948736
958027230948544512
958027321780424706
958027634683899905
958027633786318861
958027737674940416
958027842822049792
958027862644281344
958027960921059328
958028176810225664
958028217029406721
958028269038731268
958028347602333697
958028605203861504
958028608416690176
958028612762001409
958028760636411906
958028945357770752
958028951041069057
958028967172243456
958029106200838144
958029549618520066
958029597676883968
958029612252127233
958029696259776512
958029883728416774
958029885712236544
958030428375605248
958030564862373889
958030605324816384
958030617064738821
958030771712856066
958030803593846784
958031092212224000
958031290556715009
958031395900854273
958031991265513476
958032080058900481
958032095116513281
958032119703498754
958032127769088000
958032310984675328
958032519718473728
958032688753070085
958033297149517825
958033468243566593
958033495124832256
958033589337231360
958033753170837504
958034054405816321
958034105446395911
958034134596833280
958034453905002496
958034495659216901
958034622050422784
958034746990321664
958034937441071105
958035109747347456
958035143033262080
958035316492947456
958035376232370176
958035387074666497
958035389880635394
958035438538776579
958035496206307332
958035513709088768
958035572005613568
958035593883279360
958035853036670976
958035970733035525
958036106301394946
958036132352028672
958036161619988480
958036171568893954
958036303052001282
958036444609642496
958036490457681922
958036644149563392
958036953122922496
958037189224525825
958037457739698176
958037495240974336
958038136340271106
958038318087856130
958038353718534144
958038520135929856
958038555099566080
958038761790693376
958038771131473920
958038808246747136
958038854530928643
958039048467206144
958039059422642178
958039269951655936
958039327463833600
958039337161109505
958039372837916673
958039568875442176
958039720700928000
958039730574196738
958039777873465344
958039987861278720
958039995201277952
958040037286993925
958040046426345478
958040049232367618
958040110427144196
958040111098286083
958040137681788928
958040139036549120
958040329923461121
958040484697595905
958040510656057345
958040554457260034
958040604277116929
958040792110718981
958040832057192449
958040828139761664
958040891364663296
958040946700103680
958040996775948288
958041088341757954
958041151768092673
958041215940907009
958041457251815424
958041549597749249
958041711003029505
958041767055708160
958041768343293953
958041785435148288
958041826325385220
958042032294871040
958042121998610432
958042163203493890
958042166521139206
958042204668420101
958042264764387333
958042284267798528
958042342463819776
958042448810344448
958042721624772608
958042806815256576
958042850528301061
958042936226320384
958042956967170049
958043023664918528
958043259577790466
958043371511132162
958043567032762368
958043783752486913
958043842577657856
958043888920514561
958044186925830144
958044193393229824
958044228625584129
958044340726784000
958044366576250880
958044470108450818
958044627831083008
958044661330972672
958044819598794754
958045004655718400
958045004877967368
958045042064744448
958045155201871872
958045164324491267
958045244423098370
958045282620583937
958045383157940224
958045481791344640
958045499453509635
958045690327916544
958045772179738625
958045807009259520
958045842874789888
958045856191664129
958045918967803905
958046073766973441
958046401707028480
958046552857210880
958046561497382912
958046568585756673
958046672185159680
958046702254030848
958046735024246784
958046755383316481
958046956567265280
958047006395719681
958047011734945792
958047139556478977
958047364362723335
958047567358644224
958047625885908994
958047652071071744
958047696996257792
958047824637235200
958047912839335936
958048031680712705
958048094419062784
958048248937271296
958048596972244994
958048625829072897
958048628773474312
958048743194021889
958048955547508736
958048989751971842
958049162699866115
958049294086557696
958049463515406338
958049468246568960
958049515759652866
958049585661923328
958049635607687169
958049679467565062
958049759712948225
958049865661145088
958049915011321856
958049986922602504
958050044825006080
958050315932233733
958050369975799809
958050573198221313
958050734104342529
958050771051909125
958050897652862976
958050956624715781
958051022496321536
958051045023903744
958051147981512710
958051222577172481
958051261777088518
958051282656382976
958051360368447489
958051365359636481
958051389929852928
958051654087204870
958051794600546304
958051947810099200
958052183504752640
958052249997135872
958052306838327297
958052337305702400
958052412010520577
958052532554817536
958053037972566017
958053050052202496
958053219338539009
958053327526420485
958053440902582272
958053476851961856
958053555289681921
958053679910793216
958053992134860800
958054046509752320
958054227351408641
958054257009332224
958054267574775813
958054349581758465
958054419861524480
958054425356111873
958054497074470912
958054502107623425
958054518327054337
958054776360620032
958054964932341761
958055052333277184
958055286941642753
958055422614802433
958055475085561856
958055503095042048
958055665901232129
958055808872468480
958055936509251584
958056050954944514
958056241988849665
958056262075387905
958056292467212293
958056312780283904
958056320913104898
958056371768954881
958056379939516417
958056395076784130
958056487095545856
958056641521487872
958056683724595200
958056730696527872
958056769502240768
958056964319338497
958057066098241536
958057220947800064
958057732116041728
958057858167394305
958057949934620673
958058298598678528
958058313983385600
958058382837116928
958058411043774464
958058424301912067
958058522738032641
958058649880027136
958058750497128449
958059243881533440
958059278341935109
958059559393873920
958059604801400833
958059851728420864
958059941302071297
958060119794814980
958060182042562560
958060212308643840
958060356810788866
958060482140753920
958060498678943745
958060567570284550
958060597798690822
958060958022295552
958060974430457856
958061208279580673
958061286738284545
958061556939489280
958061664938708993
958061804189560832
958061890319593472
958061968899891200
958062077742059520
958062133035618304
958062146407026688
958062301566947329
958062385226571778
958062413026381825
958062433150668805
958062473617256454
958062480919531521
958062531670691841
958062676491538432
958062725191602176
958062796893286402
958062830472790016
958062915462017030
958063115261960192
958063292093751296
958063308757663745
958063382749499394
958063429767585792
958063486705205249
958063673666400257
958063754159230982
958063762560503809
958063908715155456
958063932941447168
958064015183417345
958064216073785346
958064225682903041
958064242426634243
958064635088863232
958064736884621316
958064758950899712
958064794640281603
958065188682559488
958065215035363328
958065220513157120
958065220513157120
958065392034959360
958065422171082752
958065518509985793
958065558964011013
958065966121930753
958066079200350208
958066122804355073
958066174327128065
958066192060747777
958066462312292354
958066661302644737
958067012428759040
958067402561998855
958067452482596864
958067456932765697
958067533587865602
958067735929479168
958067741864361990
958067907027767300
958068002515312641
958068030289993728
958068175899422722
958068477377597441
958068492665806848
958068799000858625
958068829896273922
958069274396057600
958069622200262656
958070168395177989
958070296824700928
958070375446994944
958070590753165313
958070597342449664
958070653529350145
958070657639747584
958070727789465604
958070791136071681
958070802854883329
958070840242966529
958070950955806721
958070992454156288
958071066227822593
958071182137397249
958071271291543552
958071408919220226
958071550346919936
958071570907443200
958071735869411328
958071748418732033
958072182952939521
958072331242438661
958072368030679040
958072399097974785
958072442152472577
958072463048388608
958072493373317121
958072697354846208
958072820814184450
958072897838485504
958072910484090880
958073075018469376
958073552472887296
958073807926976512
958074054262579200
958074206230646799
958074302787735554
958074395318194177
958074476637368320
958074546288058371
958074706661380098
958075320170622976
958075848468377600
958075907981434881
958076194150342656
958076281534414850
958076350165868546
958076448274870272
958076860851720196
958077010575798272
958077047263432704
958077102477148160
958077289740275712
958077362687610881
958077592682356736
958077628354834432
958077664635641858
958077824749002752
958078055842492416
958078101375905797
958078127124729856
958078133323825152
958078149807439872
958078487553888256
958078584844963840
958078913384779776
958079016937943040
958079244185296896
958079293501968384
958079797716029445
958079807606218752
958079891194503168
958080071549489152
958080297291124736
958080361233289217
958080391667179521
958080701060009985
958080752549351425
958081058192396288
958081402876125185
958081445968384001
958081847346462720
958082027798003713
958082196585308160
958082209621135361
958082261387276290
958083035362152448
958083121081208832
958083141369032706
958083199279751168
958083527756734466
958083587479425025
958083592739000320
958083884247339008
958084250577891328
958084415753801729
958084416735207424
958085232254771204
958085233722699777
958085837442383876
958085933085097985
958086173611741185
958086218071330816
958086232042590209
958086551883386880
958086689192398848
958086842410299392
958087036208066566
958087280241061890
958087641064407040
958087668998471681
958087698249605121
958087760006582273
958088059081428993
958088190572851200
958088327139397632
958088592982671361
958088748390117377
958088753490399232
958088753683329024
958088784897290240
958088788978356229
958088830543978496
958089881342939136
958089892084506626
958089950649499648
958090166517878784
958090173576810497
958090212114141184
958090430263984134
958090559444439041
958090741515018241
958090925569380353
958091130670845953
958091477275611136
958091498318426112
958091934060433409
958092019737513984
958092257797820416
958092314513149952
958092344494100485
958092536605757441
958092674229243904
958092956661157889
958093645424578565
958093694271393797
958094178365464576
958094249588854784
958094314936168449
958094342534651909
958094422184472576
958094612345884673
958094943595134978
958095020233510912
958095057852223491
958095122687807488
958095138466693126
958095180124622848
958095239583092736
958095305421082631
958095344214200320
958095397951549441
958095760045768704
958095806330015744
958096107917250561
958096240855707648
958096444682010624
958096522025062401
958096523803418624
958096726623227904
958096920341295104
958097167834640389
958097353562578944
958097558974459904
958097612153991168
958097645905567747
958097701291397120
958097836553404417
958097971387789319
958098294898642945
958098726962200576
958098842494427136
958098885196570624
958098914070220800
958098946819346433
958099216383037440
958099256824475649
958099295495966721
958099470788554752
958099539503742977
958099939053195264
958099960083476480
958100083819589632
958100222646935552
958100243341508613
958100459360747521
958100596640436224
958100681101135873
958100689246355457
958100697031041024
958100794615705600
958100928187584512
958101163467051008
958101355574554625
958101360272203779
958101803635232773
958101812049006594
958101847134306307
958101849843879936
958101967510888448
958102039397064707
958102208272363520
958102246054662144
958102288010285064
958102503014436865
958102721730678784
958102749010432001
958102937674371072
958102955349209088
958102997816528899
958103064975695878
958103147825811456
958103257146109954
958103388041904128
958103500680056833
958103519218814981
958103585677561856
958103704779083776
958103940834512897
958103977488453632
958104021532905472
958104126377943040
958104160104218626
958104287573368833
958104397908758528
958104443177832448
958104471770423296
958104600963317760
958104792269717512
958105289387073536
958105312417976320
958105577892216832
958105765868376064
958105852539531266
958105906448949249
958105963155902464
958105970735046656
958106056370028544
958106360687800321
958106458826117122
958106721259544577
958106859008921600
958106893351825408
958106935970222080
958107137720422405
958107947669868546
958107959392919553
958108000417349632
958108031266492416
958108218303156226
958108222459711490
958108263425499136
958108274758430720
958108361744056320
958108490039521280
958108729571979265
958108806944313344
958108983595814912
958109032811843584
958109216824352771
958109447955431424
958109699492196352
958109938395549696
958110058646208512
958110303178448897
958110333779968002
958110426625134592
958111140176855041
958111191083245568
958111401410809856
958111406951251969
958111458268798976
958111538140807168
958111624400986113
958111715685748736
958111844647997440
958111865350967296
958112041860059137
958112110709415936
958112153315266561
958112669122334720
958112894591303680
958113017211838466
958113101261438976
958113175731400705
958113348654071808
958113381835333632
958113388646854656
958113663747010561
958113694201909249
958113903409590272
958114075673812992
958114298701778944
958114317680955395
958114485008465920
958114652352860163
958114775917056000
958115090267607040
958115186128441345
958115244550868992
958115446678605824
958115452844171264
958115459982942208
958115967556562945
958116233790009345
958116402791100419
958116472080957441
958116701710757888
958116842366697472
958117027700453384
958117106872193024
958117241316356101
958117266553532416
958117348765990912
958117368097460224
958117459860615171
958117863377833985
958118321559306241
958118464845164544
958118541118582784
958118563348406273
958118603961896960
958118616943284224
958118630683799552
958118808467763206
958118998863958018
958119021718753281
958119340511059968
958119458677063680
958119537467183105
958119757521281024
958120270807650307
958120369247936513
958120530179186688
958120663352520704
958120880437170176
958120912636833794
958121069860327425
958121735106256901
958121911929790464
958122776526770176
958122794390380547
958122812249657350
958122861394300928
958122940171739136
958123078088880128
958123084040503297
958123681858904065
958123728373780481
958123781184196608
958123836192493568
958123958863323138
958124226933817346
958124908151746560
958125012858408960
958125556574380032
958125782605459456
958126088978403329
958126427806879747
958126654148235264
958126784549195776
958127029429338113
958127549518958592
