987845683221815301
987847007170637825
987847094307205120
987848434420940800
987848551270109184
987848595255808000
987848786931314688
987849902427426816
987851501371617280
987851680640327680
987851747837337601
987852375900684292
987856259092279297
987860125556858880
987863080473374720
987865958944473088
987867185900130310
987868248250122240
987868356626845697
987868458615541760
987868577960210437
987869423003426817
987870166997454848
987873832726753280
987875385185587202
987877363672379392
987877526528720896
987879321346953216
987879933505568770
987882524100714496
987882659870334976
987883656873115648
987885380694396928
987889646238658560
987890205800706048
987890606847483904
987891963746807809
987893427407937538
987894464046927873
987894981305266176
987895160225845249
987895172557090816
987899666040807424
987903626772402177
987909403788627968
987910525089734656
987912476997152768
987912635478757376
987913532904632321
987914149450715136
987914164394954752
987914724187701248
987915747740520448
987917388917157889
987917619259953153
987919622715396097
987920004762005504
987922593691983873
987922981665075200
987924156044972033
987925028707749888
987925321004568577
987925546645454848
987926347929530368
987927233011638272
987927579482091521
987927669063942145
987928664590479360
987929274740068352
987930471840575488
987930700438540293
987930736094261248
987931004047380481
987931704944979969
987932100924989440
987932271402471424
987932718678888450
987933159068176384
987933250231390208
987933382695890945
987933659201228800
987933754688786432
987934293455458304
987934295665889280
987935220786716672
987935234128859136
987935454061359105
987935777907605504
987935778993881088
987935780206071809
987935858354540545
987935860002770949
987936494961741824
987936503144706050
987936503702552576
987936550397857793
987936798578950144
987936892514652160
987937223969509377
987937880579493889
987938212990480384
987939152908910592
987939573849346049
987939898220056576
987939915378909184
987940098816860160
987941453748895744
987942633615085568
987942739546341377
987942921096826880
987942934678065152
987942970044411904
987944161448988673
987944364394602496
987944617583751168
987945159760359425
987945288781443074
987946192284930048
987946288443482112
987946529179734017
987946949033721856
987947302726848513
987947572747816960
987947638128553984
987947873911365633
987947930161238021
987947932631564288
987947944480559104
987948005037887488
987948032628060162
987948247355416577
987948626428219392
987948647726944256
987948660536299521
987948677816901632
987948722699972608
987948839670820864
987949070516932608
987949385404354560
987949391158890497
987949391158882304
987949820164886528
987949849768333312
987950385506734080
987950485922598912
987950692731047936
987950795080523776
987950833898786816
987950867474206722
987950897543155712
987950965520326656
987951080813285376
987951192306266113
987951214519357440
987951367619727361
987951668120649728
987951742255067138
987951768280715265
987951841127358464
987951873364840448
987952002004008960
987952162578812928
987952193511804930
987952355235655680
987952355768446977
987952478623879168
987952502032093184
987952536761008135
987952582030118912
987952582348881921
987952582625824768
987952775781928960
987952863170252801
987953152455561216
987953212677210117
987953405032390656
987953444815241216
987953891126882305
987953915944718338
987954144261607424
987954318329434112
987954350688538626
987954404644085761
987954599771303936
987954620378025984
987954704448741381
987954732550443008
987954812733050880
987954907109101568
987955877578788865
987955974685241344
987955974429466624
987955985145778177
987956166666878977
987956199042834433
987956312133853189
987956512139169792
987956693643550720
987956882949189632
987956974930276352
987957129314267137
987957341722218496
987957642176925697
987957687177613313
987958027868344320
987958186794733568
987958189839781890
987958232760160256
987958388184289280
987958401941504001
987958837281001472
987958946353868800
987958983209226240
987959151912476672
987959256166084608
987959301439451136
987959375028420608
987959448047177728
987959570998939649
987959628867784704
987959710522511360
987959716033781761
987959711621410816
987959785726316544
987960014567591937
987960153172529152
987960360392183808
987960456198402048
987960472270983169
987960497260650496
987960737304805376
987960788794200064
987960799925886976
987960843232071680
987960888928997376
987961048262238208
987961076653395968
987961193515151360
987961222766133248
987961246753357824
987961271743115264
987961575712620544
987961715752165378
987961858295582720
987962036691795969
987962045416001536
987962093256282112
987962380771647488
987962396751876096
987962463374147584
987962540423548928
987962763715731456
987962773761069056
987963175386714112
987963585400799232
987963696533114882
987963770252251136
987963816125321216
987963927882543105
987964167650009088
987964169302487040
987964235673161728
987964243164254208
987964329940148224
987964554264109057
987965004069638144
987965211528265728
987965688789766144
987965699158167552
987965724990885888
987966107070935040
987966295378362368
987966364752150528
987966748849790976
987966984267747328
987967010502987776
987967010502987776
987967204170829824
987967212655988737
987967249591029760
987967330511618053
987967363206262785
987967385306107904
987967483217784834
987967502788554752
987967616525504512
987967628479152129
987967950526271488
987968012132200448
987968250439962624
987968309193654273
987968409169289216
987968443847774208
987968505235591169
987968599926112256
987968877358452736
987969057893871616
987969110394003456
987969135698038784
987969178467356672
987969386861359104
987969387398234112
987969388081901570
987969390133039105
987969569724731392
987969717397843968
987969795843854336
987969933605666816
987970006674825218
987970039172227072
987970204276846592
987970232055578624
987970439371771904
987970519604580354
987971319705755649
987971427964989441
987971656692969472
987972051251138561
987972109069668353
987972150777860096
987972380323647488
987972550071287810
987972561249165313
987972719558955008
987972810223095810
987972955962531840
987973125596905472
987973214855983104
987973354190761984
987973551306223616
987973647347474432
987973778981490688
987974050680107009
987974199695290368
987974281526202368
987974636225916928
987974755654537217
987975200825397250
987975402030280704
987975453829935104
987975452206796800
987975872668893184
987975885855842304
987975998238068736
987976065208512513
987976213816840194
987976238559055873
987976240073269248
987976301804900353
987976308046036992
987976357652107264
987976512535179264
987976536052596736
987976687760572416
987976911073763329
987977217195106304
987977230406987778
987977391283851265
987977634004062208
987977734780604421
987977789738545152
987978456024731648
987978482926972928
987978508545687552
987978562379681793
987978814365032448
987978897731080192
987979072918650882
987979213385994240
987979384551280640
987979387705360390
987979389408342019
987979391199215616
987979398648418304
987979512267837441
987980011574571008
987980036304142336
987980064812826624
987980148598296579
987980244966608897
987980248250834945
987980485719674880
987980495412776960
987980500819169280
987980700803624960
987980760689926144
987980810077769728
987981253671612418
987981683604541440
987981775677816832
987982082478628864
987982741143719938
987982752858411008
987982792821821441
987983035311239168
987983264789954560
987983716701147137
987983759403307008
987984184764485632
987984532031893504
987984609668468736
987984811955576832
987984829647151106
987984879060209664
987985105598664704
987985478661140480
987985786741047296
987985802591391744
987985817443352577
987985852973441024
987986030920916993
987986096603779073
987986200601378817
987986200811028481
987986200894914561
987986565828931585
987986654534160384
987986700893937665
987986747526209536
987986784750465024
987986944327143424
987987178234920960
987987370405318657
987987378634678272
987987481760059393
987987746537996288
987987839253069824
987988023781478400
987988183391629312
987988319777837056
987988489823244293
987988538024120320
987988765720358912
987988867268694016
987989219510386688
987989291744808961
987989309402898432
987989379573538816
987989403741106176
987989467574267905
987989552953425921
987989691944329216
987989836215791618
987989987680505856
987990077052628992
987990281223049216
987990397833097216
987990472864890880
987990683146432513
987990790164054017
987991144901632000
987991217106554880
987991524716707840
987991533650575362
987991563287613441
987991594455445504
987991774319841280
987991813251387392
987991817240170500
987991860890210304
987991981396639745
987992111193776128
987992254085324800
987992374897971200
987992387556466689
987992404363014144
987992717497073664
987992721754243077
987992778855600128
987992945457614848
987993269731815424
987993344986046464
987993424832888832
987993457514950656
987993461445013504
987993587865587713
987993629112270850
987993737526693888
987993907542876161
987993924538073088
987993945153122305
987994201324433408
987994218122698752
987994435668635648
987994477880102913
987994618779389954
987994770483052544
987995078517051392
987995365138927616
987995433812287489
987995523301994496
987995644886503424
987995786851110912
987996015448948736
987996036500283395
987996069333258242
987996193853714439
987996277085495296
987996288762380288
987996424716673025
987996540835975168
987996586625167360
987996611942010880
987996756855140352
987996927554879488
987997057976815616
987997071591460864
987997235328815104
987997620311339008
987997723457736704
987998116879183872
987998472996519937
987998564356894720
987998760012787713
987998960513142785
987998960722866176
987999037365334016
987999251056734208
987999455457742848
987999476248989696
987999567739281408
987999941447569408
987999948837933056
987999951388061696
987999958300315648
988000060335116290
988000301654343680
988000501450108928
988000570890997760
988000812965203968
988000830853967872
988000837845823488
988000863250731008
988000874898382848
988001490546524161
988001692582113280
988001962401632256
988002248033820672
988002248855900161
988002344255311872
988002450744356866
988002557267206144
988002621448511489
988002843318681600
988002918296051712
988002947958272005
988002959031177217
988003002681192448
988003005495590912
988003127776415744
988003193362763776
988003227705724929
988003291824091136
988003386153885696
988003386313207808
988003516764573698
988003573966532608
988003640446275585
988003769211289600
988004014712410112
988004162318282752
988004382611464192
988004493974532096
988004565860716544
988004625293938689
988004649931280384
988004858946080768
988004975015092224
988005011060936704
988005069344989184
988005179369906178
988005210613342213
988005345774768129
988005435176300544
988005571809996800
988005583977615365
988005682120183808
988005683089068032
988005790702358534
988005801834045440
988005944310272000
988006246900002816
988006445487742976
988006490739916800
988006583685799936
988006875768778757
988007147400200192
988007185476194304
988007256196374528
988007658715336705
988007947627302913
988008011422748672
988008067861229568
988008142826016768
988008532820791296
988008732134182912
988008806721445888
988009116110073856
988009168773832704
988009399007481856
988009635306237952
988009710426185728
988009734069305346
988009969445429248
988009995064238080
988010151868235776
988010200098525184
988010315148349440
988010349218684928
988010675724341248
988010705688375296
988010769139798017
988010784776183809
988010844842754048
988011134711156736
988011315519217664
988011397387780096
988011427595210752
988011471295733760
988011722173796354
988011744172957696
988011825555001345
988011917322129408
988012314828865537
988012371519135745
988012478348087296
988012528885293056
988012780866428928
988012820737413121
988013047129223168
988013102171074560
988013163340881920
988013427921649664
988013965560238080
988014004969836544
988014062205308929
988014230283702272
988014328791162880
988014469640065025
988014545976352768
988014553962369024
988014799727493121
988015000718598144
988015147154378754
988015219644526594
988015265739919361
988015989357936641
988016106504966145
988016258108051456
988016399867146241
988016526879084544
988017266338955264
988017277202305024
988017474330288134
988017500817371136
988017598162964480
988017688613027840
988017748667224064
988017940602601473
988018420867198981
988018631693959168
988018859222454273
988019036335329280
988019092127760385
988019092274675715
988019612716544002
988019683143176192
988019737144774656
988019763354910720
988019808951091200
988019809089605637
988019809374765056
988019905206235137
988019919160737792
988020068444459009
988020097053700096
988020424096219136
988020465699577857
988020500038344705
988020562818752513
988020565717016576
988020641273188353
988020676870029312
988020700811231232
988020876389048321
988020979484901376
988020980768358406
988020988821590016
988021289997742080
988021291012702210
988021479626432513
988021771243851776
988022123456335872
988022327748198400
988022375622086658
988022390109233152
988022617423646720
988022954226315264
988023412370132993
988023456884289536
988023481773248514
988023586005901312
988023702531997697
988023783649923072
988023900763287554
988024066266288128
988024096054226944
988024285225717760
988024408932483072
988024455703203840
988024629758517249
988024634653270016
988024919631056896
988024965961306112
988025021389041664
988025088246276097
988025096345399296
988025146157031424
988025562760450048
988025745422389249
988025968659922944
988026184687587328
988026259467853824
988026508022288384
988026513357529088
988026567950520320
988026580885803008
988026682312478720
988026720006569984
988026862109634560
988027133288120320
988027575577530368
988027646482272257
988027649745354753
988027946534391808
988028006173237254
988028225375883264
988028650149875712
988028712368115712
988028779028246528
988028866928275457
988029176543367169
988029212710920197
988029379761655808
988029467367849984
988029569339936768
988029685979369472
988029750940758016
988029883552030720
988030053698166784
988030104109486080
988030295520690176
988030313342406656
988030354572365824
988030381390778368
988030411581386752
988030539901915136
988030582482489345
988030757682761729
988030863072997377
988031104585170945
988031297812684806
988031449424121861
988031611383042049
988031622984491008
988031742241132544
988032191383965696
988032195917905921
988032261521137664
988032321709334534
988032358610763778
988032390214844416
988032502588755968
988032662601371659
988032784554954752
988032878117310464
988032940880924673
988032991640326144
988033228354109440
988033543430385664
988033819721728000
988033951372541952
988033959559880705
988034016510169088
988034047317282818
988034180809478145
988034180440313859
988034235373060096
988034416827125760
988034445524590592
988034479246708737
988034492177756160
988034493251575808
988034508317392897
988034593457688581
988034776383733760
988034852669808642
988034988871479296
988035008794415106
988035038540419072
988035147726540800
988035473552674816
988035614682550272
988035727798800389
988035730898235392
988035746010365952
988035774766600194
988035776624648194
988036114853388289
988036164480270336
988036280566022145
988036448157777920
988036543670571009
988036611253256193
988036611110649857
988036640231821312
988036641926377475
988036654727233536
988036742316994560
988036818179260417
988036837410267137
988037079702626304
988037082877743104
988037253904683009
988037405570674689
988037572961030144
988037577340084224
988037621443170305
988037705895464960
988037734395793408
988037768117923840
988037814779629568
988037964579078144
988037969159303169
988038091393859584
988038171312173056
988038276136267777
988038387616567296
988038467694276608
988038473977356295
988038541153357824
988038551639089152
988038624435490816
988038683105382400
988038704215330817
988038826340896769
988038838420410368
988038872004202496
988039084592517120
988039169166467077
988039211071803392
988039222706737153
988039469835128832
988039524033888257
988039525300604929
988039546091827200
988039652954210306
988039826342543360
988039829588992000
988039842557775874
988039913210830848
988039948828733442
988040113790898177
988040174901846016
988040181843398656
988040278161403904
988040374827569152
988040506016960514
988040512606220289
988040578003820544
988040740977684481
988040834342948869
988041021991931905
988041201843605504
988041348665237504
988041545373888513
988041623220043782
988041671467290624
988041785288089601
988041841521184770
988041933057601536
988042153766113280
988042631488983045
988042867972157441
988043038478876673
988043070611623936
988043106678460417
988043242187972608
988043259497865216
988043513098063872
988043625840959488
988043758259261440
988043907551453186
988043983325683712
988044713025470464
988044999882432513
988045153280634880
988045328480980992
988045375285194759
988045540276559873
988045623961247744
988045655858872320
988045881202135043
988046117412704258
988046257942941697
988046266486714368
988046314024947713
988046380043264001
988046431826083840
988046602567868416
988046737838403584
988046974359400448
988047002062721024
988047024862855169
988047134971846658
988047173605609473
988047227661750272
988047258838011905
988047395996004354
988047421950349312
988047512597655552
988047609733500929
988047661038219264
988047734757314565
988048026529910784
988048101087772672
988048178841817095
988048371679203328
988048380193591296
988048393216905216
988048393439096833
988048400565329922
988048551530893313
988048873783549952
988049033791967233
988049397249445888
988049552191221762
988049596327874560
988049613570609152
988049654775500800
988049858195001344
988049984741412865
988050029322653696
988050064382840832
988050230921834498
988050243622236160
988050681058725888
988050694677680128
988050746619949057
988050768845594624
988050795336798208
988051067014467585
988051215673102336
988051387324993537
988051434875817984
988051491616382976
988051561363492864
988051795124674570
988051894563196928
988051988440145920
988052180794998784
988052345094266880
988052369484197889
988052382683561988
988052729502289920
988052798465077248
988052819356934146
988053046751121408
988053094754697217
988053213277507585
988053270689079296
988053320383254528
988053371763527680
988053389698154496
988053404521062401
988053423240220672
988053449626607616
988053472514686976
988053477547950080
988053565733130241
988053566915887104
988053645999640576
988054114549432321
988054141300854784
988054310717198336
988054482067083270
988054713538052096
988054821130461184
988055232772034565
988055244386000896
988055588339965952
988055696091598848
988055810398924801
988055920893681664
988056161877446657
988056386218201088
988056500273901569
988056522709196800
988056821444341760
988056899236089857
988056967804485633
988057141096435712
988057143986262016
988057473348235264
988057510157389825
988057573734612992
988057751829012480
988058084114423809
988058146416615424
988058198836998144
988058224271282177
988058341707538433
988058555227009024
988058662802481152
988058745384161281
988058885658501122
988059021012807681
988059316807749633
988059760644763648
988059840693010432
988059989225992192
988060009803198466
988060447512387584
988061004956397568
988061007900758017
988061078864179202
988061199651758081
988061215091036160
988061236565893126
988061255758942208
988061266668326912
988061361996550145
988061426018373632
988061503835246592
988061516531412992
988061650103173120
988062059152715777
988062068313088000
988062145676890113
988062400506138624
988062471650009089
988062539765469185
988062875674730501
988063223122362369
988063420321861632
988063498642042880
988063847650152449
988063930739281920
988064087107100672
988064578864140290
988064679984615424
988064963104247808
988065179991789568
988065208827604993
988065311361589248
988065340776243200
988065373793800192
988065422414090243
988065677595627521
988065697002610688
988065753785135105
988065754309414912
988066154173337600
988066226382532614
988066286319087617
988066495581315077
988066552657346566
988066622521868288
988067235632746497
988067293866414084
988067315831930880
988067325835431936
988067593931100160
988068079493156864
988068638212096001
988068764905328640
988068896811995136
988069031662968832
988069746133225473
988069894292955136
988069983296065538
988070080599781376
988070409319804928
988070409718267904
988070458321858560
988070458716139520
988070458867175424
988070497240821762
988070566371430400
988070779983138816
988070825533231104
988071013878517762
988071022934052866
988071039052771328
988071376207609861
988071991700787200
988072116137480196
988072155773620230
988072231929606144
988072275156094976
988072314641289216
988072380600848385
988072474196828165
988072833455706112
988072909452259329
988073308343025665
988073550643912705
988073559867215872
988073872045039627
988073957780852736
988074025468514304
988074022809284608
988074124407967746
988074286970736641
988074618861875200
988074693327540224
988074760927105032
988075500492021762
988076167432372225
988076325712941058
988076362509537281
988076457309204481
988076457795751936
988076535994290177
988076629640536064
988076682518069256
988076858750259200
988076989042036737
988077084668039168
988077381142437889
988077431620648960
988077595030949889
988077642405568513
988077807388545025
988077882948845570
988077965975187456
988078045947944961
988078439851806720
988078862734184448
988078890735362049
988078949472329728
988078958062264320
988078966664761344
988079053281398784
988079201373839363
988079316322922496
988079546212798465
988080145931087872
988080251669491712
988080485711654912
988080573427208192
988080910351319040
988081237595164677
988081310223740928
988081365743734785
988082138582061056
988082351925334016
988082387925000192
988083086108844032
988083250852712449
988083380381192192
988083391995228160
988083555321425920
988083603530756096
988083653547872257
988083657700184065
988084063037722625
988084103072354304
988084444660748293
988084519373803520
988085013999648768
988085091116208128
988085150469820416
988085202479190021
988085307554910213
988085425062449153
988085862981398528
988086243333431296
988086299281240064
988086608346959872
988086653058207745
988086875431821312
988087235139506176
988087312495112192
988087492967587840
988087780520554498
988087836564860929
988087961169342465
988088196327145473
988088262559485952
988088361582776323
988088508517699586
988088835467825152
988088900903202816
988089220832018433
988089243426873345
988089395629711360
988089791463022593
988089837499674624
988090046942236674
988090242472337410
988090338110836736
988090537117995009
988090580231184387
988090888244154373
988091003247779842
988091030716276736
988091226070151168
988091271217631239
988091314389573633
988091346916438016
988091377241219072
988091486477672449
988091541498597376
988091606321582083
988091633253146625
988091901587918850
988091927584301056
988091984685555718
988092328714883072
988092361728196609
988092504758259712
988092859218911233
988093287843147778
988093324820140034
988093576033832963
988093894884720646
988093958579478529
988093987943743488
988094166705074176
988094361647841285
988094394317377537
988094475900682242
988094582536769536
988094588442349571
988094705404702720
988094744952758272
988094787382382592
988095175934259202
988095183282688000
988095983367012353
988096157644742657
988096778665889794
988096945511129089
988097113757245440
988097267960897536
988097409870893061
988097503886233600
988097617925165059
988097644898725888
988097863057100800
988097869260492801
988098060004798464
988098116107857922
988098156498964480
988098288263016448
988098407406489605
988098414297665536
988098573035298816
988098587996442626
988098645911367680
988098662805966848
988098973016772611
988098982672044040
988099108295626752
988099113626603520
988099508381933569
988099523418509314
988099648572227586
988099820803055617
988100057659510784
988100214937530369
988100273825570817
988100337956478985
988100392876638212
988100491811938304
988100537794088960
988101134211604485
988101220496805889
988101354521493507
988101385085444097
988101572700921858
988101584847548416
988101778439835648
988101818331869184
988102142308339712
988102152718639109
988102214865518595
988102247165853696
988102277629083648
988102320192999426
988102474992095234
988102546219823113
988102561671544833
988102572186767360
988102952610082816
988102958603755523
988103101788971008
988103166561538049
988103193140883456
988103273830862849
988104034778218496
988104225845587973
988104273266438149
988104287862644737
988104369517232128
988104453902520320
988104589743394816
988104596827582464
988104744488112129
988104795868286977
988104800813363200
988104799458660353
988105123321733122
988105204976504833
988105414901469184
988105567179890693
988105587748687872
988105708280348672
988105826400440321
988105882922864640
988105959678660608
988105968834707456
988106121486454784
988106312327352320
988106385849307139
988106388642545664
988106405327589378
988106534285606913
988106543278317568
988106622978482177
988106779325353984
988107138307379200
988107363344371715
988107549001093121
988107634485137408
988107817704919040
988107901213560832
988107992192217088
988108187940392960
988108198241603584
988108202620440577
988108519248400384
988108538340818944
988108557781487617
988108858567602177
988108962666074112
988108967229493248
988109013735952385
988109220271804417
988109284255961088
988109596358266880
988109651127488512
988109806446743552
988109932586299392
988109956527292418
988109998675947523
988110050714705920
988110321507340289
988110371125911552
988110369876037632
988110440159989760
988110508355194880
988110548800884736
988110580383760385
988110616169730048
988110874106826753
988110876690481152
988111199693934592
988111360696471553
988111530838364160
988111538539122688
988111594709118976
988111631489040384
988111709637369856
988111748275240961
988111840151572480
988111873668276224
988111886532169728
988111947169222661
988111981080178694
988112003649634305
988112161271701504
988112509071740934
988112609084956672
988112798440976385
988112810394734592
988113348683292672
988113429134266369
988113549347246080
988113771167207425
988113794340712448
988113970665009157
988114064537776129
988114181302996993
988114185593667584
988114365852340224
988114412782448640
988114552112975873
988114666781069312
988114736960233473
988114948822847488
988115171456552960
988115225143627776
988115249663561729
988115439850049536
988115442001735680
988115445755543553
988115651037409280
988115695618678784
988115721522761733
988115756310294528
988115798970585093
988115969355730944
988116019876122630
988116173891014658
988116213854343168
988116319965990912
988116347266764801
988116547817426945
988116682387415041
988116685776400388
988116911635550210
988117148886355968
988117197078827008
988117280293875713
988117531880775680
988117981204008960
988118043606880256
988118211643301889
988118420364423170
988118526471761920
988118956610342912
988119036000178177
988119087715844096
988119155894308864
988119177507561472
988119322810822656
988119612079398914
988119693788622848
988119825087123456
988119838479540224
988119862475198465
988120026476613633
988120036610068480
988120365460262913
988120395906678784
988120403376791552
988120558326992897
988120589658480641
988120621757489154
988120630091501578
988120657933332480
988120699834388480
988120906487738368
988120914939252739
988121222104977408
988121238487863296
988121369584984064
988121464363773952
988121517786529793
988121629212528641
988121661961572353
988121953654407168
988121998831292417
988122073745813505
988122133485285381
988122177290559488
988122329199804418
988122397470584838
988122462092234752
988122548968804353
988122645051990016
988122860500766720
988123004776394752
988123166273925120
988123259303579648
988123298436349953
988123386932023297
988123413679046657
988123472743235584
988123563885498369
988123578620104704
988123582646640640
988123728633528320
988123807406673920
988123858342424579
988123898423205891
988124125381189632
988124390708731904
988124507071303680
988124535009546245
988124563795075073
988124693046677504
988124800026578944
988125068483022848
988125476366553088
988125529340563456
988125606855565312
988125710161080320
988126026474708992
988126110100619264
988126210617151488
988126230527533056
988126509490634753
988126577371303937
988126724117422081
988126782330155008
988126788017623041
988126854296023040
988127102267510784
988127125566828544
988127226058231808
988127238955716608
988127342160642048
988127367477497856
988127556057616386
988127568477020165
988127751361085440
988127914339262464
988128340275089408
988128383136686080
988128426514112513
988128466313908226
988128609981419520
988128680814759936
988128682341470209
988128712737611777
988128723172900865
988128842366816257
988128920682860545
988128963619950592
988129704027873280
988129735799640064
988129763008090113
988129818427392000
988129858617307138
988130027333144577
988130109126270976
988130156639383558
988130234552672256
988130261916413952
988130321643266048
988130387212849153
988130453541531649
988130655706992640
988130805238124546
988130818383077377
988131054723764226
988131207136403456
988131263486873600
988131335662391296
988131396446294016
988131440289296384
988131489303805953
988131503677853696
988131525068718080
988131595990327296
988131639753674753
988131747090051073
988131779298189312
988131860965478400
988131975130165249
988132053588770817
988132124707389441
988132203853950976
988132333793501184
988132386234871808
988132408938680320
988132485086240768
988132527926898688
988132603063660547
988132801269719046
988132803782103045
988132849554509826
988132858006069254
988132889677258753
988132939551649792
988133065582104577
988133082300600320
988133093956554752
988133160503382017
988133208876306432
988133227188629509
988133361796435968
988133363130273793
988133456738770951
988133661294907392
988133778756456448
988133795793637376
988133941784776704
988134040241954817
988134057518292992
988134187491319808
988134237844000768
988134448465174528
988134466521649158
988134761796431875
988134899004723206
988135047789195268
988135191930720257
988135376161210368
988135480620396544
988135529765113856
988135610702553089
988135611054919680
988136120398630916
988136121954684934
988136136903135232
988136271326392320
988136632183377921
988136715691986945
988136794834300928
988136825716920322
988136847539953665
988136926229168128
988137011646255106
988137037965512705
988137099105898496
988137168152530946
988137215523020800
988137249475911681
988137313132740608
988137344128700416
988137395534139393
988137714385113090
988137723365089281
988137878457847809
988138333812424704
988138420592627712
988138692379398144
988138699488747520
988138766970875904
988138898281975809
988139037201444870
988139054213550081
988139106101276672
988139136094756865
988139202570326018
988139234384121856
988139390538002433
988139467138416640
988139566208077824
988139667013996544
988139731048378369
988139793816211462
988139823297892352
988139840943329280
988139890117435393
988139900326371328
988140085790068741
988140369220128769
988140465584295937
988140524619124736
988140632626683905
988140726558052356
988140791636877314
988141029852401664
988141566396116992
988141665939533825
988142016159772673
988142151958761472
988142195172675585
988142351196524545
988142421014974464
988142873328652289
988142899194941442
988143447323348992
988143459340079106
988143550310354945
988143607579381762
988143668493193217
988143784943906816
988143836240244743
988143934936371201
988143968042012672
988144011608313862
988144195356545025
988144197831200769
988144321344962561
988144338310922241
988144477951885313
988144548697305088
988144586538344448
988144723587223552
988144801769017346
988144870136123393
988144908346195968
988145011018616832
988145136231206912
988145217315459073
988145280523567106
988145392062779395
988145395762069504
988145504268771328
988145516499390466
988145673445965824
988145675144777728
988145883601653761
988145966061584384
988146133603143685
988146236963336193
988146315111600129
988146678611038208
988146693895016448
988146777454006272
988146800291872768
988147025555480578
988147175678005251
988147234846990336
988147448337051654
988147707930923014
988147746094927873
988147753627848704
988147923132305409
988148101960564737
988148257191878656
988148407721218048
988148445281161216
988148522825502721
988148618837331968
988148885792096257
988148932822884352
988149094572060672
988149127010816001
988149186938982400
988149233378381824
988149557333823488
988149701865361409
988149813979111424
988150124487593985
988150157983272960
988150216389025797
988150262283079682
988150449571287040
988150578999160833
988150628198338560
988150722096189440
988150761514323968
988150834096672769
988151015240294401
988151285030555648
988151310183747589
988151625599672320
988151633371713537
988151734362140672
988151736945782784
988151750925455362
988152033751588866
988152063816359936
988152173929418752
988152238530015232
988152253101101057
988152578725896198
988152678449545217
988152719209910274
988152737190809600
988152743733886981
988152808775077888
988152961032441860
988153390273368064
988153602110869505
988153712378970112
988153809657565184
988153876472913922
988154002377453568
988154036259090432
988154083054964736
988154195688685568
988154208393318401
988154232275718156
988154339276591104
988154466871455745
988154562610593792
988154618688438277
988154814474477568
988154843746504704
988154880928993280
988155014198779906
988155036248178689
988155166867193856
988155204196618240
988155342029762562
988155602974248960
988155723300442112
988155780707864576
988155913856053248
988155972484059136
988156153480798208
988156157603827712
988156250163744769
988156393613070336
988156574366658560
988156631073611776
988156656155586561
988156676380463105
988156944870453250
988156973152653312
988157126181867525
988157203763916800
988157392138440704
988157590193561610
988157616416272384
988157638730010626
988157700910575616
988157801305399297
988157971006984192
988158015017816064
988158016330616832
988158227023056896
988158350339792897
988158390399635457
988158401741033474
988158409596862466
988158589557723136
988158682130190336
988158700648042496
988158819648856066
988158826900787200
988158892143271936
988159000201089024
988159072947113986
988159082791137280
988159162491244544
988159165976727552
988159404531994625
988159606701678593
988159632102313984
988159684803747842
988159742014050304
988159756186652674
988159802483363840
988160047988592640
988160066103709696
988160334463750145
988160382618492928
988160383683833856
988160388192722944
988160465309061120
988160637628010496
988160772181254144
988160931543814144
988160948367187975
988161063047847936
988161183634067456
988161511339315200
988161893507522560
988161935660257281
988162024080363522
988162223649386496
988162522749591552
988162615074545667
988162653418872832
988162708901191680
988162797686214656
988162874223857665
988162953945014274
988163089790132224
988163107267727360
988163295541714944
988163306576842754
988163353313992704
988163428706594817
988163431177097216
988163618503118850
988163677336436736
988163950528393217
988163973886480384
988163977518739457
988164102836178945
988164124017414144
988164166786650112
988164244783935490
988164316636631040
988164318586916864
988164367245086721
988164556852690944
988164564301832200
988164648338972675
988164685827596289
988164756589764614
988164866862088194
988165036253294594
988165156608847872
988165300435681280
988165320438317057
988165564391620610
988165712622575616
988166025383497728
988166074008068097
988166395656581121
988166556696875014
988166644332662784
988166726952120323
988166730072682497
988166755955740672
988166975498215431
988167008612241410
988167080636813312
988167377148956674
988167456333197312
988167594963283968
988167603616174080
988167694473187328
988167981556490240
988167986329669634
988168113958146048
988168276244074496
988168388164890625
988168390631096321
988168393298796544
988168782790234112
988169027922034688
988169083236601862
988169347687440384
988169368591912960
988169491917000704
988169704945733632
988169788122980359
988169789569929218
988169790576570368
988170050401198085
988170179614998539
988170216931778565
988170364109848581
988170415985045508
988170549326237697
988170587917860864
988170729161220097
988170803400335361
988171026084311040
988171282167496705
988171653174710274
988171703388966912
988171741511012352
988172358077870087
988172526063902725
988172541624770565
988172581047099400
988172656544448512
988172715252224002
988172836169756678
988173047516495873
988173096732504064
988173120262606855
988173262579490817
988173281537806342
988173308867772417
988173331206721536
988173443333050369
988173478581981184
988173496995012614
988173510580277254
988173518490816512
988173639144046598
988173757771632641
988174039058403334
988174189508071424
988174209317851136
988174444827987968
988174493834252295
988174554890756097
988174610314166272
988174831828029440
988174969606688769
988174981539524610
988175049432715264
988175104457789440
988175322712592384
988175628062068738
988175711700701184
988175738976260096
988175851228418051
988175893532233728
988176492462002182
988176512590499841
988176648464945154
988176785153159168
988176964430303232
988177042104573952
988177252713148418
988177345348603904
988177386335285254
988177479495049217
988177480543588357
988177691617775618
988177720352927745
988177830356901888
988177839223705600
988177931250864130
988178546672783367
988178646316744704
988178770300489731
988178843629441024
988179061741670400
988179119186894850
988179265031168001
988179372615131137
988179775268278272
988179783128371200
988179880578871296
988180228370522118
988180233487568900
988180356984705024
988180423221088258
988180446403014656
988180612757573632
988180937606402048
988181103906361344
988181120377413633
988181233191542789
988181245103362048
988181547701428224
988181829948727296
988181854619566080
988182007275556865
988182278269521921
988182291590598656
988182410465628161
988182714208710656
988182740267864065
988182792298205185
988182856953417728
988182942118825986
988183178006364161
988183493338435588
988183716232122368
988183775652777984
988183876995600385
988184194902843392
988184281011847170
988184395734495233
988184565108928517
988184767500881925
988184782373900288
988184921477873664
988185074679058432
988185139095179264
988185168178565120
988185199199604736
988185223031590918
988185225606893568
988185225871183873
988185254811848704
988185315373395968
988185396432588801
988185405617995777
988185946721005568
988186558128902144
988186678207664129
988186713041375232
988186748382572544
988186785929981957
988186868251537408
988186973079818246
988187299312742403
988187341293543425
988187358733524992
988187388714409984
988187510885974016
988187518129590273
988187652494102530
988187777648021505
988187991519776768
988188183555866624
988188278921801729
988188434261999616
988188622682804224
988188652349153282
988188675480735746
988188801594994689
988188810424012801
988188845521932290
988188855495987202
988188908591747077
988188922198069248
988189216646553602
988189352441319424
988189355410903040
988189520234471425
988189527515811847
988189565105197056
988189670482825216
988190004529770496
988190098394157056
988190328309145601
988190367131537411
988190634266759168
988190880761810944
988191148257824768
988191430261772288
988191549753380864
988191741567164416
988191895426920448
988192080509001734
988192257500164096
988192665765400577
988192852902580224
988192894677934081
988193203177259008
988193255031562245
988193256985985024
988193441833201667
988193515107704832
988193908705374209
988194288742862849
988194825177530369
988195008313548803
988196210099015680
988196833339076608
988197269227925504
988197351729885184
988197636686729216
988197821093416960
988197923241553921
988198131945926656
988198190439632896
988198264511049729
988198599963086848
988198775687667712
988199419450396672
988199652083339264
988199706231795712
988199928521461760
988200037342744577
988200293811802112
988200878476857345
988202200701849602
988202467010793472
988202927977390081
988202971841421312
988203553973002240
988203576219627520
988203943669968896
988204532638343173
988204556805951488
