970811199611920384
970811349147246593
970811433738014721
970811510317633537
970811837880197125
970812475481477121
970812627562713088
970812978655264768
970813063359328258
970813404251394048
970814382836998144
970814475795423232
970814521169317889
970814588932579329
970814732662923264
970815048871489536
970815089384226817
970815200927604737
970815272109080576
970815411607523328
970815690360999936
970815812369043457
970816609148338176
970816779894378496
970817990089461761
970818041264078848
970818403358400512
970819397496471552
970819980584505345
970820344356499457
970820809844543491
970821665545490433
970822329306615808
970826755064979460
970827253352366080
970828732515651584
970831670604713984
970831788158439425
970833143551885314
970837896969236482
970838403653742594
970839250647375872
970839631137853440
970840633421258752
970842594774265856
970843247865188353
970844806057472006
970847829521584128
970853881839345665
970858906594480128
970876260812492801
970876349077508096
970876653432901633
970878494119997445
970879256338120705
970880064509399041
970880533348651008
970882010809020416
970882100558667776
970882722091732992
970883534494818304
970884200005029888
970884734342623232
970885618241867776
970887358160699392
970887651468423168
970891312449933312
970892319082807296
970894653489926144
970894730543411200
970894844867567617
970895131074318336
970895864049946624
970896867037995008
970896973795676160
970896987590717440
970897310862467072
970897609480122368
970898230111334400
970899253643137024
970899530316242945
970899636830523392
970899893517717504
970900054461566977
970900503101140992
970901175481585664
970901484710789120
970901559726018561
970902041659817984
970902348523560961
970902703575588864
970903614364545024
970903763597910016
970903895919726592
970904153856856065
970904448578084864
970904898245218304
970905118441984001
970905163543310336
970905586970722305
970905900138541056
970906370068410368
970906531351982080
970906558698635264
970907157955784710
970907244207407106
970907429805477888
970907632138641408
970907821893091328
970907902058909696
970907930919923712
970908298999410688
970908330028920832
970908362081697793
970909000354197504
970909139017879552
970909497349820421
970909558376992768
970909620763090944
970909740476887040
970909833489715200
970909958152876032
970909962485420032
970909992210649088
970910615018594305
970910801237348352
970911184340824065
970911258974224384
970911632472854528
970912151144558592
970912648723353600
970912718310998016
970913037271085056
970913384215601152
970913465010413569
970913497004630016
970913674750722048
970913755180781568
970913762529161216
970914262892929024
970914552094347264
970914795233927168
970914873050877952
970915170024243201
970915353718132736
970915469606772737
970915605254754304
970915678181085184
970915824230916097
970915829595492352
970915881810321409
970915959136497665
970916251341086720
970916279518486528
970916323294400512
970916647354748929
970916723250647040
970916952594984961
970916952632827904
970917328417316864
970917340308221952
970917468280623104
970917548454825984
970917585603657728
970917588434915328
970917692386365440
970918311667077120
970918320043122688
970918420131864576
970918422296088576
970918440012795904
970918452796911617
970918485940371457
970919093279907840
970919124112207872
970919213450711041
970919272527560704
970919407320010752
970919461300535296
970919757506646018
970919822979682304
970921070764220416
970921096395575296
970921166218170368
970921179530907648
970921351342149632
970921520267702272
970921893082619904
970922053820919808
970922296318857216
970922384176898048
970922387515625472
970922664222232576
970923035065769989
970923039524311040
970923064434274304
970923123318108160
970923145866694656
970923154414718976
970923253886840832
970923711049105414
970923850656632832
970923896424796160
970923928846831616
970924121273044992
970924258082918400
970924575440670721
970924582550016000
970925041746669568
970925099711893504
970925242460852224
970925328473436161
970925334446137345
970925366427750400
970925721991417856
970926196866322433
970926230680809472
970926817535315970
970926840683606016
970927480277217281
970927513009520641
970927721873399809
970927735697739777
970928090112249856
970928293779255296
970928355842371585
970928433684451329
970928524059205632
970928986120425472
970929195714007040
970929302467481601
970929335514300418
970929426589540352
970929732442378240
970929794648018944
970929854106554368
970929868560060416
970929879419113472
970930467670241280
970930483512139776
970930821782802433
970931015656099841
970931017539342336
970931182631358464
970931260687306753
970931294422134785
970931684479848449
970932184214204419
970932232788545536
970932605888684038
970933300083724288
970933320874844160
970934227993800705
970934410936598530
970934579547852800
970934584178331648
970934702751272960
970935206927532032
970935367754027008
970936005908942848
970936344733155328
970936497573629952
970936641950044160
970936844308402181
970936928110555141
970937175696125952
970937576759668736
970937707202531328
970937713485631488
970937790954385408
970937843873976320
970938017836929024
970938200045875201
970938204038811648
970938207088140288
970938790704500737
970938836065964034
970938997123018752
970939073568395264
970939123816189952
970939132942876672
970939223896403968
970939277860274176
970939528985960450
970939781285851136
970939829977583617
970939910118133760
970939949943087104
970940014539440129
970940242357293058
970940306400141312
970940380366721027
970940596444631040
970940599829516289
970940675599593472
970941123760967680
970941142576623616
970941257685053440
970941401189019648
970941492062838784
970941537789140992
970941614263808000
970941842459111426
970941853477597184
970941894288134144
970941967411671041
970941980879532032
970942055441752065
970942138539216896
970942291190910977
970942324665716736
970942352155136000
970942353723871232
970942467309821952
970942488813940736
970942762722803712
970942807832657920
970942814212288512
970942815378333696
970942862916386816
970942868742443008
970942909032882176
970942911864102912
970942943229022208
970942978066968576
970943068244512769
970943283336765440
970943388190199813
970943534923644929
970943561507143681
970943709188644865
970943731233906688
970943745985253376
970943892383297536
970943940932317184
970944061241741312
970944181408542720
970944193907568640
970944195883159552
970944419657592833
970944438141964288
970944699191218176
970944712449327104
970944783890993153
970944827436273665
970944892599001088
970944968712966144
970945141879033856
970945206458769408
970945352651149317
970945370783088640
970945420145897472
970945432041021440
970945522797305856
970945635024326657
970945855854383104
970945921851822080
970945939040014336
970946012834619394
970946276564054016
970946425398939648
970946489903206401
970946568026312704
970946638587064320
970946693997973504
970946852672757760
970946938647478272
970946944506978304
970946962328604675
970946995685941248
970947029714309120
970947105303887874
970947232668225536
970947377086521344
970947406408937477
970947415221129216
970947606829518848
970947749653950465
970947775021158401
970947794176425984
970947906936168449
970947988012052481
970947994097987584
970948091179302912
970948120447250432
970948184297091072
970948218635857920
970948224314945536
970948221907488768
970948235253682177
970948233907326976
970948323199811585
970948369563734016
970948535372992512
970948650334646273
970948683020763136
970948712632643584
970948772179206145
970948807935627266
970948996775710720
970949031668183040
970949090635808768
970949106410631168
970949253148368896
970949283791949824
970949287084544000
970949290381266945
970949443133542400
970949559466815489
970949674382262272
970949717545897984
970949756934656000
970949794653966336
970950251447246848
970950298805121024
970950373476392966
970950381583982598
970950382678659072
970950510198054912
970950537662394369
970950553667817472
970950574303825920
970950764901302272
970950801156923392
970950917678927872
970951077649633280
970951078048157696
970951141851774977
970951275008417792
970951299675181056
970951360207302656
970951370185625600
970951539077664768
970951600037613568
970951632635691008
970951642651725824
970951726751653889
970951829407354880
970951842560606208
970951847275126784
970951935212904448
970951940917129216
970951997883994112
970952065026584577
970952108504567808
970952197809868801
970952222958850053
970952249072652288
970952267795959808
970952322707742722
970952367230410752
970952428181958656
970952445491900417
970952527347945472
970952548617203712
970952618976702464
970952763256573952
970952768713363457
970952766708428800
970952812493529088
970952834165497856
970952855250264065
970952924733100032
970952924678512640
970953052554489857
970953181114044418
970953235707162625
970953336747905025
970953359288094720
970953562363711488
970953590872461312
970953782300413952
970953794921156609
970953828907569152
970954003495473152
970954081517883393
970954262405664768
970954384598355968
970954404219236352
970954444388093952
970954484506681345
970954509383094272
970954516534358016
970954567096692736
970954676819644416
970954692929957889
970954692829335552
970954708738330624
970954925604777985
970955179968401408
970955197370585088
970955270259126273
970955315566006273
970955510051758080
970955536974991361
970955621662167040
970955765778403328
970955904802807808
970955925614981120
970956070234574853
970956230398300160
970956241542541313
970956307841912832
970956314301132800
970956331904634880
970956441061380097
970956611580780545
970956614722379776
970956990087385088
970957050753757184
970957230827884544
970957282640039936
970957368342167552
970957567798235136
970957624849174528
970957703521755137
970957769292599296
970957830101532672
970957959474884613
970957961282670592
970958054882717696
970958150210908161
970958207920336897
970958275087921152
970958319073579008
970958502238851072
970958790752440320
970958983568732160
970959020243734528
970959169149906944
970959172287320064
970959531491590144
970959544112308224
970959644431659008
970959651486535680
970959799767719936
970959836425916416
970960003195723776
970960170569404416
970960469350633472
970960528289001472
970960675051892736
970960718018285568
970960734090915840
970960754202632193
970960771076288514
970960824201293824
970961025502797824
970961064530776064
970961103500038147
970961166645198849
970961200946339841
970961210597355521
970961227726966785
970961271209299969
970961283511091200
970961396946161664
970961420895612929
970961425001787392
970961529540669442
970961603972816896
970961649959100416
970961688957784064
970961804846395392
970961831106883584
970961839726186496
970961859137490945
970961962136997888
970962012091056130
970962222221586432
970962245143449600
970962326097661952
970962468293038081
970962540082663424
970962549922557952
970962812687343616
970962861358047232
970963007453958145
970963052437831680
970963081198174208
970963086655049728
970963178636136448
970963312023425025
970963360157241344
970963397616521218
970963450087313408
970963517284155392
970963590361559040
970964387354857473
970964466677534720
970964630767132672
970964632516136960
970964648643178496
970964708781101056
970964735314317312
970964883759095808
970964885017374720
970964973416480773
970965025321050112
970965246964793344
970965273972011008
970965323930324992
970965356209688576
970965361553297409
970965375234998272
970965427047272448
970965457380560896
970965461222469632
970965510492950529
970965537416187905
970965684640452608
970965686901239808
970965836478537729
970965891511996422
970965989872558081
970966027851980800
970966072080945153
970966185977065472
970966202024685568
970966238267674627
970966431381762048
970966557286387712
970966774077411330
970966992621572096
970967202164854784
970967294691115008
970967336529391616
970967344095924224
970967563739058176
970967597415006209
970967667866730496
970967699676332032
970967846510563328
970967871147814912
970967879268040704
970967904601731072
970968037615636480
970968101524328449
970968214040662016
970968216326557696
970968250573082625
970968311176617984
970968336564740096
970968542215655424
970968953995571200
970969140877037568
970969225157316608
970969486898683906
970969523959554050
970969532641808384
970969627575640065
970969738162720768
970969772656644096
970969890403307520
970969955977089024
970969975325413376
970969999086112769
970970064596996096
970970157253263360
970970213356273664
970970213251538945
970970237347815430
970970263117381632
970970468881764353
970970476196651008
970970490243305480
970970747450478592
970970970797363200
970971142063304704
970971339820544002
970971898472517633
970971902398418945
970971943775109122
970972211493462016
970972215767379969
970972455408988160
970972519451721728
970972866945716226
970972992934154240
970973003856130049
970973409650855936
970973512998572032
970973692946763776
970973765382291457
970973766128996352
970973850665177088
970974001123201024
970974566708318208
970974674804006912
970974756135632898
970974817867493377
970974911362748416
970974942123773953
970975383364530176
970975464297848832
970975557092610048
970975579834146816
970975640445956096
970975734339686401
970975741579063296
970975778316931072
970975879915556864
970975883828834304
970975934768656384
970975981396742145
970976061138833408
970976232950194176
970976282988212226
970976327972122624
970976340068454400
970976413414248448
970976499112251392
970976511670046722
970976592154583046
970976612991762432
970976758848720901
970976926826450945
970976935382863872
970977035802890240
970977111564570624
970977179952668672
970977181433319424
970977408089194498
970977442545438721
970977493158113280
970977670795317248
970977781956993025
970977866375745536
970977890346131456
970977893378650112
970977903939850241
970978356840816641
970978396007272449
970978420908789761
970978435425275905
970978446078824448
970978560621064192
970978573661155328
970978685598740480
970978848379691014
970978952423661568
970979066475053056
970979068601651200
970979087887093761
970979144174534656
970979263808667648
970979276756484096
970979404791910400
970979482680033280
970979495904673792
970979579509854209
970979598908444672
970979624158138368
970979670706573312
970979715807956993
970979751782436864
970980303849205762
970980436267716608
970980520430657537
970980685707186176
970980820059086848
970980910328877058
970980957254770688
970980973797048320
970981045414883328
970981281097019392
970981326600974338
970981366061027329
970981459254267904
970981505853001728
970981512752566272
970981592687575040
970981682068295680
970981713080934400
970981732915834880
970981737542180864
970981740763402240
970981820941717504
970981835143565312
970981982539796485
970982084255866880
970982088051748864
970982094531911680
970982251218526208
970982567368364032
970982570241425408
970982606425731072
970982617234407425
970982645181157377
970982658191888385
970982669478604800
970982727741788160
970982785732235264
970982835883528192
970982863658278912
970982915839610880
970982943287070722
970983075915104256
970983091484397568
970983108286795776
970983214251696128
970983228868882432
970983315422482434
970983323525885952
970983332195504130
970983338298224640
970983416438149120
970983469986779137
970983486860546048
970983510260543488
970983586676510720
970983605638975488
970983688019247104
970983775810260992
970983839047802880
970983872354799616
970983882161049600
970983890792865792
970984039883640832
970984037568385024
970984119168577541
970984121936896000
970984143621361665
970984199632011264
970984233127874560
970984234751053824
970984396944826368
970984517581377536
970984567933980672
970984592302776321
970984616449503232
970984802701729792
970984963901358080
970985083942432769
970985240545185792
970985331574132736
970985437480157184
970985685976059904
970985883208945664
970986046455451648
970986078655086592
970986217960505344
970986254648139776
970986305625706496
970986315226509313
970986354602577921
970986369353965568
970986524757118976
970986525948284928
970986610006417409
970986653409005568
970986658534510592
970986675324284930
970986714348089345
970986737588678658
970986763454906369
970986804022267905
970986827174830080
970986860737687552
970986906396905472
970986921395736576
970987011690594304
970987084554088448
970987092800131073
970987133333884928
970987158977859585
970987403790884864
970987705038499842
970987713217335296
970987864795287553
970987996009791488
970988197873377280
970988236582670336
970988343927418881
970988386801602562
970988429046632448
970988618012610560
970988769452150784
970988873156308992
970988878428557312
970988925794836480
970988926059114497
970989163909730304
970989187922124800
970989220046295040
970989299607965697
970989327613341697
970989385352130560
970989406105604096
970989414255091713
970989539887058944
970989555833851904
970989607029563392
970989706098946048
970989760402612224
970989776672354306
970989882742116352
970989889968922624
970990091152822272
970990312150708224
970990435492614145
970990433433260032
970990463384727552
970990538034991104
970990552362733568
970990711523901440
970990785540837376
970990830298259457
970990850829443072
970990954374148097
970990980529876992
970990981595230209
970991260835110912
970991372034600960
970991434621911042
970991564641234944
970991800583376897
970991891532697605
970991932305498113
970992130016595968
970992233401999360
970992252289015808
970992267996684289
970992481155330048
970992554371055618
970992671866146816
970992730083151872
970992778292408321
970992846877556736
970992992340398081
970993106077171713
970993275002867712
970993432557768705
970993496281812993
970993619627859969
970993633288704005
970993717925511178
970993727283003392
970993958091358208
970994013670117378
970994196021641216
970994543708528640
970994580459081728
970994613854105600
970994698776084481
970994698981699584
970994755600617477
970994923205025792
970995061084352513
970995167799971840
970995441860009984
970995482431512577
970995522365509632
970995557656416258
970995648509202432
970995652854468609
970996005465477120
970996050621353985
970996231693586432
970996368138473472
970996453555437568
970996462963298304
970996496928829440
970996736306098177
970996781021585409
970997033631911936
970997044583256065
970997078317965312
970997133175349248
970997282165411840
970997309352923136
970997465917861888
970997493256327168
970997684487286785
970997814166769664
970997872593432576
970998353919139840
970998411808960513
970998427160113157
970998492650000384
970998770891739136
970999878125056000
970999940242604033
971000352446337025
971000521896091651
971000958821064705
971000965364056064
971000991322705920
971001329026965504
971001569440395264
971001664827138048
971001685685522432
971001822147100672
971001926698651649
971001993803153409
971002085096480768
971002200401920000
971002363111788544
971002656494931968
971003113380364288
971003182775185408
971003431388418048
971003488615436290
971003566549819392
971003560702988288
971003568839974912
971003684971786241
971003994096197632
971004201718505472
971004343880216576
971004440739278848
971004452890177536
971004621345951745
971004689541156865
971004734021799936
971005151191470080
971005231722041344
971005231722041344
971005237078216704
971005426010591232
971005450975174657
971005451801366528
971005679145246720
971006053285494785
971006061783248896
971006077079781376
971006115206041600
971006182080045057
971006204536385536
971006287910612992
971006501786738688
971006660591448064
971006970823151621
971006980604211201
971007138385551360
971007142252695553
971007406149947392
971007433786224641
971007702586535936
971007797117837313
971007815883075589
971007870186778624
971007964093075456
971007971822989312
971008081873293313
971008392201457664
971008500259344384
971008525928484864
971008677045063680
971008757877657602
971008855667888128
971008944092143616
971009174846009345
971009238641332224
971009310149967873
971009376646557696
971009625469456385
971009673661906944
971009860857888768
971009991909011456
971010042144198656
971010113921257474
971010117268398085
971010167839035397
971010221614223360
971010224701296640
971010475004657664
971010524887633920
971010773811154944
971010787623006208
971010806417633282
971010862176788480
971010965566377985
971011010978107392
971011280281784321
971011381385486338
971011532602699776
971011569252478979
971011591364907008
971011687196385281
971011767852765184
971011774005829633
971011786928545793
971011873545048065
971012323556159489
971012489482682368
971012609821609984
971012790982004736
971012952550723584
971013066040201216
971013107052105728
971013304142454784
971013333003448320
971013384735985664
971013433780031488
971013439756828672
971013468978589696
971013494576381952
971013599094280192
971013627737239552
971013718569111553
971013739167219713
971013815826571265
971013833107103744
971013970562895874
971014013336391681
971014106726764544
971014381638209536
971014385689858049
971014422830505984
971014568649650181
971014603621781505
971014642175705088
971014642129604608
971015064890331140
971015529816383489
971015582748463104
971015636607479808
971015663174275079
971015957735985154
971015986198536192
971016068176203776
971016284732260354
971016319880585216
971016650005909504
971016786249428992
971017093691985920
971017206090862592
971017225384681472
971017456511729664
971017504414928897
971017817624645632
971017820141244416
971018044884439042
971018140619558912
971018224170164226
971018235289227264
971018349613408256
971018355971907585
971018556434366464
971018646754611206
971018706972266496
971018775335243776
971018790795345922
971018845598240768
971018949646307328
971018990322683905
971019211798646784
971019275690561538
971019490300489728
971019500463239168
971019560362172417
971019761076330498
971019881847185408
971019962478481410
971019964399398912
971019986864046085
971020075640807425
971020178111827969
971020396551196673
971020423411453952
971020529997053952
971020541984468993
971020627284021248
971020919861907457
971021144110391297
971021253057372160
971021266105880577
971021290822885376
971021359538196481
971021366739775488
971021440991494146
971021562831867905
971021636282601472
971021680121348101
971021927962873857
971021929535688706
971022018576560128
971022053871677440
971022148105003009
971022200739450880
971022409607385088
971022621218344961
971022714440953857
971022779737878530
971023049070972929
971023225995104257
971023508355604480
971023583408459776
971023599858405378
971023720910393344
971023825688252416
971023917115723776
971023963349573633
971024031544725504
971024562346430464
971024619372244993
971024706538295297
971024843591254017
971024967637889024
971025034826436608
971025327408459776
971025350053556224
971025365429833728
971025406378872832
971025464620978177
971025627817168896
971025727683485696
971025825737867266
971025827742863360
971025869698367489
971025948937211904
971026057632669697
971026074242048003
971026128705064961
971026133373341696
971026180479516672
971026188771758081
971026237861789697
971026679941533696
971026687520641024
971026705849769984
971026815581122560
971026828973477890
971027153994354688
971027281794813953
971027349868343302
971027368813854724
971027531620077568
971027968955953153
971028028032774145
971028324783976449
971028367914012672
971028453918150657
971028639130308611
971028886787100672
971028901194555393
971028960489467905
971029001539026944
971029434093527040
971029688264134656
971029797416718337
971029881755783173
971029996960657409
971030090162298880
971030142217748480
971030169749282817
971030185725321219
971030236304375808
971030358732038147
971030376129982464
971030389593722882
971030444966842369
971030494753296385
971030503687118849
971030604677558273
971030960568496128
971031109952851968
971031196246466560
971031197152358400
971031214957170689
971031334964613120
971031539541774338
971031667300360198
971031782803103744
971031816122617859
971032058754748417
971032127469965312
971032214879293440
971032422589652992
971032460275396610
971032651388907520
971033093791539201
971033142386745344
971033425120546817
971033782068416516
971033800808587265
971033873026076672
971033900268032003
971033951002353666
971033995290075137
971034092727885827
971034152907759617
971034226106789888
971034228438851588
971034327017541632
971034381421858816
971034422580514818
971034475084828673
971034538871873541
971034686767104001
971034776000856064
971034945165684736
971034949041184768
971034998097801216
971035040024092672
971035112078020609
971035193384558596
971035392429486080
971035436373168130
971035458045083655
971035510603943936
971035688664813573
971035731832528896
971035792490618882
971036032308334593
971036091594760194
971036203247128581
971036433178939392
971036582009503746
971036670538715137
971036675907432451
971036839065931776
971036839074246656
971037091869151232
971037147024289793
971037289634779137
971037292935700481
971037304499396608
971037377518071808
971037841827553281
971037881845329921
971037992876900353
971038053174317056
971038089186627586
971038142299099141
971038211316338688
971038302798303234
971038347660615686
971038378807488512
971038388026568709
971038444570005505
971038473904906243
971038516644851713
971038522885988353
971038547695362049
971038554188075011
971038562396327940
971038571204313088
971038580813549568
971038591399923712
971038595808153606
971038603328610305
971038609708068865
971038616729288704
971038622970470400
971038630511865869
971038670680723457
971038692520398850
971038719615660034
971038909529542657
971039141248077824
971039312727900161
971039454529024006
971039585630384128
971039714403897349
971039783362400256
971039839524151297
971040115266150400
971040135512035331
971040139525918726
971040140855529472
971040425959182336
971040537322180609
971040553541537795
971040696852467714
971040874036629504
971041018819866624
971041180090798082
971041265478447104
971041404448276481
971041441874051073
971041485901783045
971041550791774209
971041732765855744
971041757373915136
971041808078790657
971041938924240896
971042152238153730
971042185163440134
971042281422774273
971042410431164416
971042518346485764
971042691529281539
971042793551552513
971042805790511108
971042843740524551
971042857091059712
971042912938151937
971043031397826560
971043352039821312
971043796724191233
971043827459948544
971044106897063937
971044619659210752
971044660876660736
971044817621934085
971045071465402369
971045131922149377
971045136149962752
971045142630150147
971045527537291266
971045705056911360
971045734547120128
971045847122182144
971046003129405440
971046105537564673
971046205558947840
971046357439012865
971046459171917824
971046510719852545
971046717582962688
971046764861165568
971046767402864640
971046819068293120
971046992142094337
971047311689252864
971047403427172353
971047428257468416
971047440353824769
971047459614019584
971047523078033408
971047531068076033
971047547270811649
971047639071551488
971047888942977030
971047943825485826
971047952197324800
971048193931796481
971048419358896129
971048595012153345
971048797357903872
971048895580114944
971049052631719936
971049080431480833
971049120961060864
971049188279582720
971049526458028032
971049738664644609
971049794876698626
971049809397370881
971049902187823104
971050225493307393
971050262738690048
971050302089678848
971050350563209216
971050410130771969
971050419580436480
971050622698053633
971050830957875201
971050925333929985
971050993948479489
971051024399196161
971051026915713025
971051031177121792
971051076265873409
971051097048735746
971051126341689344
971051197875605505
971051242020458496
971051329157177345
971051418223304704
971051470111027200
971051498577674241
971051617494515712
971051629687558144
971051664290426880
971051681055166467
971051919992152064
971051922722578433
971052062774583296
971052093476823040
971052119200419840
971052191485251589
971052252927594497
971052310313996289
971052353750224898
971052523476877312
971052571954761728
971052619245477889
971052948309540865
971052979825643521
971053088999079937
971053140186402816
971053188202811393
971053267433254912
971053299662315521
971053304447979523
971053313771925505
971053334131085312
971053339655004160
971053338363138048
971053345187225600
971053349918437377
971053354687352832
971053354918010880
971053360609718272
971053366179696641
971053371875577856
971053386912198658
971053392461287424
971053398614269952
971053404264042496
971053410735845376
971053416905609217
971053423528497153
971053456252440577
971053461767950336
971053481971740673
971053519041171456
971053550854959104
971053567502057473
971053583088214018
971053683453714433
971053810436182016
971053815142273024
971053835866333184
971053880816685057
971054044151255040
971054411865903104
971054595719000065
971054692808757249
971055023168860160
971055030466998272
971055251695570946
971055269567520768
971055347514400768
971055427474554881
971055433489244161
971055546009874435
971055558185844743
971055586048700422
971055656626216962
971055685541810181
971055836620615680
971055901884014592
971055978400673792
971056048571379712
971056068855058433
971056227697426432
971056255144951808
971056335939948549
971056417208721408
971056510313824263
971056541657976834
971056546523234304
971056648868499456
971056657173237761
971056662940344320
971056769131835392
971056926539878402
971056977194471425
971057102209929216
971057504380694529
971057508994506752
971057554397777920
971057666889015296
971057692629487616
971057725298958337
971057730957037568
971057732425080832
971057771411058688
971057771239092225
971057788163186688
971057800821518338
971058181781819393
971058196562444295
971058284303126528
971058296546263041
971058314154045440
971058337998688261
971058375466323970
971058510304894978
971058523760099328
971058546866638853
971058677741432833
971058780032073730
971058917919903744
971058918402248709
971058974282919936
971059041127542785
971059129920913409
971059156886212608
971059245344067584
971059448121888769
971059512227573760
971059631274516481
971059769988603904
971059836111769601
971059861298515969
971060112818364416
971060223434780673
971060338614587393
971060735064334336
971060809085456384
971060873346338817
971060880392802304
971060978585624577
971061039524646912
971061083455795200
971061180499456000
971061244374470656
971061366575501312
971061395222618113
971061491284824064
971061551615610880
971061567897980928
971061744025133058
971061780213567490
971061993884082176
971062011219075073
971062013903372288
971062020903768066
971062125421572097
971062137077555200
971062318493765632
971062326806839297
971062343915458562
971062422344781832
971062599839305729
971062631317557249
971062644928122880
971062667153760257
971062733507526657
971062817968345088
971062828240121860
971062908498137088
971063004958806016
971063027880611840
971063057022636032
971063081789984768
971063217937108992
971063310694174721
971063412913590274
971063458652475392
971063487475613696
971063540705525760
971063892079235072
971063895841492992
971064053434109953
971064094483722245
971064152562323457
971064249614290945
971064283139379201
971064284682780674
971064312365305858
971064376223551512
971064395865448455
971064425334624257
971064441805725697
971064467944599552
971064467852230656
971064539008643077
971064609540132864
971064622018154497
971064635901259776
971064665966088192
971064675977908226
971064867804319744
971064913576767488
971064925681520640
971064995453730817
971065084033339392
971065226522169344
971065304183951361
971065442008748034
971065455678050306
971065494013964288
971065497147052032
971065581351956485
971065689816621056
971065851565821952
971065867978108930
971065893299150849
971066062648299524
971066083288453121
971066087965110272
971066152196759558
971066227895435264
971066243393511425
971066248103694336
971066274590724096
971066323856961536
971066442903949312
971066542615130117
971066557303541760
971066572306632706
971066618959843329
971066663067058176
971066778657927173
971066957545005061
971067161954476032
971067255629996032
971067371803770880
971067374165221376
971067513101529088
971067557947101185
971067570429333505
971067643133382656
971067651123499009
971067723601113089
971067981873799169
971068018565492736
971068053072080896
971068078372085762
971068096978079747
971068101579214850
971068180989988864
971068240481914881
971068541389688834
971068610725797894
971068669093666817
971068746445082624
971068855966674950
971069002821914626
971069232690749442
971069270129106944
971069279155249153
971069300609093632
971069339079200769
971069360025604096
971069399867232258
971069492385239045
971069624405065728
971069820774084608
971069993046761474
971070030883557378
971070045169291289
971070189440847872
971070210399768577
971070360111190018
971070370064338945
971070380478779392
971070471046352896
971070609798156288
971070668761632769
971070921883705345
971070977714122753
971071025910820871
971071240122372096
971071425737093120
971071493173104641
971071558465851392
971071679186243584
971071739366117383
971071869519564800
971071920996265984
971072203193241600
971072260420308993
971072291030421506
971072310013808642
971072375562305536
971072405333512192
971072450439122944
971072691833884673
971072790307753985
971072937099919361
971072969933033473
971072978678173696
971072988773744640
971073263844642817
971073571681423360
971073578362982400
971073773020549122
971074026708840449
971074105310109697
971074141586587648
971074160289107968
971074174826541056
971074249204084736
971074343206903810
971074391634251777
971074649692999680
971074743771246592
971074955101265925
971074988940906496
971075097288167427
971075165076492290
971075231896031232
971075239542181888
971075292486950912
971075388716838913
971075457763500033
971075460640727040
971075563992616961
971075612239638528
971075771115728896
971075783413456897
971075792271757312
971075843945652224
971075870218706944
971075996718895104
971076043971973121
971076196443328513
971076212608192514
971076271714181120
971076317872578561
971076696194605057
971076718340575232
971076753644048386
971076818890608642
971076879313788928
971076919340003328
971077075904823296
971077231647842305
971077392155496448
971077427492540416
971077440633278465
971077458115035136
971077550335254529
971077574918098945
971077705776226312
971078098727899137
971078362830704640
971078381558292481
971078548109824001
971078593861312512
971078700048502785
971078858043789312
971078862988873730
971078881804505088
971078887789793280
971079148138475520
971079161619140610
971079247526850560
971079374211608576
971079444076130304
971079508202749953
971079670987919361
971079902681354245
971079921664708608
971079956515221504
971080056645840896
971080313194545155
971080406689820674
971080442316193793
971080531008946176
971080581105750017
971080602744229890
971080723837915136
971080755127472128
971080861000007680
971080909578539008
971081085445697537
971081128575733767
971081605186977792
971081947672907776
971082075192414208
971082108771995648
971082171577495552
971082182658797568
971082461303263232
971082580178227201
971082727662456832
971083112540262400
971083136649121793
971083221407592448
971083245059223557
971083289443405827
971083347672928256
971083847155712000
971084007659196418
971084311469453313
971084330046017537
971084459645816833
971084550020452352
971084554671976449
971084679939018752
971084743986110464
971084812395204608
971084829163970560
971084920696262656
971085001235357697
971085100422238213
971085128167514112
971085135264321536
971085262225735680
971085349781950464
971085576651923457
971085666862927872
971085707564511232
971085801638383616
971085963110813696
971085975563767810
971086005620142081
971086023282384896
971086053686816768
971086067729301505
971086298344763392
971086362492403712
971086398848749568
971086518382137344
971086526246457344
971086664771735557
971086740734840832
971086976983142400
971087149918576642
971087196613685248
971087227492106240
971087283209363456
971087307653681153
971087497257259008
971087505264185344
971087684163825665
971087873872154624
971087928322609157
971087975810523136
971088019179614210
971088138729902081
971088214139293697
971088377461305344
971088443995508736
971088520554188800
971088521753780225
971088631699066884
971088805234081792
971088808149209088
971089127411240960
971089378977165312
971089407343181824
971089435688357889
971089503162118144
971089575916564480
971090044797808640
971090061046542337
971090139140296704
971090278948966400
971090371181768705
971090377754251266
971090405298143232
971090446293389312
971090549796167680
971090668801200129
971090671527432192
971090772446662657
971090844664070145
971090898674057216
971090937374965760
971090991993237504
971091174135074821
971091185157763072
971091381333749760
971091435620589569
971091472488587265
971091650666749955
971091655666405376
971091657964900353
971091815238656000
971091828782100481
971091911183347712
971091928816156673
971092095221096448
971092584897630209
971092664086073344
971092787415453696
971092800912551937
971092821200564225
971093041938386944
971093089170444290
971093174604136448
971093273082257409
971093334163968000
971093691858288641
971093727912644608
971093869046718464
971093928303882241
971094106427543552
971094321922527233
971094334803206145
971094365924941826
971094555373252608
971094569575243776
971094610067017730
971094836454612992
971094909330558980
971095347085893632
971095375854669825
971095609557037056
971095625612824578
971095691949957121
971095758790414336
971095773512429568
971095963510169600
971095976084721666
971096002689224705
971096129311035392
971096329266061313
971096663917023233
971096906486206465
971096954997542912
971097087604658176
971097095842291712
971097479264555011
971097766884790277
971097813751869440
971097867078328321
971098157877747712
971098235673759744
971098266942234624
971098290287730690
971098293190189059
971098407581429760
971098414967607296
971098448501071872
971098567443124225
971098591744884736
971098711140036608
971098857429000192
971098862957064192
971098881852366848
971098989062914048
971099055265927168
971099122043367424
971099131358871552
971099133942616064
971099132663418880
971099160157007873
971099166402400256
971099218113957888
971099224988372993
971099224355065857
971099243959275520
971099358824468482
971099511824244737
971099645417017345
971099649988878337
971099674361892866
971099687406186500
971099693152337920
971099704023973888
971099934018756609
971099976624492544
971100003660902400
971100046761578497
971100047915077632
971100440128557057
971100448701779968
971100658161070081
971100723072159744
971100738058379265
971100807755022337
971100959169564672
971101083841060864
971101116443308033
971101274165972993
971101284001632261
971101294013300736
971101358345646083
971101365354233861
971101431926312961
971101574734008321
971101754774474752
971101767588089857
971101786193977344
971101789427822592
971102006252326917
971102026808643584
971102061290053633
971102109683929089
971102144161075200
971102179036684293
971102561347555329
971102577701146624
971102687403102208
971102768965570561
971102807972630528
971102824410075138
971102862754353153
971102922162491393
971102927489257473
971103059723120640
971103111652757505
971103313566601216
971103348807086080
971103396227878913
971103548405665792
971103569821696005
971103627518664704
971103644882841600
971103840685772800
971103914090262528
971103951507439616
971103977621291009
971104038614962176
971104098639597568
971104178343940096
971104292022161409
971104301975207938
971104352453750785
971104469340639232
971104811721601025
971105033763815425
971105230946529281
971105316149612549
971105347854393344
971105925456171013
971105963532079104
971106038261927939
971106136102522882
971106223180472322
971106390109491200
971106399735427072
971106470141054976
971106494744842240
971106569269235712
971106673434808322
971106741583863808
971106744779857920
971106814388523009
971106988766744580
971107030772699137
971107075915964421
971107106928676864
971107113446658048
971107142466973696
971107355751604224
971107438131929088
971107543903850496
971107571296858112
971107582512435202
971107612359045120
971107659335262209
971107700691165184
971107739408662528
971107745393934336
971107750917869568
971107782073180162
971107809785008129
971107951527292929
971107962876985345
971108170805530625
971108356525121536
971108419896774657
971108507805200385
971108615020056576
971108645533618176
971108850014347264
971108851436195845
971108860445581312
971108919987798017
971109074057220096
971109191787171840
971109278521098247
971109396028837888
971109457739550720
971109482955771906
971109969004302336
971109981071298560
971109990831443968
971110063116046336
971110072846663680
971110352472739843
971110416066732032
971110474778628099
971110640780750849
971110675186683904
971110698586726400
971110874613248001
971111023724974081
971111090657644544
971111098861719553
971111270484185088
971111471634636800
971111480425943046
971111520754176000
971111563422765057
971111589213597704
971111750845255680
971111800841424897
971111808831500289
971111824438554624
971111829513691137
971111871595020288
971111936363581441
971112045801234432
971112052784795648
971112106308366339
971112126935982080
971112128051589122
971112143188910080
971112382222290945
971112745356709888
971112851136970753
971112933295120384
971112966492999680
971113166737412096
971113446526935040
971113521416196098
971113541959864322
971113554815397888
971113613254713344
971113639733284864
971113859581870080
971114084732108800
971114139258179585
971114289334546434
971114500639416320
971114591110533122
971114596374327296
971114843016220672
971114880127422464
971114933868998659
971115150139850758
971115223515123713
971115250710994946
971115262782173184
971115286777626624
971115288837189632
971115302627966976
971115351105835008
971115474342875136
971115537798500352
971115616101806080
971115646753935360
971115654563684353
971115656526614529
971115684787834880
971115786193514497
971115806812725249
971115929076666368
971115931538731008
971115932478332929
971116045447696384
971116081376096256
971116138104049664
971116183733915648
971116194194493440
971116197616988160
971116235713806338
971116382946582534
971116438411972610
971116489460928513
971116636337033218
971116663767781377
971116733158313984
971116871222202368
971116924393451520
971116934950543362
971117083785351169
971117085068808197
971117092463366144
971117266292092928
971117274718457856
971117278703079424
971117289524334592
971117381111205889
971117384290525185
971117385611730944
971117418662723585
971117446806548480
971117509339500544
971117736704258050
971117800977813504
971117817759174656
971117873174368262
971117886256402435
971117888466817027
971117944418824192
971118022634229761
971118055651766273
971118165890564098
971118268210647041
971118325668433920
971118334023471104
971118344140189696
971118388549472262
971118454664253440
971118496456347649
971118586545700866
971118628513964034
971118676085702661
971118678858190850
971118831296016386
971118907246473216
971118915781906437
971119004789231617
971119140571435013
971119196338827264
971119205713137665
971119322096693248
971119359769882625
971119388098285570
971119399762644994
971119565936750593
971119618583678984
971119634769436672
971119646819733505
971119712456261632
971119743515144192
971119747000668160
971119804038942720
971119848465059840
971119905717317634
971119958540324867
971120146692657153
971120173678776321
971120255912341506
971120522133147648
971120656363515905
971120710881021952
971120864912605184
971120890825072641
971121119536320512
971121139572527104
971121299606171648
971121388743479300
971121395525701632
971121464324886528
971121480896602118
971121500219695105
971121508474064896
971121532545175553
971121651319476225
971121687512174592
971121744886095872
971121898808598528
971121919423668224
971121959567314944
971121988646424576
971122030367182854
971122044325769217
971122062009004032
971122100932153344
971122180158361601
971122302728441862
971122333636276224
971122435872391174
971122446605709312
971122523155943424
971122592525402112
971122652243951618
971122691297116160
971122797371121667
971122817826803712
971122846985580544
971122859212001280
971123062568620034
971123153614274561
971123157015941120
971123323831816193
971123373869813760
971123449287585793
971123507923947520
971123532917870592
971123578983809027
971123714891960320
971123783133224960
971123961902792704
971123979707650048
971124033457741825
971124085722959874
971124284910374914
971124325226106880
971124417618153477
971124651865903109
971124662829834242
971124775849521155
971124776986120193
971124815045300229
971124913393283072
971125027885277184
971125087100375041
971125171745632256
971125189202325504
971125198740127744
971125213101518855
971125301030932485
971125444371271688
971125552605220865
971125633270067203
971125672528707585
971125699225509888
971125787867918344
971125804359962624
971125836677074945
971125849729720320
971125873582788608
971125934832185346
971125968176852993
971126039459057664
971126041287823360
971126061877604352
971126184040902656
971126256015208453
971126370037391360
971126378321072128
971126439000117249
971126458189012992
971126518071156743
971126792739225606
971126866026336256
971127030522810368
971127098747314177
971127101784027138
971127185498169347
971127214325583872
971127246042861568
971127323905937413
971127345942851589
971127364645158914
971127367665057795
971127425865277440
971127447633776642
971127453908393985
971127477845323776
971127505867497473
971127577413935105
971127649950162944
971127666677035009
971127747941748736
971127822793232389
971127841097244679
971127841260756992
971127875582726144
971127941118808065
971127962035740672
971127966011936769
971128015420829698
971128093850075136
971128128956518401
971128144781631491
971128197151633409
971128365271932929
971128487707897856
971128493735063553
971128601121841152
971128601490882561
971128643333382147
971128655240941568
971128683401482240
971128824451747840
971128828713164801
971128840914382850
971128887991205894
971128951585280001
971128967410454530
971129133555216385
971129193097498624
971129196096483328
971129199976165376
971129331111071748
971129357824679937
971129433275985920
971129490737958913
971129547243565058
971129640659116032
971129660909244416
971129734515052545
971130202486198273
971130222379757568
971130506241892353
971130566643875840
971130569617760256
971130614144491522
971130645891067904
971130685334302720
971130743056404480
971130894256889856
971130982299570181
971131046740807680
971131098964119554
971131197085683714
971131201439322112
971131219982340097
971131254593806336
971131277729517568
971131289012228096
971131320658251778
971131363150696449
971131390975774720
971131404246544384
971131466880077824
971131508630196224
971131552422940672
971131570236116994
971131688817479680
971131761701908481
971132069626744833
971132160223666178
971132170021621760
971132169874747397
971132257196019714
971132276946980866
971132309553459200
971132316817985536
971132395670958089
971132568161738752
971132668158140416
971132877193826309
971133032857030656
971133051005820928
971133075806703616
971133093737267200
971133110241906688
971133150935113729
971133184774680577
971133188629286914
971133282686590984
971133315775418369
971133334779760640
971133383135940608
971133383223980033
971133386692669442
971133394859053056
971133478996795396
971133484487069703
971133688959438848
971133737030340609
971133745922273280
971133797067644928
971133819632963584
971133869654147073
971133905561628672
971133910477365249
971133971240284160
971134119173349376
971134252883603458
971134318818054145
971134596099248129
971134616106094592
971134647299133441
971134719332093954
971134725497802752
971134760536952833
971134782590607361
971134803511738369
971135086933442566
971135145465012225
971135212427055105
971135227090427904
971135252704976897
971135401653129217
971135467860185096
971135493357359104
971135565725880321
971135725566603265
971135731258322944
971135743144980486
971135808337006597
971135841962733568
971135851290877953
971136147450728448
971136153217880064
971136263045701632
971136377164214273
971136391399792640
971136512489385986
971136520689274881
971136525235900416
971136554440757248
971136573751398401
971136588695719937
971136603644194816
971136642298843137
971136737090170880
971136937485635586
971136988295385088
971137104930594816
971137163030089728
971137241673355265
971137282098024449
971137330726744069
971137336473014272
971137364604215296
971137406949871616
971137440437202949
971137547538661376
971137716481085440
971137750933098496
971137850581442657
971137897536647168
971138055598952448
971138093347672071
971138302874091520
971138310121893889
971138434550108163
971138456624746497
971138488304365568
971138654264528897
971138776738291712
971138820514164736
971138956829102080
971138971257528321
971138987296518146
971139020943187969
971139053381931009
971139071409082374
971139121711386624
971139159241916416
971139169882918912
971139221623894016
971139239445397504
971139277160636417
971139317258248192
971139336744947712
971139380562800641
971139531490627586
971139552537731072
971139697211830272
971139809845678080
971139858503733248
971139858625368064
971139891752038400
971140003244978177
971140147835269120
971140255066750976
971140404329447424
971140443416285189
971140468242370560
971140469806845952
971140506183979008
971140720630419463
971140814389858306
971140869184204800
971141148403208192
971141201951903753
971141210181177345
971141254791745536
971141291303165954
971141307392577537
971141401877630977
971141432386949125
971141665934184448
971141922818527232
971141960152109058
971141974513381376
971142057011175430
971142069212282880
971142080817922048
971142104918437890
971142135012581378
971142141312405505
971142171905708033
971142269280706560
971142302382133250
971142356182487040
971142681840836613
971142730511536128
971142869993119749
971142913278300165
971142926930776064
971143081474043904
971143114508423169
971143128072810498
971143285329801222
971143291998744578
971143361989169157
971143468713152512
971143588821204997
971143600246607872
971143667267309568
971143673676222466
971143775623024643
971143794845339648
971143903314313217
971143963985043457
971144079361921025
971144222014410754
971144300661747712
971144335533264897
971144361059782656
971144438465617921
971144486167465987
971144502449762305
971144510095941632
971144649720193031
971144697413619712
971144769916358658
971144919527100418
971144991631380482
971145069737717760
971145070194974725
971145210305613825
971145257080557576
971145316031500290
971145316614524928
971145552598589440
971145581421842433
971145802625310720
971145859747471360
971145924805308422
971145963388760064
971145963384516608
971146181417033728
971146217957847042
971146293128122372
971146363156291591
971146413018099712
971146470664626176
971146706158014464
971146824236064768
971146904607305730
971146906926764032
971146934600728577
971147029589233664
971147070076633088
971147238822080512
971147256802852864
971147411568644096
971147412088729600
971147629211082754
971147640632168448
971147697242722305
971147753337376768
971148012880789505
971148367957983232
971148503123742720
971148509310316546
971148556966023169
971148564100468737
971148691447803904
971148704186068995
971148799748997126
971148838294704133
971149059812716544
971149238582300673
971149329506455556
971149429897154560
971149492815912963
971149527997612033
971149605277663232
971149727780802561
971149840666316801
971149954424233984
971150086825824256
971150178878197761
971150221483937792
971150263804448768
971150309157474305
971150341155753984
971150342447616000
971150384864616448
971150408155529216
971150471342764032
971150481501425664
971150525185056769
971150593334095878
971150681636827138
971150813019205632
971150817263804422
971150933118906368
971150996469624832
971151084914905094
971151421105156096
971151473466920960
971151519813918720
971151724210720769
971151791567056896
971152266924318720
971152359794593792
971152446344040448
971152589017567236
971152642994069504
971152823588130816
971152888595734531
971152944585375746
971153078199218177
971153103440568320
971153307329875968
971153485071822848
971153511567298560
971153676600475648
971153733856972800
971153736222552064
971154305267982336
971154322355605505
971154407999012864
971154422612086784
971154794231599104
971154863978635265
971154873449410560
971154875622023168
971154959533297664
971155008963129345
971155047685021696
971155170762608640
971155204124086272
971155325519876096
971155408718004225
971155567355027463
971155609772052481
971155942300639232
971155961732837376
971156071153917957
971156187222822912
971156215878299648
971156227601436672
971156286330036224
971156565440024577
971156616417632257
971156638047637505
971156761007742977
971156869325709312
971157137857634305
971157211559886848
971157274113789952
971157354627596288
971157433073786887
971157534433267713
971157548375126016
971157625734881281
971157763001810945
971157952680865795
971158156536635394
971158555284967425
971158618014969856
971158720771215360
971158783773888513
971159342329233415
971159562853191682
971159583040393221
971159612891324416
971159938717437952
971160025191342080
971160509931315201
971160596375797760
971160666009690113
971160713657028609
971160841990090759
971160845861507072
971161137004929030
971161384263307265
971161388692525056
971161401141223424
971161463627927552
971161595316404224
971161706327105543
971161737293651968
971161824132587520
971161865752543232
971161872970985472
971162355190194176
971162716386811904
971162737727496192
971162823438094336
971162975825375232
971163159221428224
971163333670948864
971163732666658817
971164005640306688
971164081792208896
971164331420389377
971164707485896709
971164782228361216
971165367119892480
971165809841229829
971165880007749632
971165921032228864
971166206811168768
971166908371423232
971167060255559680
971167562674458625
971167566033977344
971167949007589376
971168053579993088
971168377157939201
971168652337778689
971168708977725443
971168805593468928
971168928683692032
971169107122016256
971169293676228608
971169387301474305
971169413943750656
971169763899604992
971169781306019841
971170203366195200
971170557818474496
971170632233873409
971170648704913410
971170692585705472
971170721379602432
971170792561172488
971171571825102848
971171890583822341
971172967307726848
971173526081343488
