990017922465660928
990017990606323717
990018453024239616
990018783535300609
990019543933308928
990019922439925760
990020408601653249
990020451341684736
990020522661613568
990020603712241665
990020626936225792
990020973511499776
990021025109872640
990021085474316288
990021226138689536
990021718411530240
990022222768156672
990022347561340928
990023079614144512
990023654732902400
990023924233711617
990025282693234688
990025430714454016
990025562361036806
990025649543892992
990025812287082496
990026406888435713
990027111783194626
990028333223211008
990029317462732801
990029450795540480
990029534429941766
990030421734850561
990030514894536704
990030540941266945
990030604854063105
990031307378962432
990032236673163264
990032812333060096
990033116176805888
990033578447835136
990033783939268609
990033810719899648
990034244671082496
990034362963054593
990035200674443264
990036412157382656
990036515978964994
990038349716054016
990039279773605888
990039580215738369
990039820113207296
990039889822576640
990040067459731456
990040980329058305
990042566455386114
990044028417736704
990046284508786688
990046792870977536
990049002954612736
990049975387197440
990050007226224641
990050966555840517
990051043831623680
990051252263378946
990051410157940736
990051463446646784
990051681881731072
990052032382947329
990052403079712769
990052438328651776
990058455850471424
990061554757402624
990061684600524800
990062865234190336
990064440044408833
990064582428430336
990064632588009472
990066057938423808
990066661972733952
990067098201350144
990067434752274432
990067481288085504
990067646681972737
990067928522518528
990068290264485888
990068592770191361
990069258322358272
990069417252966401
990070745723293697
990071602317492224
990072841637974016
990074886289854467
990074937896521728
990075537941987332
990075891509334016
990078167846195201
990079580307427328
990081081415258117
990081202580348928
990081442364477442
990083322482216962
990083788066689024
990083857868193792
990083879561236482
990084904191909889
990086921052413952
990088171634520069
990092053920059392
990095213803827200
990096161435537408
990096994009051137
990097015643299841
990099198266740736
990100642399125504
990100674133323776
990102341671116800
990102517995450369
990102660387917824
990102859030114305
990102861504765952
990103310077186049
990103734729535489
990104051680530432
990104975287042048
990105020749221888
990105971824517120
990106955032268800
990107102537543685
990107720031330304
990107939699650560
990108261599739904
990108263143395329
990108371108990976
990109150972600326
990110144590761984
990110154342318080
990110157031002112
990110202799280128
990110274899202048
990110332847820801
990110334932447232
990110363600404480
990110821652090881
990110987909918721
990110988488785920
990111018213937157
990111286074605569
990111671942287360
990111907410530304
990112626465271808
990112639899521024
990112856770252801
990113190221664256
990113376377495553
990113651381161984
990114303763255296
990115951403307008
990116378022744065
990116462357565440
990116657912741889
990117195882655744
990117460203499521
990117520047853568
990117639837143040
990117786373550081
990118023695601664
990118268672315392
990118582477606912
990118731350204417
990119163019644928
990119432327491584
990119584165498880
990120388670697472
990120929148719105
990121525763330053
990121551621165056
990121781024325632
990121822703190016
990121825018564609
990122231241105408
990122367505530880
990122654580568064
990122835300569088
990123072618483712
990124342943059968
990124893743271936
990125040074096640
990125186501431301
990125231149932547
990125432065462272
990125509324476416
990125784378626048
990125857049112576
990126050050011137
990126159563296768
990126351314284544
990126352903868416
990126464782696448
990126486836383744
990126633913856000
990126767498256384
990126786536067072
990126786695475202
990126883269480448
990126892958277632
990126992778448896
990127076966461440
990127077528559616
990127077545328640
990127137528143872
990127490671763456
990127504236085249
990127713225617413
990127713934438401
990127747015086080
990127912253870080
990127999990358017
990128043825000448
990128128222625792
990128185084993536
990128432154660864
990128504262946817
990128599054372865
990128755392876544
990128781720465408
990129035404509189
990129092316954625
990129184851701760
990129206079221760
990129515190980608
990129561160568833
990129575140225024
990129646091079680
990129757172977664
990129774772318208
990129960051466245
990129980767076352
990130019820277762
990130121150468096
990130318265995264
990130434930601984
990130569823604737
990130722739572736
990130853425700864
990131141154918401
990131142652198912
990131221215809536
990131267785117697
990131519900602368
990131521200836610
990131522245099521
990131707897577472
990132001549225985
990132149121626112
990132310199750656
990132594586025984
990133031334793216
990133218438508544
990133370079375360
990133432998080513
990133487612153856
990133611503513600
990133637847928832
990133849320558592
990133874306048000
990134030841581569
990134053847404545
990134097820504064
990134176857935872
990134241328496640
990134256109281280
990134374137057282
990134399541923841
990134652441628672
990134668677779457
990134669709541376
990134750642884608
990134764635148289
990134866799939584
990134910068420608
990135164528414720
990135298318323712
990135550052093952
990135620428288000
990135621644668929
990135738196021248
990135786631819264
990135821796864000
990135944421543936
990136169382993921
990136456294395905
990136462342590465
990136555959447552
990136604177174528
990136644001988608
990136745122557952
990137226410504192
990137476202278912
990137525602783232
990137877928476672
990137939731591168
990138016285982722
990138137585307654
990138166245052418
990138379437305857
990138537201881088
990138570047459328
990138694593114112
990138719280644096
990138921081360384
990139040841297920
990139050915966976
990139073242238976
990139135934582784
990139245355585536
990139333062660096
990139347621040128
990139829534019584
990139899918635009
990140105133383680
990140345051688960
990140502698856448
990140507606192128
990140509778862081
990140533975773184
990140664053665792
990140717375815680
990140965762543616
990140966286888960
990140966924365824
990141030401011712
990141407087259649
990141415400398848
990141455749533696
990141580089741312
990141751208894466
990141879164514309
990141962446626816
990141980138180608
990142267963990016
990142581777485824
990142612198821888
990142614757404672
990142626509795334
990142630708350976
990142657799380992
990142762510102528
990142764896653312
990142860606484480
990143011916075008
990143050545541120
990143160507650051
990143168900460545
990143195962060800
990143199594336256
990143251855347712
990143339457667072
990143384416235520
990143384953094144
990143465802563584
990143554730315776
990143630491832320
990143631888535552
990143882376634368
990143885358743552
990143906821169153
990143919093616640
990144200887939073
990144264809140224
990144300397813760
990144321256083456
990144371151523840
990144444803366912
990144445013098497
990144599095201792
990145165636534272
990145474152882177
990145548861759493
990145776859807745
990145809546203136
990145950898376704
990146130234281985
990146153034452992
990146197334708224
990146249310470144
990146321456750592
990146352528150528
990146986488860672
990147063085195264
990147257600282624
990147258690756609
990147322112827392
990147398671519747
990147928256790530
990148113183707136
990148394982273025
990148408462790657
990148495356125184
990148596417822720
990149073620619265
990149108202647553
990149225727045633
990149266059546625
990149506158284800
990149548071796737
990149548122230784
990149591294193665
990149723549028352
990149885361119233
990150029364072450
990150100575014912
990150176357531649
990150296046374913
990150429668511745
990150915985412098
990151112614465536
990151136169680897
990151167849136128
990151230180782080
990151568652689408
990151575783043072
990151707060572161
990151834768760832
990151948358881280
990152372113608706
990152377608167425
990152556323201024
990152727094353920
990152797835485185
990152863165960192
990153263164149761
990153430219018240
990153465690316801
990153483142815744
990153541988814848
990153644971560962
990154112669974529
990154184543625217
990154291976593408
990154342152974336
990154385719287808
990154414685016070
990154544784068608
990154715911671808
990154738309259269
990154874447908865
990154942504726528
990155022016176128
990155315785105408
990155393698619392
990155432885997569
990155433976516608
990155479048482816
990155668396101632
990155680005828608
990156057870766081
990156059062013952
990156057312972801
990156409496010752
990156678887768064
990156736702054400
990156854213926913
990156970723299328
990157134808698882
990157239066484737
990157250625986560
990157272750927872
990157282737643520
990157284788658176
990157430930706432
990157887572971520
990157959606005760
990158706661842945
990158946546737152
990159254270115840
990159332565291013
990159800007786496
990159822531256320
990159830110408704
990159890688630785
990159977917571072
990160039720734720
990160067088605190
990160101473431552
990160267932647424
990160267802697730
990160265483378688
990160326372052992
990160462145839104
990160463450247168
990160464595292160
990160484455272448
990160688923394049
990160689258889217
990160872239661058
990160948106268673
990160978552737792
990161140138283013
990161167820574720
990161167715778560
990161194295144448
990161401263116288
990161819514875904
990162098360651776
990162284348456961
990162284679843840
990162506583891968
990162831277477889
990163039201701888
990163056205484032
990163383835136000
990163391116390400
990163834714324992
990163928771686400
990163957515202560
990164650665955329
990164665346019329
990164675441590272
990164703459643392
990164829871722496
990164835143946241
990164914995113984
990164954996068353
990165124500647936
990165139516162049
990165270672048128
990165279136210945
990165297268248576
990165310010482688
990165716610543616
990165722084110337
990165752580919296
990166170983632896
990166563268546560
990166814847008768
990167103666905089
990167140203458561
990167383217266688
990167384429355008
990167471142395904
990167558157455360
990167615803977728
990167793017544704
990167983459852289
990168124216561665
990168351824666624
990168915442520065
990168923948675072
990168942156177408
990169092274511873
990169279462100992
990169280670044161
990169610061320192
990169693490241536
990169900256841728
990170071908708353
990170429389197314
990170510435799041
990170547962118144
990170683979239424
990170838421921792
990170917853687813
990171146875277312
990171689815302146
990171943834877953
990171954115219456
990172004635602944
990172062978371584
990172073602449408
990172310945652736
990172444521586688
990172589535449088
990172757160755201
990172924215783427
990172997192437760
990173058253119488
990173082945024000
990173144274079745
990173399694626816
990173409148588033
990173465742315521
990173467654918145
990173651910709249
990173995839483906
990174162357571585
990174187783380992
990174198579585024
990174254699307008
990174642202652672
990174754387750914
990174881097502722
990174935464079360
990175215601758208
990175321919025152
990175426805948421
990175430979342336
990175559274680320
990175850602680320
990175950712254465
990175956592726016
990175982693662726
990176211904204800
990176222268346368
990176248998510598
990176382977298433
990176433900224512
990176573859876865
990176609939415040
990176754848468992
990176907340664833
990176935383879681
990177082352324609
990177231652737024
990177262178848769
990177306558828545
990177310157430784
990177412208967680
990177434904547330
990177494555738113
990177494891298816
990177495264579584
990177533265104896
990177535165116422
990177698310950917
990177840220930053
990177844427976704
990177887977324544
990177888119898112
990177915781427200
990177934173405185
990177968356982784
990178025005305861
990178076544978944
990178150771576832
990178235748143106
990178474899001349
990178636383834112
990178674660999168
990178743485390848
990178763219591170
990178827161735168
990178881171734528
990178952198094849
990178953515106304
990179007223255040
990179192779300865
990179221631840257
990179433637130240
990179446522044416
990179551295700997
990179660284784640
990179703851012096
990179866539646976
990179979848765440
990180001948553216
990180009263423488
990180018260267010
990180093573070848
990180133414887424
990180171637559296
990180218865319936
990180301757407232
990180344069533699
990180388050997249
990180722915848192
990180737012953088
990181038994403329
990181063258451968
990181129520074752
990181191625166849
990181240832712705
990181301524328448
990181393832562688
990181625077092352
990181635533557760
990181757289992192
990182314905931777
990182334631677952
990182466844594177
990182804536332290
990182812903989248
990182875868946432
990183117276278784
990183185307897857
990183289527980032
990183468876357632
990183888491294720
990183915334832128
990184251952902144
990184277840158720
990184458660794368
990184511647469569
990184544228823041
990184727368871938
990185167628140544
990185218102448128
990185300369526785
990185783586951173
990185846006575105
990185872736833536
990186037560397826
990186138483789824
990186194720915456
990186257476091904
990186323213418496
990186376242126848
990186455384309761
990186731348643840
990186933233115136
990186936127156224
990186946449330177
990186989289787392
990187017374912512
990187173646426113
990187249554911232
990187343754809345
990187740628217856
990187839026548736
990187840809197568
990187898715582465
990188027657023488
990188185073410049
990188375318581253
990188427978203137
990188511562293253
990188716881862656
990188809705881600
990188915695988736
990188938282323968
990188911816331265
990189107417698304
990189110907297793
990189119564320768
990189123532189696
990189161733902336
990189228289118208
990189245389262848
990189338439901184
990189352616648704
990189501468348416
990189628597637120
990189701196926976
990189775326994434
990189851159953409
990189851159953409
990189909200789504
990190198322532352
990190240265629697
990190299740860416
990190309014458369
990190409950355467
990190418376712193
990190561981353985
990190625042640897
990190641341698048
990190796174438403
990190920783015940
990190924729905152
990191167093518337
990191208013160449
990191208013160449
990191423608836096
990191482576523264
990191583537586176
990191640496271361
990191735463645184
990191762709864448
990191775909384192
990191878518829056
990191892162863104
990191906243121152
990191906960404480
990191954012114944
990192030570729472
990192066541113345
990192347291049986
990192469517262848
990192525301469184
990192634919641089
990192644574900224
990192646650986496
990192747993878528
990192778058588165
990192913970708480
990193012889268225
990193025396690944
990193031348457472
990193117570719744
990193174063796224
990193210147270657
990193301864280065
990193386702417920
990193389177131008
990193407384580101
990193447662387200
990193501550858240
990193599810686978
990193606433607680
990193726365556736
990193834817662981
990193855260774400
990193922344288258
990193940954533889
990194007920857089
990194144399253504
990194313337307137
990194313182134273
990194313836445696
990194486243483650
990194544300916736
990194605600657408
990194605818765312
990194708566695936
990194851508572160
990195076482699265
990195097584058368
990195160444211201
990195342535618565
990195418209357825
990195471816839168
990195587525107718
990195815506481158
990196028602273794
990196134424535040
990196135074639872
990196280935747584
990196456639385600
990196507428245504
990196544111603712
990196746717458433
990196872903094275
990197001575944192
990197059436281856
990197095150837760
990197224587087872
990197347350171650
990197537012248576
990197927111987200
990198080552218625
990198196336037889
990198296990896129
990198487722717184
990198502486675456
990198533067329537
990198661673050117
990198708896698369
990198758691430400
990198829948571651
990198840778207233
990198995405459457
990199145842528257
990199693945778176
990199787768119296
990200099367251969
990200231970123776
990200292401713154
990200582869848064
990200783219167234
990200828475662338
990200883622350848
990200955470741504
990201152426962944
990201382241259520
990201495554543616
990201585719545857
990201621157240833
990201642011299840
990201928268296192
990202177841967105
990202228328796162
990202252328660993
990202309497053184
990202433186992128
990202494637797376
990202557007126528
990202822598758400
990202848234393601
990203006892331013
990203170113703936
990203374585888768
990203478671798272
990203560704036864
990203632707620864
990204211454533632
990204362227113985
990204499531894784
990204597452136449
990204600153264128
990204720630370304
990204776330776582
990205210709581826
990205303009480704
990205479556206592
990205516759564288
990205713371795456
990206441687584774
990206458091442176
990206467625095169
990206489146118144
990206580674236417
990206593328394240
990206723314069504
990206910610755584
990206989010722816
990207265234997248
990207343282610176
990207399964397568
990207641296220160
990207658102804481
990207882300928000
990208026534662144
990208685929586689
990209334209597440
990209342447259649
990209363783634945
990209371161485313
990209425582456834
990209526438809600
990209846761803776
990209885869555712
990210064651874309
990210130548527104
990210227386515461
990210410644094976
990210660154953729
990210767764049920
990211024006529024
990211083905486849
990211104788832256
990211106579861504
990211145523908610
990211319302361088
990211324591292419
990211325153263616
990211453855580160
990211528342298624
990211554619674624
990211782701613056
990211869167190016
990212071433236480
990212124881444870
990212529682083840
990212598141521922
990212624704000000
990212727053455362
990212746691121153
990212751913078784
990212964555911168
990213021443198976
990213166561988614
990213714916896769
990213877878132737
990213901404041216
990214095893880833
990214138877173760
990214170326044672
990214226898751490
990214623327674369
990214814751428608
990214851040509958
990214911195340800
990214934473691136
990215083467968512
990215090371776513
990215189722169344
990215439195230208
990215459495731200
990215705189548032
990215815801733120
990216037185605635
990216112175484933
990216138796748800
990216466011127813
990216615517093894
990216957155860480
990217223901007873
990217292003803136
990217556953911296
990217797182656516
990218260342853632
990218352927887364
990218473375698944
990218636613873664
990218690267418625
990218815446319104
990219221144653824
990219536250089472
990219599093346304
990219665392783361
990219890354204672
990219988853231616
990220075293659136
990220243430707200
990220271540953088
990220562210476033
990220735707795457
990220802565070848
990220933355986946
990221064235085825
990221079183593472
990221234448273409
990221424471179270
990221495371730945
990221603945484288
990222308932505606
990222326951235585
990222451169783808
990222981774430209
990223240785289217
990223289485287424
990223670399393792
990223807372816389
990224098688159746
990224582165630976
990224765087567872
990224954854727680
990225089760284672
990225302768046080
990225516014768128
990225583010443265
990225742175899648
990225760047812608
990225853815570433
990225915660701696
990225919410343936
990225957943422976
990226320994000896
990226460253159424
990226469656854530
990226881126387712
990226885203320832
990226955210551298
990227074412634112
990227133451718656
990227154335039488
990227264532090880
990227473882406913
990227633664397313
990227920634437633
990227945506553856
990227970135650304
990227994504409088
990227994466660352
990227995192311810
990228008790306816
990228063349719041
990228148791934978
990228241226129409
990228375829729280
990228400139841536
990228414127886337
990228541982814208
990228576636166145
990228636987994115
990228700628111361
990228828864692224
990228873370591233
990228932116078592
990228955025330176
990228987501740033
990229015880437763
990229029692346368
990229039926345734
990229232260386817
990229291127341057
990229390591184896
990229653871824896
990229806452236288
990230077244952576
990230101546733568
990230132517429248
990230234610982912
990230300201496576
990230368925241346
990230519337095168
990230580389404672
990230582771834881
990230675688185861
990230700409450496
990230842160107522
990231046242340864
990231056233238529
990231589278937088
990232127701700609
990232354902953985
990232701763547138
990232816486109184
990233106878750720
990233466095718401
990233719645655040
990233774335066112
990234160987103232
990234453413912576
990234607646859265
990234775893012480
990235034815778817
990235164881113090
990235191238168577
990235496533188608
990236268062703617
990236466604335104
990236777175830533
990236828660879365
990236974639349760
990237206169247749
990237582779928576
990237639944097792
990237909793034246
990237991393222656
990238002357121030
990238070636195840
990238219349393408
990238249481310209
990238317441675264
990238336060215296
990238344138448896
990238378565226496
990238394079956993
990238440523534336
990238665417854976
990239405746122755
990239414684143618
990239435093557248
990239447437533185
990239474843049985
990239503444074496
990239658088058881
990240195915247616
990240235274588161
990240294443606016
990240514606759936
990240567492796418
990240736863023104
990240879645519872
990240982468841474
990241022146961408
990241200077668353
990241473764511745
990241507042086912
990241546325905408
990241751171502081
990241853541888000
990242731548200960
990243016496607232
990243053070962694
990243068090568704
990243194016354311
990243382885830657
990243530890035202
990243677816664065
990243816333430785
990243993714941958
990244036307976194
990244228369338368
990244250079162368
990244407155798021
990244906135359488
990244967900590080
990244967992840193
990244972384354304
990245047093219330
990245047223250945
990245047336452096
990245047655251968
990245077384663041
990245162164121600
990245207202500609
990245222889263105
990245378380386305
990245453659820032
990245528255582208
990245676696195072
990245823538745346
990246111758692356
990246143606120451
990246559999807489
990246697224810498
990246806255800320
990246954235056128
990247247521738752
990247262864465922
990247344817008640
990247379029852160
990247825547124736
990247855922274304
990248542571810816
990248687937970176
990248712608808962
990248931023032322
990249382627995649
990249507563753472
990249690984837120
990249905854836739
990250222461779968
990250644299710464
990250963888951296
990251003327995904
990251003365744640
990251057140961281
990251092687622144
990251269779591169
990251302620823553
990251480388169729
990251534079463427
990251532351365127
990251763835068416
990251801315348480
990252008975294464
990252079150256128
990252251380961283
990252427566776321
990252492914126848
990252723722506240
990252953343877120
990253049976426496
990253431565807617
990253918046314496
990254488740093952
990254645535760386
990254734752866307
990254852822487041
990255207119507456
990255377425096704
990255460023496705
990255630547120128
990255946650791936
990256076632272896
990257205092978689
990257428519268352
990257704630407169
990257897333510147
990258051474214912
990258087557828609
990258100602068992
990258259524276224
990258279220695041
990258356051955712
990258662206857217
990258678463959041
990258813201772545
990259015841189888
990259035541786625
990259322314809345
990259449372737536
990259502279688197
990259624451420163
990259963321835520
990259996817547266
990260034117537794
990260041403043845
990260071409029123
990260282969804800
990260341924868097
990260396538900481
990260704002412546
990261041107005440
990261104826822656
990261559782866946
990261631979524098
990261656264593408
990262162064138242
990262177872384000
990262357292191747
990262498044637184
990262522027692033
990262529434750978
990262796003799045
990262918045290496
990262951478202368
990263209411137536
990263214171738113
990263651868307459
990263971876950016
990263991283994625
990264108388966400
990264259736166400
990264470306983936
990264508508712963
990264900126638080
990264900126638080
990264930053050368
990264990186835969
990265062660112385
990265152921653248
990265182227222528
990265228377165824
990265245838053377
990265452487172096
990265459068063744
990265491750051841
990265518891438085
990265615654023169
990265623770001409
990265714153050113
990265845724086272
990265969363881986
990265999508295681
990266077706964992
990266384289599491
990266779917266945
990266867079090177
990266896472858625
990266936574521344
990267074374242305
990267457096114177
990267480278011905
990267482635153408
990267743348936706
990268038447616001
990268194731577350
990268365578100736
990268884925071360
990268908853702657
990268965611073538
990269104153120769
990269527178076161
990269755297853440
990269852119191552
990269924789641219
990269971979583489
990270121708085248
990270148987834369
990270187361447936
990270192285552642
990270217669545984
990270430178168835
990270689528729601
990270989824069632
990271000087588864
990271240953892864
990271338320486400
990271493199355904
990272521864957952
990272548955881472
990272728417611777
990272876900159488
990272877587988485
990272902611206145
990273033087717376
990273129447657474
990273348495138817
990273364647346176
990273419827609600
990273481131642886
990273485133025283
990273561960112128
990273855695544320
990273950344134657
990274219874365448
990274476171505669
990274510967525377
990274673752625153
990274727339012096
990274797828558848
990274851612000261
990274876714954752
990274878879215618
990274944788557824
990274961217605632
990275133540634624
990275150804389890
990275261785628678
990275418132484101
990275573183406080
990275613645787136
990275629156270080
990275711662518272
990275801282117632
990275949890453505
990275980597104640
990275986158694400
990276046292443138
990276165976797184
990276178480128000
990276201276149760
990276221887016960
990276319459110913
990276413847633921
990276500778901504
990276521477787648
990276947962888192
990277225202188289
990277465858768896
990277564143988738
990277576458428416
990277608377147393
990277715952619521
990277818570375169
990278073437376512
990278101736226818
990278128172982274
990278363792203778
990278507870785539
990278635637522433
990278904521854976
990279164073824257
990279291580637184
990279460304891909
990279478923399168
990279629708644352
990279758587015168
990279886492200960
990280001172987905
990280028188545026
990280048866455552
990280054449065985
990280106764521473
990280187471454208
990280192835883009
990280446918512640
990280675550007296
990280823185211400
990280878332022785
990280926805594114
990281110444761088
990281402703859718
990281543204638720
990281630395916288
990281770665902082
990281777464868865
990281805956894720
990281865000116224
990281890899906560
990281911783383040
990282095728701441
990282217883684864
990282292533911552
990282346980102146
990282500378451969
990282531185614881
990282585111760896
990282588018356225
990282637880119296
990282653550211073
990282794277490688
990282877077282816
990282883398098944
990283136754946048
990283187279597568
990283368968450048
990283434936492032
990283676033302528
990283673885868033
990283998164332545
990284234240782344
990284388213645312
990284430097965057
990284480639270912
990284622394286087
990284624705277952
990284956315287552
990285210813116418
990285287111749633
990285548655992833
990285577156288514
990285597611905024
990285682286432256
990285740264316929
990285871994822657
990285960117129217
990285974180679682
990286076689502208
990286082033045505
990286371943337984
990286819219603457
990286840002424835
990286937876463618
990287274775588864
990287279234211840
990287497941913600
990287598546571264
990287754142650368
990287888985264131
990287923894521856
990288229948710913
990288269660295168
990288274144022529
990288281798619136
990288301499338754
990288793713377280
990288844581982208
990289014166052864
990289084663975936
990289217233346561
990289305942753280
990289636491694081
990289742536339456
990289831581413376
990289942919118848
990289985411665921
990289995381559296
990290072653172737
990290220322115584
990290277645549568
990290432889323520
990290485846659072
990290656319991809
990290707926667265
990290875879129089
990291031831797762
990291087498629120
990291110881906688
990291143303852035
990291527850250242
990291538038149122
990291833296244737
990291852531257344
990291889315307521
990292123097452546
990292163970961408
990292274675437568
990292297458814976
990292300701020161
990292305394524163
990292313732722688
990292354484658177
990292558323568640
990292675491483648
990292745351847936
990292811634356226
990293176140394497
990293195513835521
990293217437474816
990293296785317888
990293369678106625
990293383162757121
990293639657152512
990293777314205701
990294135549714434
990294160983851008
990294215123984384
990294225244835842
990294286121029632
990294375052795904
990294793984139265
990295032325427201
990295248403402752
990295337863733248
990295871286841344
990296009161965568
990296062484205569
990296086471421957
990296176795766784
990296220257148935
990296288766898176
990296354089000960
990296447265460224
990296515158663170
990296666086486017
990296885708623873
990296898920689667
990297142253236225
990297225254367233
990297301049593856
990297634920452097
990297664985149440
990297861630889991
990298063108558848
990298152640098305
990298144511492097
990298377597276160
990298451052302337
990298453841330176
990298556379619328
990298780472872960
990298782146465793
990298781735415809
990298874224037888
990298886983094272
990299171604369408
990299248678891520
990299276864565249
990299357709832192
990299374214316034
990299374986162177
990299526358585346
990299853317079041
990300099925499904
990300477760909313
990300523537592320
990300830552162305
990300859853615105
990300902341955590
990300927843356672
990301174648791048
990301215920566272
990301219879972864
990301256588685312
990301417226240005
990301452441710592
990301765399695361
990301968986976256
990302478016147459
990302491882508288
990302518465978368
990302537369702400
990302672136916995
990302677291753477
990302871953559552
990302894384705536
990302963670413312
990303973478469634
990304110812508160
990304166038908930
990304320561254400
990304332909334528
990304337959174144
990304341033734147
990304418666110976
990304486294982656
990304689269899265
990304724166553606
990304747876945921
990304757213429763
990304895898144768
990304984150495234
990304998931222531
990305050416295936
990305305345966080
990305863381504000
990305923901083648
990305963243659265
990306217800159234
990306358690971648
990306621027966977
990306642456662018
990306654775365638
990306741475790849
990306802830102533
990306809482182656
990306872782618624
990306924381040640
990306941955203073
990307124650610688
990307368868237313
990307376799604736
990307412937793537
990307519854718977
990307758099632128
990307787807821825
990307789657595910
990308062551576578
990308142222331906
990308304189575168
990308355230130176
990308371139047425
990308397735137287
990308408166440960
990308833540100107
990308907745792000
990309042034798593
990309134745653248
990309168396447744
990309187883294726
990309251590574081
990309266488725504
990309304753360902
990309389000167425
990309633737809920
990309647130202112
990309667837530112
990310310442610689
990310525170003971
990310540449865728
990310609983066112
990310615267926018
990310700202561538
990310877600649216
990311077815742464
990311183029850112
990311296141848578
990312207031320576
990312336572452865
990312457376882690
990312616378667013
990312999754829824
990313076338712583
990313352219021313
990313369562468352
990313414617653250
990313497308336129
990313517738807299
990313727974100993
990313729706340352
990313923059560449
990314129486327808
990314249615536128
990314846913748992
990314869294620674
990315174778241024
990315238452006913
990315355779289088
990315366512545797
990315532078501889
990315683778088961
990315770503729152
990315978717319168
990316182803828736
990316198582800386
990316310851735555
990316768282468352
990316980824666113
990317458539139072
990317788391772161
990318161508687873
990318180143857664
990318271554576389
990318305016729603
990318874380898304
990318914860183557
990318930567802880
990319072125517824
990319134150942720
990319179868856320
990319304368410624
990319326497525765
990319703045345280
990319997368102913
990320232299450369
990320274678734848
990320369893609472
990320475799805953
990320497761095680
990320566640041984
990320598294384642
990320877580488704
990321153108529155
990321271090171904
990321359552212992
990321461402497025
990321579467952130
990321623365496832
990321833210793986
990322246718771200
990322486138097664
990322488558186496
990322526403416064
990322614177550336
990322712060026882
990323136406130689
990323221571493888
990323442175135744
990323566200737799
990323580389994496
990323837714796544
990323862666727429
990324011128229888
990324102585094144
990324354037633024
990324590932045824
990324643612553216
990324688571248650
990324693205946369
990324780711731200
990325108009938944
990325142826962948
990325434243076097
990325476240523266
990325545434058752
990325565310763009
990325545434058752
990325692834484225
990325709343256577
990325939518177280
990326539266002944
990326629581905922
990326965126225923
990327042414731264
990327262812758017
990327594435465217
990327773398028288
990328038180212736
990328197542752263
990328278505443329
990328470533214213
990328529551314945
990328587466235907
990328941801074688
990328998981918720
990329084810006528
990329213214511104
990329284324716546
990329352045940736
990329398904705024
990329558929952769
990329636780433414
990330502124105728
990330679987666944
990330845797011456
990330982120198144
990331050386653185
990331163595169793
990331235393265664
990331251172233217
990331281522208768
990331395540176897
990331541791428610
990332130747088896
990332227505582085
990332280873914368
990332286246752257
990332346363719680
990332454115389440
990332624798351360
990332785041821696
990332797117231104
990332843405570048
990332843405570048
990333219143847937
990333362723225601
990333626951880704
990333814198194177
990334236950515712
990334383411400704
990334573455196160
990334850317119488
990335043347329025
990335061089136641
990335086192201728
990335188839346177
990335647926902784
990335980434575360
990336296106250240
990336549903589377
990337338675998720
990337720278011904
990337851777744897
990337885743321089
990337889924984837
990338245379739648
990338349759172608
990338517573230595
990338564234891264
990338771110498305
990338803398258688
990339126661668864
990339139307438080
990339192860364800
990339517818310657
990339620624912386
990340072942854145
990340243479023616
990340602033295361
990340984746758144
990340995119308801
990341502302859266
990341547093831686
990341657101991937
990341823817273344
990342017451520000
990342256254246914
990342309186359296
990342344405848064
990342363594870784
990342671804895234
990343034956140544
990343186760503301
990343227847970819
990343259141693447
990343367589548033
990343584036671489
990343803604094977
990344115358523393
990344233386168321
990344250356363264
990344253279698945
990344274549108737
990344742583095296
990344925534412800
990345247313006599
990345662494658560
990345697454108674
990345709479235584
990345838420529159
990345898331987968
990346032415375360
990346092708589568
990346241283383296
990346244135452672
990346362641375237
990346362888826880
990346470250483712
990346533701898240
990346539380944896
990347331148140545
990347338324631552
990347610006458370
990347684048404480
990347775924736006
990348171590164481
990348238157950976
990348551145381888
990348674122297344
990348681000964096
990348885209092096
990349071180353536
990349194241114112
990349326059794438
990349603210977280
990349948528021504
990349948528021504
990349969247830016
990350073602232320
990350080648544262
990350245308624897
990350359569879040
990350451240525824
990350591833640961
990350620182962183
990350738604871680
990351292827611136
990351494623977472
990351510755315712
990351646646525952
990351662010261505
990351742704504832
990351779228418048
990352237389144064
990352431736348672
990352470886027264
990352481543696384
990352627392237569
990352769256251392
990353224103284736
990353267891802112
990353279547830273
990353311256776704
990353369960255489
990353375609933825
990353566249439234
990354013332877312
990354081192579074
990354108270940162
990354193511829504
990354311761879041
990354590246764544
990354605350576128
990354884573712384
990355161091596288
990355237054672897
990355426679062528
990355622448295937
990355771358679041
990355863431938048
990355886156730368
990355888526544902
990356050946772993
990356367683801089
990356379360735232
990356738099630080
990357065909456897
990357085815787520
990357224743690245
990357327021830144
990357357162123266
990357374451048455
990357606119231488
990357635227627521
990357732443095040
990358220274315265
990358482657468416
990358606385221632
990358726421835776
990359205059100672
990359269093658624
990359371275173888
990359522161111041
990359536774115328
990359674800177154
990359714184728576
990360221880070144
990360536478076928
990360606841737217
990360716220731392
990360779449913344
990361071314665472
990361134577471489
990361173349535745
990361226478833670
990361387921739777
990362073065377794
990362197615435781
990362804657049601
990362813821538304
990362835791302657
990362911133618178
990362946831298561
990363289862529025
990363380182585349
990363993184309248
990364251477946368
990364579233521665
990364739615318016
990364790269857792
990364894712225794
990365298787344389
990365322476687360
990365500629757957
990365508280225793
990365638475608064
990366226772881408
990366401289506816
990367017503985666
990367140921462785
990367449810948096
990367661862391808
990367887528513537
990367951630077952
990368464299847681
990368666859470854
990369153730084864
990369250140393473
990369465991909376
990369879965487110
990369926593597441
990370316143726593
990370391335063553
990370758630232064
990370941275426818
990371063170260992
990371134699986944
990371193789276161
990373172485771264
990373362852605955
990373781368655872
990373787962085377
990373813769719809
990373919587733505
990373985606098944
990374398078091264
990374529448005633
990374551497465856
990374739138015233
990375130898542593
990375212565782528
990375543060205568
990375949182078976
990376604462473219
990376881517146113
990378173924757504
990379874257965056
990379993074208768
