1002701743925399553
1002702137401532420
1002702628877426690
1002702629850484736
1002702836659032066
1002703927287087105
1002704262378475522
1002705249788940289
1002706465373728768
1002706490640265222
1002707879596560385
1002708182400229376
1002708398473928704
1002708729668698112
1002708812179148801
1002708841841164293
1002709862403444736
1002710862392590347
1002712037162668032
1002712850694131718
1002713028901646336
1002714739368226816
1002715461736435713
1002717003554152450
1002717292499689472
1002717702014885888
1002717888665538560
1002718906392371200
1002721642877988864
1002722817002147841
1002722974691155970
1002723480620752896
1002723610803556353
1002725964235886594
1002726202594021376
1002726428675379200
1002727447417192449
1002727800812527616
1002727906962034688
1002727932761202688
1002728059496255488
1002728330049794050
1002728745571057667
1002729026488799232
1002729270119198720
1002730184204746753
1002731603083382786
1002732988109639686
1002734118994575361
1002735812780478464
1002739173718216706
1002754125375987714
1002754260226977792
1002754414350913536
1002754883722805249
1002755000521486336
1002755005554704384
1002755104032919553
1002755219346870274
1002755778409914368
1002755961604325376
1002757380021637121
1002759673131331584
1002761265234640896
1002762841298960384
1002764133446701056
1002764651233464320
1002764755738791936
1002765322242478081
1002766513059827712
1002768134636531713
1002768289788055552
1002769156960374789
1002769974744805376
1002770743682306049
1002772526873874432
1002774570586255360
1002776334949650434
1002776354583179264
1002777151257612289
1002777422201344000
1002777461610999808
1002779964607827969
1002783658925854720
1002783807253172224
1002783984252833792
1002784028582391808
1002785512975810561
1002786091139764231
1002786521672450048
1002787279977340928
1002787335476523009
1002787432113242112
1002787660937777152
1002787851455561728
1002788122856509440
1002788350200373248
1002789511338831872
1002790355564138497
1002790488943013888
1002790633541722112
1002790799107674112
1002791056587608069
1002791171205292033
1002791461916692480
1002791504782462977
1002791530531381248
1002791803198812160
1002791894768857088
1002791896161320960
1002791937580126208
1002792114218991616
1002792294809067520
1002792484685172737
1002792505165910016
1002792783940345861
1002793045010640897
1002793392152236032
1002793537782599680
1002793713683267584
1002793872337104896
1002793985755308032
1002794069725188096
1002794452069609472
1002794652192342016
1002794661973581825
1002794710400929792
1002794812096040960
1002795342348390401
1002795447889678341
1002795590235934720
1002796188800901121
1002796199748034560
1002796232417382400
1002796232857747456
1002796438512979968
1002796852658491392
1002796912867790848
1002797401927815168
1002797563563700226
1002797709559042048
1002797935128711168
1002797981593038853
1002798311559106560
1002798480786710529
1002798956924063744
1002799437188599809
1002799526636335104
1002799856778448896
1002800035380244480
1002800173981032448
1002800352494800896
1002800578949537794
1002800591121408002
1002800592362901504
1002801214516596736
1002801255914311680
1002801385426046977
1002801805548539904
1002801960632889349
1002802071844900864
1002802103008579584
1002802557482356737
1002802910684766208
1002803114897010688
1002803313895706624
1002803681975263233
1002803832399769600
1002804105579040768
1002804345010884609
1002804405236895745
1002804525491802112
1002805586231218176
1002805787822055426
1002806044244967424
1002806492658061312
1002807237528702976
1002807760260648960
1002807951571243009
1002808268601864192
1002808549788078080
1002808560567422977
1002808996166848513
1002809187473264640
1002809451609456640
1002809984374247424
1002810097398173697
1002810732923191296
1002811263775379456
1002811288421007360
1002811418981355522
1002811486958432256
1002811600703770624
1002811603857956865
1002811639316602881
1002811641371688961
1002811789489442817
1002812133023903744
1002812164414033920
1002812331888431105
1002812437454782464
1002812753298550784
1002812825344118789
1002812989613989888
1002813065430208513
1002813301225598978
1002813323015065600
1002813563528974336
1002813602569641985
1002813918950166528
1002813951946772480
1002814116094992385
1002814128447197184
1002814225788686336
1002814620145475584
1002814629377134593
1002814777876414465
1002814850706395136
1002814875989659648
1002814881857449984
1002815303011766272
1002815929422700544
1002815933273051137
1002815988427993089
1002816028823285760
1002816029259517953
1002816037425897473
1002816037425836032
1002816037748789248
1002816038533193729
1002816040777072640
1002816534014775296
1002816831588110336
1002817233624666112
1002817910048477185
1002817928486584320
1002818148062687232
1002818397695086592
1002818442511167488
1002818502737186816
1002818587642548225
1002818601542447104
1002818772422537216
1002818826680094720
1002818838566703106
1002819193178378241
1002819202095505408
1002819227915575296
1002819335801352193
1002819533978128386
1002819542693933056
1002819568367218688
1002819617205751808
1002819636784713728
1002819932176961538
1002819950606802944
1002820029598126080
1002820050007543810
1002820054763876353
1002820179414351873
1002820240831639552
1002820408494698496
1002820437632577536
1002820583606964224
1002820726724939776
1002821036776312837
1002821108939329541
1002821168821362688
1002821371846692864
1002821473306861570
1002822284279713792
1002822405696442368
1002822415842512896
1002822907981172736
1002822981700202496
1002823176521506816
1002823657876611073
1002823664482635776
1002823845286498304
1002823852051828736
1002823909547433984
1002823909547433984
1002823951435943936
1002824357402628096
1002824554950078464
1002824683463561218
1002824929220448256
1002824933603504129
1002825025244794884
1002825039861993473
1002825140365856768
1002825361405759488
1002825546395541504
1002825640800858112
1002825695788232704
1002826132708888576
1002826244495269888
1002827051840176129
1002827359660269568
1002827398373572609
1002827681837256705
1002827984158552064
1002828483687526400
1002829246937657344
1002829338163798017
1002829648391299074
1002829857531879424
1002830032375558144
1002830406801125377
1002831451640008704
1002831484946960384
1002832778919055360
1002833323859808256
1002833589183172608
1002833699027681281
1002833761090727936
1002833765863809028
1002833766379737088
1002833766564286465
1002833780455956480
1002833782792179712
1002833818313605120
1002833821094629376
1002833887276367872
1002833888069103616
1002833893416939522
1002833897594343424
1002833900463255552
1002834192613478400
1002834544368803841
1002834658214768641
1002834673414918144
1002835058745597952
1002835067960528897
1002835215113388033
1002835225913778176
1002835299486093313
1002835362929135616
1002835692077056000
1002835692190359552
1002835885698805760
1002835894674624512
1002836085834244101
1002836101403500544
1002836286917488640
1002836457365692416
1002836744868417536
1002836992688869377
1002837390023675910
1002837470239772672
1002837470835281920
1002837569829208065
1002837591765471232
1002837643007287296
1002838109640327168
1002838170860511233
1002838242369130496
1002838438952034304
1002838556581261312
1002838623849459712
1002838816804270080
1002839078927249408
1002839184900575232
1002839249048293376
1002839280664932353
1002839384432005121
1002839676896587776
1002839955540992000
1002840233426210816
1002840378414911488
1002840646590304257
1002840884075991040
1002841003160752129
1002841115958042624
1002841238805123073
1002841328332533760
1002841500143816705
1002841580259217408
1002841797981294594
1002841979904983040
1002841997219172352
1002842159605837825
1002842318783811584
1002842473499103233
1002842535272894464
1002842593338806272
1002842740701433857
1002842769990258688
1002842913242480641
1002842998936408065
1002843006410678272
1002843144751378432
1002843181405429760
1002843337211117568
1002843449010343937
1002843551770832896
1002843748760465409
1002843830159364096
1002843985344425984
1002844203691409408
1002844277339279360
1002844357395931136
1002844709872652288
1002845015784198145
1002845489992265728
1002845645487603712
1002845668753453056
1002845679037960192
1002845996806823936
1002846094517325824
1002846181532356608
1002846430330056704
1002846471329337347
1002846920484761600
1002847187724849152
1002847348731666432
1002847350426128385
1002847623907246080
1002847750562738176
1002847889759096832
1002848276108935168
1002848365699268608
1002848531114274816
1002848709552562177
1002848866247553024
1002848896639553537
1002849138525003776
1002849146506825728
1002849171223777281
1002849244426928128
1002849270087802880
1002849355538354176
1002849416137633792
1002850001821855744
1002850213726425088
1002850222622552064
1002850289588817921
1002850665641758725
1002850870789398528
1002850997515976704
1002851121403256832
1002851199262117888
1002851245202210816
1002851308053979136
1002851308842422272
1002851343994941440
1002851654348263424
1002851813144449024
1002851818236305408
1002851863752949763
1002851897131216896
1002851897428983808
1002851942622793728
1002851948826001409
1002851948867960832
1002851949354500096
1002851981654806528
1002852235699728384
1002852445490466821
1002852549219758082
1002852851864031232
1002853026976223234
1002853250352152576
1002853308313296896
1002853526773665792
1002853622479294465
1002853776330579968
1002854056174522370
1002854338262388736
1002854634950725633
1002854658031972352
1002854707445092352
1002854715032526848
1002855233666592769
1002855347722350592
1002856169478778880
1002856274608959488
1002856581581754368
1002856626049683456
1002856676251271168
1002856799958110210
1002857794695987201
1002857827080253440
1002857950887673857
1002858017107464192
1002858070089850880
1002858124615667714
1002858157239099393
1002858160460189696
1002858160779087872
1002858227934138369
1002858283567407104
1002858342929371136
1002858427176116224
1002858592544935936
1002858633854619649
1002858852180811776
1002858884703444993
1002858884703444993
1002858986385891328
1002859100135403520
1002859358131314690
1002859433486094336
1002859549714518019
1002859549865455621
1002859804065398784
1002859989764067328
1002860062984015872
1002860101416423424
1002860153748840448
1002860203480674304
1002860256043642885
1002860604036730881
1002860709259173889
1002860710408478720
1002860822576713728
1002860892990726145
1002860995046502400
1002861126877577217
1002861253952491520
1002861256351584256
1002861552683319296
1002861851011579904
1002861936168656896
1002862054594830336
1002862462918676481
1002862536516128770
1002862684025638912
1002862789193617409
1002863035034324992
1002863619837657088
1002863706349457414
1002864225386225664
1002864422698864640
1002864853479018496
1002865356753555456
1002865460709347328
1002865494901346304
1002865513289207809
1002865559732617216
1002865590598602752
1002866098117672962
1002866797945778176
1002866966661685248
1002867096869572608
1002867320166010880
1002867411014516736
1002867460389949440
1002867476076646401
1002867525716271104
1002867528157233152
1002867911114002432
1002867914893127682
1002868091745914880
1002868130270601216
1002868238022270976
1002868837505642496
1002868839300804613
1002868841624449024
1002868846527574016
1002868850625351680
1002868850851844096
1002868926391332864
1002868929105031168
1002869051096432640
1002869112618586115
1002869575170617347
1002869595999555584
1002869643617488896
1002869923327115264
1002870115698954240
1002870214210486277
1002870365675229185
1002870520558350336
1002870649696718848
1002871132347928577
1002871642786271232
1002871688504270848
1002872085209903105
1002872095863377922
1002872335706329089
1002872415641374720
1002872602724102145
1002872905930346496
1002873470534017026
1002873585000747008
1002873755998347265
1002873796448137217
1002873987112865797
1002874166025113601
1002874207678730240
1002874228721553413
1002874281326469121
1002874507302928384
1002874706071040005
1002875295714762755
1002875432750940161
1002875514338627584
1002875709415657480
1002875774557392896
1002875874377691137
1002876138916442113
1002876150849392640
1002876473970130950
1002876815432671232
1002877026439761920
1002877049256796160
1002877275262603264
1002877334301609984
1002877492045070338
1002877521174630400
1002877545539362816
1002877628297035778
1002877637193359360
1002877839497220096
1002877942505058304
1002878338535428096
1002878341383426049
1002878454189232128
1002878587639402496
1002878977365692417
1002878981190897665
1002879132831756289
1002879169074786304
1002879294551584768
1002879456107728896
1002879545786159104
1002879696357482497
1002879905925881856
1002879969712799745
1002880201766948864
1002880278254292992
1002880276765331456
1002880343110766592
1002880460354138112
1002880496844656640
1002880523356835840
1002880698900938753
1002880809165119488
1002880947736465410
1002881149323169792
1002881265660506112
1002881317959356416
1002881329762131969
1002881399882436609
1002881442454687744
1002881516660297729
1002881587867017217
1002882120568668160
1002882188189323265
1002882331584221185
1002882409455603712
1002882419119312897
1002882544994484224
1002882633754382337
1002882771151413250
1002882850608287744
1002882852256509953
1002882875535044609
1002882906312904704
1002883409281273857
1002883570380234752
1002883598041731072
1002883906012696577
1002883948219953157
1002884093267402752
1002884365117022208
1002884771989671937
1002884811969658880
1002884835084587008
1002884934007230464
1002885001959092224
1002885003586560001
1002885021668200453
1002885072264024064
1002885265990602752
1002885510195490822
1002885539140460544
1002885685987160065
1002885737187106816
1002885907236696064
1002886026539479040
1002886343792488449
1002886466328985600
1002886641093169152
1002886718108962816
1002886776917319681
1002886827508994048
1002886867279384576
1002886906449944576
1002886908618428418
1002886991413895168
1002886996006539265
1002886998401605633
1002886998565089280
1002887036045443072
1002887040646590464
1002887052419977216
1002887052889808902
1002887052499640320
1002887087274643457
1002887087534702593
1002887090898493440
1002887103657758720
1002887403709849601
1002887434919608326
1002887665883254784
1002888102753570816
1002888388838555648
1002888439510028288
1002888520581767168
1002888696893460480
1002888703931568128
1002888804901048320
1002888989450399744
1002889490925588481
1002889523536252928
1002889751609987074
1002889995571646464
1002890298928844801
1002890602797785088
1002890604425240576
1002890737166450688
1002890803281321989
1002890805659553792
1002890835745300481
1002890863717048320
1002890918268108800
1002890950614532096
1002891018587516928
1002891126750269442
1002891382778933248
1002891967779483648
1002891983575306241
1002892198084579328
1002892279902822400
1002892376325677056
1002892560069808130
1002892865561772033
1002893021107621888
1002893105480298496
1002893178075336705
1002893689465786369
1002893878733803521
1002894133541916675
1002894175107534848
1002894512602079234
1002894956518952961
1002895243589640198
1002895282273705986
1002895469700374530
1002895492244758528
1002895525954322433
1002895618958921734
1002895879659978753
1002895947423277057
1002895993686429696
1002896113203142657
1002896302898860032
1002896314823331840
1002896456276209664
1002896497057456129
1002896702393782272
1002896821570719744
1002897181945286658
1002897264262737921
1002897607864324098
1002897708619886592
1002897803516014593
1002898162288295937
1002898411941744640
1002898469135282177
1002898594175873026
1002898872040153089
1002898919226044416
1002899053850525696
1002899217407447040
1002899290388353024
1002899317433290752
1002899693528117248
1002899779523883008
1002900191727452161
1002900206604685313
1002900388805267456
1002900594162634752
1002901020417110018
1002901181449097217
1002901384105164800
1002901632701657088
1002901804164763648
1002901870086705159
1002901934980980737
1002902047295930368
1002902089855533056
1002902228297019392
1002902258428841984
1002902428805681152
1002902766338142208
1002902819916210178
1002903177090535424
1002903275220455432
1002903291175620610
1002903683842170880
1002903989141114880
1002904021563129856
1002904026051108864
1002904037337882625
1002904041452523521
1002904095483576320
1002904102647418880
1002904209732145152
1002904209816031232
1002904213351903232
1002904253411651585
1002904258281443328
1002904805252222976
1002904842371829760
1002904902107123714
1002905161818361859
1002905224888102912
1002905485966757889
1002905819539738624
1002905913366282241
1002905959512068096
1002905991908864000
1002906425822023686
1002906441081114627
1002906653505794048
1002906660740923392
1002906771734892544
1002906835710627840
1002906935363035136
1002907275126714368
1002907355212861441
1002907548402503681
1002907651544666113
1002907879823822849
1002907946064470016
1002908136267710467
1002908194564460544
1002908324634021888
1002908608416419840
1002909079092781056
1002909232776269824
1002910275438366720
1002910463351508992
1002910470737559552
1002910608076009472
1002910935936364544
1002910971793477633
1002911286907363328
1002911401457979393
1002911521054208000
1002911521846878208
1002911580298907648
1002911835870384133
1002911944087662599
1002912055773581319
1002912217413640193
1002912286934171649
1002912378906923008
1002912463891980288
1002912515418927104
1002912542233104386
1002912846815088640
1002913891981168640
1002914149956014081
1002914274489044992
1002914695114829824
1002914876220674049
1002914931237367808
1002914991689863169
1002914997008248832
1002915264340680704
1002915307063791616
1002915386722045952
1002915965993148416
1002916406415982592
1002916498950811648
1002916738013585409
1002916826395836416
1002916870842978305
1002916975771873280
1002917024874553346
1002917229405655040
1002917632323006464
1002917823381999617
1002917938087841793
1002918001782476801
1002918452464635907
1002918654055469058
1002918807776776192
1002918818413449217
1002918855247843329
1002918934746750977
1002918978254196736
1002919085020205057
1002919213797986304
1002919299151953920
1002919300146040832
1002919628128112640
1002920420650217473
1002920498941095936
1002920521183330310
1002920539902697472
1002920602188025856
1002920644965646336
1002920675655335936
1002920849844793344
1002920854047453187
1002920885765005312
1002920979235065856
1002920991968940037
1002921024692731904
1002921024843681792
1002921181689700352
1002921256264466432
1002921324694659073
1002921506500997123
1002921939063771136
1002922028582756352
1002922241917685765
1002922303930486785
1002922343092703234
1002922500072902656
1002922911932583936
1002922959504371712
1002923124013387776
1002923128115335168
1002923254653292545
1002923288576839681
1002923300354478080
1002923304867508225
1002923680274542592
1002923828782227456
1002923943651573760
1002924117018980352
1002924234417557505
1002924324788023296
1002924440215343105
1002924508196597760
1002924522713026561
1002924544770936833
1002924583819804673
1002924687519834112
1002924732197539840
1002924851059937280
1002924853702397952
1002924967095304192
1002925604239478784
1002925948319256576
1002926015226744832
1002926473601277953
1002926832226897921
1002926869153566725
1002926979698618369
1002927014779785217
1002927034870452225
1002927359404773376
1002927452203700225
1002927531459338245
1002927769653739520
1002927847718182912
1002927847718182912
1002927910767005697
1002927915603021824
1002927915649175552
1002928019189780480
1002928578072154114
1002928839855570944
1002929334146027520
1002929583757373440
1002929800099586049
1002930158892933120
1002930269014380545
1002930453899300864
1002930529463947265
1002930782762086400
1002930813665730560
1002931030007959552
1002931126271401989
1002931144323686406
1002931263437705217
1002931438864535552
1002931486427885572
1002932132325527552
1002932416917499905
1002932423313813504
1002932464325726208
1002932512782471168
1002932761118871552
1002932914722656257
1002933093802573825
1002933758679543808
1002934001332555777
1002934051014107137
1002934390811430913
1002935019436994561
1002935087686717440
1002935110537236483
1002935163112783872
1002935242708213760
1002935249347727367
1002935491782676481
1002935522166280197
1002935648381227008
1002935757852508160
1002935762122260480
1002935801792036864
1002936015923838976
1002936083695525889
1002936177266176000
1002936224812814337
1002936253023768576
1002936327292227584
1002936457902854144
1002936760735682560
1002936843049095170
1002936965958860801
1002937044446965761
1002937057948286977
1002937108183560192
1002937265713131525
1002937310055284741
1002937379278262275
1002937411024949249
1002937447834152960
1002937453563564032
1002937565371162624
1002937571276611584
1002937590327242752
1002937833089163265
1002937833831612417
1002937836494942211
1002938051314749440
1002938056809168896
1002938058667220992
1002938219300704256
1002938734650814464
1002938791030611970
1002938982873944064
1002939171022036992
1002939616968704002
1002939749810819072
1002939912725856257
1002939952882245632
1002939975745331201
1002940111133270016
1002940160290541568
1002940336891711488
1002940433658531841
1002940917089755136
1002941113156677632
1002941156253224960
1002941216361771008
1002941346208976896
1002941394909097985
1002941480057622529
1002941482704269312
1002941495408807936
1002941816881188869
1002941909118185472
1002941992249290752
1002942025321406470
1002942089519300608
1002942236840079360
1002942289277259778
1002942294490742784
1002942380004306945
1002942397842644992
1002942644882952192
1002942810432135168
1002942825531691008
1002942879260659712
1002943294459039751
1002943672789491712
1002944200864882689
1002944271585021954
1002944352954605568
1002944477164638208
1002944718496518145
1002945004137013248
1002945224908394496
1002945614022430720
1002945754992963584
1002945815571259392
1002945824156999680
1002945826723913728
1002946142345289728
1002946251757903877
1002946283924066304
1002946546713980928
1002946575985971200
1002946705652879361
1002946725202550785
1002947025892270080
1002947175578570754
1002947371465166848
1002947459449057281
1002947504529399809
1002947946667749383
1002948141732294656
1002948161458012160
1002948304051822594
1002948527838957568
1002948606855405568
1002949026289999873
1002949259250094080
1002949399276908544
1002949571012685825
1002949976417296384
1002950255854477313
1002950270798745602
1002950685200089088
1002950696923254784
1002950753676353536
1002951201397329920
1002951309379719169
1002951538866827266
1002951578574311424
1002952335138619392
1002952897502597121
1002952920503967744
1002952928276176897
1002953235169243136
1002953409018908672
1002953583707525120
1002953735079854083
1002953771125805056
1002953894769627136
1002954099502043137
1002954103042068480
1002954126806921216
1002954226069377024
1002954286844796928
1002954439161008132
1002954592601231360
1002954962727526401
1002954994570719232
1002955001038286848
1002955486365437952
1002955711758962688
1002955918219337728
1002955920492646401
1002955925701976064
1002956255697297408
1002956291445227521
1002956309036191745
1002956588464918528
1002956735924097024
1002956753087156225
1002956856569024515
1002957060210941954
1002957165513117697
1002957240578592768
1002957799159103494
1002957869094981632
1002957950338699270
1002957959519981568
1002958003044315136
1002958053459808257
1002958156027265025
1002958349531582464
1002958772963340288
1002958880173936640
1002959055642611712
1002959169526419456
1002959398707302400
1002959461772922885
1002959858633756672
1002960845264031744
1002961013598248960
1002961597323796480
1002961602847657985
1002961616047169536
1002962283176366080
1002963147056209920
1002963427898339329
1002963710544097281
1002964149654171648
1002964321520046082
1002964321520046082
1002964531180695558
1002965094345691137
1002965290546757632
1002965391159844864
1002965454573498368
1002965454313230336
1002965577336573952
1002965629291384833
1002965849936982016
1002965866542223360
1002965901950496768
1002966120842825728
1002966480030457856
1002966612343971840
1002967087302651904
1002967562718777346
1002967647879909376
1002967892487524352
1002968337146699776
1002968478930948098
1002968482789625856
1002968587466878976
1002968587554951169
1002968606173487104
1002968863112421377
1002968896599724033
1002970007498838016
1002970050825842688
1002970089409404928
1002970143578836994
1002970200097132545
1002970240236572672
1002970426262343681
1002970542121668608
1002970677010468864
1002970709377867779
1002970773932429312
1002970823278387200
1002971054963331079
1002971066841563137
1002971103009140738
1002971170793279488
1002971266981269504
1002971323163963392
1002971427274919936
1002971478344765440
1002971482899861504
1002971657206665217
1002971767936253953
1002971776446541824
1002971888015040514
1002971888015040514
1002971927877734400
1002972063089479681
1002972127409180673
1002972198292860928
1002972205112799233
1002972248796475394
1002972321504747522
1002972388110274561
1002972527629684741
1002972578695270400
1002972969365393409
1002973174248689664
1002973494471208961
1002973528331874304
1002973561097768960
1002973689443479554
1002973705918656512
1002973743117979649
1002973908600008704
1002974132538150915
1002974125663686656
1002974162363801605
1002974757069950976
1002974880965582848
1002974987597307904
1002975273015566336
1002975382042238981
1002975469912952834
1002975573713608704
1002975629963382785
1002975761442267138
1002975895936753664
1002975950844366848
1002976041219121152
1002976177450115074
1002976269099786240
1002976739512016896
1002976797670158336
1002977299728347136
1002977383673147392
1002977969076428802
1002977988860940288
1002978134872993792
1002978268079886336
1002978320223555585
1002978436657438725
1002978448879517696
1002978711967293440
1002978955719307264
1002979214524600320
1002979221705318400
1002979333957390337
1002979497828929536
1002979593161203712
1002979651353014273
1002979675705049094
1002979792151556096
1002979817426472960
1002980350551838720
1002980351340417025
1002980356033785862
1002980406000586752
1002980645340098560
1002980859648053249
1002981048488259586
1002981061880578049
1002981140137955328
1002981157594714113
1002981227132055553
1002981334195867648
1002981351631609856
1002981599636611072
1002981608612352001
1002981737809530880
1002981775142998017
1002981949466660864
1002982134930464769
1002982381807120384
1002982518935650304
1002982558395707392
1002982655695220736
1002982682010226688
1002982869604667392
1002983009509928960
1002983016657047552
1002983028103270406
1002983050609922048
1002983090803953664
1002983305686462464
1002983326360236034
1002983592027402240
1002983747074084864
1002983837708800001
1002984045477814273
1002984184497963009
1002984338152095744
1002984588698882048
1002984909005344768
1002984969336213504
1002985123367870464
1002985626172575745
1002985671076741120
1002985787690975232
1002985829801906182
1002985895270723587
1002985947573702658
1002986076200370186
1002986264704974848
1002986293708689411
1002986353913745408
1002986410503278595
1002986521639702528
1002986562228023296
1002986719518580736
1002986791681560576
1002986864553418754
1002987114072551424
1002987323427041280
1002987407786979329
1002987664025497605
1002987725694398464
1002987792035704832
1002987898294108165
1002988034176974849
1002988309646336000
1002988532552650752
1002988902930673664
1002988929744850946
1002989172028788737
1002989217746767872
1002989328371453953
1002990006481375234
1002990141735088134
1002990829420601346
1002990952741556225
1002991097960951808
1002991252806225921
1002991451360432129
1002991629689606144
1002991811252703232
1002991862158946304
1002992146314596352
1002992167378391040
1002992391001911296
1002992526826135552
1002992687555989504
1002992946386436096
1002992991873699841
1002993110446682113
1002993124178890752
1002993164104462336
1002993189693853696
1002993252298055680
1002993393419644928
1002993462961164288
1002993727131062272
1002993920148758528
1002994029334757378
1002994185220259840
1002994218942550023
1002994288156987393
1002994349511249920
1002994853213626369
1002995031299575808
1002995033665097729
1002995064853934081
1002995106633453569
1002995392106123266
1002995408375767040
1002995637489688576
1002995882969780224
1002995972690104320
1002996165376446469
1002996168585109506
1002996407392002048
1002996682731159552
1002996710409371648
1002996825190731781
1002997398925381632
1002997789360574465
1002997871745142786
1002997971737341952
1002998047050272769
1002998390265909248
1002998594071351296
1002998633858551813
1002998659410210819
1002998822765817856
1002999228187234304
1002999387931529217
1002999492742873088
1002999674150834176
1003000246304198656
1003000302201655297
1003000408418275329
1003000451271483399
1003000678690762753
1003000688920727554
1003000747192090624
1003000772852899840
1003000851957510144
1003000945331097600
1003000946907967488
1003000950376804359
1003001039799414785
1003001054039068672
1003001065040760834
1003001378934009858
1003001444881059840
1003001506617061376
1003001976857100288
1003002183359574016
1003002332093743106
1003002626898890752
1003002956814471174
1003002964355608576
1003003138322960390
1003003563101089793
1003003901715664896
1003003974855905284
1003004393141260289
1003004582207868929
1003004604680896512
1003004683215167489
1003004785224712193
1003004964871000070
1003005035406659584
1003005053953769472
1003005091161477121
1003005294711070721
1003005385781993473
1003005428945604613
1003005557463281664
1003005636353945600
1003005698534445056
1003005868349313024
1003006100583612417
1003006106870910977
1003006220247191552
1003007099360727043
1003007149583237120
1003007249160331264
1003007369440321538
1003007568854376449
1003007711431352322
1003007722105790465
1003007766389280770
1003007793006301185
1003007809695440897
1003007856290025472
1003007942608556032
1003008004713828352
1003008450207670278
1003008516351721475
1003008531803623429
1003008675445866496
1003008870267129856
1003008985837064193
1003009017264984065
1003009085162360833
1003009380932079618
1003009495763734529
1003009498674540545
1003009716992270337
1003009752274817025
1003010025160355840
1003010043581796353
1003010056353406976
1003010195134582784
1003010327506751490
1003010621011578881
1003010773336064000
1003011104270929920
1003011185355251712
1003011400564924416
1003011454759526400
1003011537303494656
1003013065737154560
1003013291650768896
1003013313503072256
1003013314253918210
1003013428494110721
1003013433124708352
1003013459192242176
1003013567086497793
1003013713107079175
1003013834725122048
1003013869378457601
1003014011716341760
1003014043823755264
1003014051084021765
1003014090573467648
1003014185364742144
1003014317850193921
1003014714505531393
1003014775192899584
1003015016151437314
1003015031586516992
1003015196951105536
1003015298600128513
1003015441680355329
1003015873060376577
1003016302221504513
1003016379795214336
1003016668182925312
1003016704740548608
1003016715310125056
1003017028209381382
1003017071985389571
1003017496595779584
1003017564925186048
1003017704624852993
1003017775873392642
1003017785155510274
1003017968186482688
1003017974146654208
1003018359758295040
1003018373230407685
1003018790639144965
1003018892711784449
1003019019673317378
1003019495886254081
1003019727210500096
1003019763113750530
1003019773964357635
1003019814460325897
1003020059374178304
1003020313381294080
1003020459313647616
1003020491270098944
1003020780781883395
1003020801359204352
1003021054921641984
1003021087251329025
1003021441665847296
1003021587854118913
1003021931191455744
1003022246825332736
1003022308041248769
1003022478124441603
1003022658664005632
1003022765497241601
1003023059404709889
1003023581276725248
1003023728081555456
1003023830976225280
1003024218269863936
1003024221566590976
1003024553952579585
1003024650929098757
1003024744701202432
1003024755715461120
1003024795951345664
1003024975329157123
1003025037253906432
1003025231894712321
1003025945450700801
1003026147410698242
1003026172740096004
1003026635506028547
1003026885515923456
1003026994534273026
1003027266295787520
1003027489990508544
1003028365513756673
1003028431435714560
1003028622603702279
1003028960714903552
1003029439800889344
1003029572235988993
1003029644860444672
1003029646789705728
1003029962285305858
1003029968023097345
1003030017327198209
1003030247158185984
1003030472136544256
1003030827658366976
1003030900874055680
1003031133133721600
1003031238410686464
1003031258606260224
1003031260728569856
1003031772827979776
1003032425541357570
1003032853322625026
1003032897266298885
1003032908926537728
1003032964287094784
1003033201638543360
1003033684621037570
1003033691130597376
1003034172531888128
1003034666050441216
1003034693292478464
1003035461168914432
1003036563868008448
1003037355824074752
1003037657138593793
1003037715162640384
1003038333541535744
1003038428089462784
1003038440831807489
1003038561069826050
1003038875382681601
1003038883481780224
1003039395962859521
1003039439164268545
1003040350469021698
1003040365539143681
1003040507734511616
1003040611640008704
1003041012242006016
1003041248591208449
1003041537905905664
1003041670441717761
1003041759411232768
1003041909592547328
1003042111531438082
1003042215235604480
1003042309695574016
1003042808029118464
1003042925582913537
1003043765689430017
1003043779471925249
1003044389030121472
1003044590587400192
1003044664369393664
1003044797307850757
1003044833693519873
1003044886587813890
1003044950232195072
1003045006423314437
1003045665012887552
1003045876955320321
1003046121546174464
1003046190643142657
1003046245013884929
1003046546202652676
1003046678881013760
1003046686900539392
1003047540152000514
1003047549706686466
1003047709564112896
1003047826358718469
1003048018940256256
1003048725831389186
1003049227252092928
1003050847910187008
1003051104177934337
1003051315679948802
1003051904623095809
1003052641390419974
1003052927429246977
1003053106354098176
1003053148544622592
1003053978224156673
1003054133367189509
1003055365976743937
1003055709314076672
1003057165144416257
1003057556250652672
1003058243558690816
1003058452728631302
1003058784317722624
1003059076945899525
1003059080636911617
1003059087419101189
1003059585215844352
1003059590739759104
1003059834252611584
1003060596143808512
1003061286840750080
1003061290099728384
1003061571004850176
1003061934600720385
1003062560747343872
1003062830390792192
1003063681041797120
