958127695866589184
958128014767919105
958128075279097856
958128494671736832
958129116938678273
958129123171414017
958129215542644736
958129488252063744
958131097606545414
958131205311954944
958131486170996736
958131767441010689
958131963038195712
958132063877632000
958132095708270593
958132295713554438
958132883092275200
958132934774583296
958132993083703296
958133913876156417
958134024303718400
958134273290186752
958134481931718657
958134678774538240
958134693794406401
958135255201931266
958135507984232448
958136720490422277
958138196658966528
958138587249291264
958138666416791552
958138720011636736
958139049876905986
958139484746469376
958139971663204352
958140102668115968
958140505245868032
958140790781378560
958141091252973570
958141396082405377
958141759317577728
958141855585185792
958141890406305792
958141932110274561
958142553446141957
958142756152541184
958143493523861505
958144320816771072
958144830068142081
958145067625140225
958145826488020992
958148047686569984
958148290817724423
958148670129664000
958148693382828032
958148789113585666
958149011063664640
958149245378486272
958149948675149824
958150450087374849
958151956232572929
958152255957602304
958152407053160450
958152428813209600
958154175078174720
958155231241568256
958155291757023232
958155301399736321
958155332932562944
958158375908462592
958158746743648256
958160822638870528
958162134306783232
958162569964990464
958162607931879425
958163089035288576
958163319692685317
958166303243677696
958166396831191040
958167228339441670
958167272643756032
958167545252589568
958168236335525888
958168461615812608
958170010131845120
958171238760943616
958171843810250755
958172413505794048
958172638349799424
958172751256268801
958173110162939904
958173382008242176
958174076593459200
958174773116325889
958176566487539712
958177058290569217
958177927920783360
958178005318332416
958180552972136449
958183495863492608
958184919401840641
958184943540203520
958186147829690370
958186616547405825
958186841508900864
958201650879057922
958204932859092993
958207009157013504
958207431556960256
958210268663812096
958212263709761536
958212518630998016
958213502056923136
958213656013090816
958213783041855488
958214839175909376
958215311597162496
958215531135414273
958216457594302464
958216561269051392
958216819961204736
958217697833168896
958218076222259200
958218131733995521
958218229163446272
958218793691631617
958218933013794816
958218956312989696
958219655323308032
958219868087685120
958220898858881024
958221032518836224
958221206876016640
958221211850432512
958221375889649664
958221565199515648
958221685190287360
958222164984922112
958222238460891136
958223405521756160
958223529778057217
958224020419284992
958224186924847104
958224548197003264
958225186305773568
958225477776302080
958226027062456320
958226083006091264
958227909776412673
958228567464300544
958229158894690304
958229209310289920
958229388939743234
958229534540738565
958229690807808000
958229700802961408
958229907548655616
958229916000145408
958229982127513600
958230321765347328
958230412840620032
958231121489260544
958231190473003008
958231249046376450
958231589216927744
958231865877508103
958232368040546304
958232575889289217
958232632109752320
958232781989007360
958232869448634369
958233047949807616
958233144808886272
958233154640211969
958233169358147584
958233229806395392
958233344189190144
958233344537378816
958233345560686594
958233434484338688
958233659668037633
958233845945524224
958233975813795840
958234011469602816
958234072014381056
958234112929677313
958234184614588416
958234251232792576
958234752854708225
958234765974372352
958234816910102528
958235032962904064
958235266250084357
958235360114327552
958235474757324800
958235609453088768
958235762981572608
958235828802736128
958235868292091905
958235873333600256
958236119153422336
958236299688841216
958237694311706624
958237773823184896
958237906795204608
958237907428560896
958238005495586817
958238343489376256
958238357452197888
958238621873659904
958238715909992448
958238730053091328
958238738848432128
958238799456333825
958239047125696512
958239364043087872
958239444326404096
958239460147302400
958239486852386816
958239738422595586
958239897277620224
958239911940972544
958240092337967104
958240116866248705
958240223535812608
958240242473078785
958240289344417792
958240396106190850
958240419309113345
958240427336978432
958240659231485952
958240690634477568
958240754668916736
958240826966110208
958241311966027777
958241896643682305
958242203096240128
958242240870174720
958242270821658624
958242708396609538
958242928639533057
958243234395967488
958243459508285440
958243486368763906
958243847078862848
958243892272476161
958244000481366016
958244189501829121
958244209814884352
958244248918286336
958244304975269890
958244336877096960
958244454619631617
958244649939951616
958244679794950145
958244759381925888
958244964420513792
958245048260399104
958245188106903552
958245212190633986
958245326527266816
958245500154712064
958245592769155073
958245629989474304
958245874114744320
958245952338518017
958245992628936704
958246243720933376
958246266114396161
958246457714364416
958246827970715648
958247375566491648
958247445913317376
958248155753189376
958248211629649920
958248299223506944
958248348267565057
958248538483372032
958248594024423424
958248645043937280
958248667785375744
958248717424955392
958248986690969600
958249261648330752
958249523238834176
958249602830028800
958249831503400961
958249883412070400
958249897190445056
958249987015696384
958249995509157888
958250069815422977
958250164485083136
958250250958966784
958250440176603136
958250445390123008
958250445390123008
958250530576400384
958250671593213952
958250803432710144
958250822453813248
958250882637975553
958250939743375360
958251443202461696
958251665488072704
958251811139440640
958251817804103680
958252040060395521
958252046444089344
958252106938503168
958252346844286976
958252452867960833
958252564478332928
958252653087248385
958252660116910080
958252678273957888
958252679490359296
958252774667546624
958252973615968256
958253019652657152
958253147264348160
958253432447619072
958253469219074048
958253472331239425
958253469219074048
958253724727758848
958253976482467840
958254182154358784
958254503349903360
958255226775048194
958255284769710080
958255563825139712
958255571391610880
958255662970089472
958255806167879680
958256214009368576
958256316367163392
958256382662336512
958256469589282816
958256579131961344
958256714930905088
958256770442584065
958256782635356161
958257254523908096
958257541628289024
958257543284916224
958257590638727168
958257754161975296
958257785422020609
958257801104633856
958257820310425601
958258007581872128
958258048090431488
958258177883213824
958258305394241537
958258361123901440
958258476106637312
958258488114864129
958258488114864129
958258488114864129
958258617773420544
958258643723587585
958258684102086657
958258688938119169
958258737201983488
958258811948748800
958258876574502913
958259205064052736
958259233438519296
958259243936870401
958259403500785664
958259453920448513
958259612242890752
958259644253732864
958260078859100160
958260094994714624
958260124241551360
958260176401981440
958260278675890177
958260289681620992
958260300511358978
958260456044580864
958260574474899457
958260734558863360
958260847301808128
958260847234691073
958260866385940480
958260943196180480
958261090495975424
958261431622950912
958261529421451264
958261717154369536
958261737190551554
958261799903809536
958261992053268480
958262017739149312
958262139462012929
958262287642648576
958262437261832194
958262519654682624
958262567406850048
958262745929052160
958262825943732225
958262966159335425
958263125471649793
958263435237699584
958263529576062976
958263529576062976
958263681527279616
958263684337455109
958263719942815744
958263961224294400
958264299042074624
958264350803988480
958264402410639360
958264494064590848
958264854795706368
958264868632780800
958264947129102337
958264983493791745
958265062950612992
958265409433686016
958265450474897408
958265460461457409
958265463259119616
958265569215635456
958265701399179264
958265750040514560
958265958673600512
958266350866231296
958266364233265153
958266543871315968
958266675740069888
958266708501979136
958266846632988674
958267108076507137
958267444048654336
958267540613902337
958267572125921281
958267664828379136
958267717030735872
958267805744488449
958267812254048256
958267921230417920
958267970618306560
958268019033149440
958268048384786432
958268128382787585
958268285371518976
958268551596421120
958268583330578432
958268716252217344
958268806278893568
958268969772761088
958269035954823168
958269042015506433
958269056481746944
958269082725441536
958269143953956864
958269324023738368
958269464725934085
958269647249461248
958269717793378304
958269927365935104
958270218454945792
958270316589002753
958270314760294400
958270330212179969
958270402576470017
958270435895934976
958270456347463680
958270497820692481
958270787290632192
958270823428747265
958270859394904064
958271004119269377
958271047320637440
958271181844557824
958271572829237248
958271644920893441
958271689879584768
958271930590736384
958271976715571200
958272168701415425
958272283143032833
958272372456546304
958272431818510336
958272436298010625
958272484314374146
958272678800056320
958272762539364353
958272830407311360
958272863756308480
958273230170714112
958273264358510592
958273727912955905
958273814445641728
958273871353991168
958273885241331712
958273939222024192
958273947451174912
958274074702163969
958274137406963712
958274163675926529
958274245456547841
958274293011484673
958274506853888000
958274517582929920
958274543344381952
958274642577371136
958274809611341824
958274809913401344
958274874501419008
958274888535601152
958275224792911872
958275251783258112
958275303243243520
958275458382094336
958275460663824384
958275546038833152
958275564808364033
958275714473713666
958275847647059968
958275961878872070
958276078858113024
958276097367576576
958276118473211904
958276151318892545
958276375428960257
958276431792017410
958276505553063937
958276969526947840
958276991018504192
958277102247309313
958277188205404160
958277459102838784
958277514794762240
958277785222549509
958277875630821376
958277973475516416
958278106460184576
958278126676692993
958278208272650240
958278402536083456
958278409016274944
958278538532188160
958278638583021568
958278719558340608
958278997363904513
958279346682245122
958279568225431552
958279765395468288
958279889953677312
958279921964666880
958279948187394048
958280061429407745
958280483611271168
958281575006797824
958281615205072896
958281620909371398
958282144597626881
958282266781929472
958282363204718592
958282581757149184
958282684991602688
958282755334385664
958282859827081216
958282869457276929
958283041373343745
958283249880616960
958283374711529473
958283445570097153
958283447662972928
958283532572549120
958283576407220224
958284138427056128
958284269054341122
958284343654404096
958284359957491712
958284381088608256
958284636840394759
958284757514833920
958284776745549824
958284780075913216
958284856164864000
958284864742215680
958285149648584704
958285278581436416
958285297376202752
958285363876978688
958285555183341569
958285620815781889
958285623911157760
958285677766070273
958285682774069248
958285707281346560
958285714663399425
958285779477909504
958285782715977728
958285785257644032
958286209008263169
958286557210923008
958286560864194560
958286775407009792
958286919250726913
958286945695813633
958287004655071233
958287004428570624
958287034363326464
958287094329339904
958287283123351552
958287290484260864
958287328337973248
958287500266569728
958287556193505281
958287966425812992
958288129844068354
958288177868963842
958288312275554304
958288359771734016
958288438742142977
958288467892596736
958288598037655552
958288628593160192
958288630069583873
958288690111008768
958288749686751232
958288869673328641
958288875943800838
958289152776261632
958289163744370689
958289377632940032
958289456871723009
958289520142831616
958289796090220544
958289797134667776
958289919188881408
958289957071851520
958290036767764481
958290374124032005
958290387050881024
958290388028215297
958290474384715776
958290575299629056
958290723257937920
958290956364779520
958291063856402432
958291361693884416
958291583568408576
958291668846989312
958291673611689984
958291894513086464
958292098008125440
958292213401882624
958292213401882624
958292265742585856
958292706794622977
958292909828313088
958292935384150016
958293254042193920
958293268973932544
958293282022395904
958293473488244738
958294053589798912
958294088297697280
958294109659238401
958294213673799681
958294224436432896
958294261748961280
958294318984425472
958294325024129025
958294430993219584
958294467634696193
958294607946756097
958294650720325632
958294690641694720
958294920439189504
958295037653278722
958295272559390720
958295457351991297
958295692295929856
958295771853582336
958295877357064193
958295893698121728
958295992624959488
958296063928041472
958296262675136512
958296331700899840
958296345147858944
958296391553568768
958296463632674821
958296700417904640
958296775198208000
958296776158732288
958296822480502784
958296864817864704
958297093625565184
958297281823956992
958297377886162944
958297422681268224
958297477874143233
958297814609678336
958297819328253952
958297840773627907
958298088623390720
958298227815657472
958298245893120000
958298442513698817
958298500118310912
958298516056690688
958298574667878401
958298598663274496
958298610654904320
958298799742619648
958298902440169473
958299141901291520
958299154907893760
958299166349852673
958299168522539008
958299187078197253
958299208498450432
958299243705446400
958299247056695296
958299304250216448
958299319764967425
958299324995264512
958299477709910016
958299547192709120
958299634178363392
958299663454625792
958299811459067905
958299885513691136
958299951028678656
958299999200260096
958300324833513472
958300341686202369
958300489245962240
958300523668692992
958300615863660544
958300614248812546
958300622398337025
958300731232210944
958300758729834496
958300999260635136
958301052595572737
958301244161974272
958301293596078081
958301321001689088
958301395316289536
958301629345927168
958301653152788485
958301743351185409
958302031944540160
958302205014106112
958302391413149696
958302532165619717
958302710536790018
958302762483224576
958302839104856064
958302907413286912
958303045095448577
958303054926774272
958303063512633344
958303235294494720
958303297282199552
958303310175461376
958303462114119680
958303486931816448
958303826301382656
958303837588254721
958304324953796608
958304387142750209
958304393266434048
958304426397224960
958304476686946305
958304523650465793
958304632543080448
958304665485172737
958304767708729344
958304847941505024
958304901888643072
958304909966954496
958305049318428678
958305170189946882
958305279082487808
958305365485027329
958305490999668737
958305494145421313
958305571291238400
958305643689062400
958305701050441728
958305882818924544
958306036791808000
958306067091460096
958306109072306177
958306112691896320
958306253742137344
958306371656708096
958306556986224640
958306567136468993
958306553739862017
958306762058330112
958306970636832769
958307237147049984
958307420249448448
958307434518450176
958307498859094016
958307760621441024
958307973167796224
958308049701294081
958308095909924864
958308279402356736
958308354148925441
958308397392302080
958308535166799872
958308716138385408
958308798673883136
958309351655182336
958309526716940288
958309909459644421
958309909115883521
958310443847684096
958310495425040384
958310503327174656
958310508221947904
958310572210221056
958310614597857280
958310719518314497
958310735599239170
958310950079205382
958311030349815808
958311279965466625
958311294708408321
958311320834793472
958311420789252097
958311461452959747
958311467903840257
958311590641717250
958311629338263555
958311657872281601
958311824335794176
958311939972698114
958311981311815680
958312024768942085
958312349122875393
958312406006059008
958312487375564801
958312603004162048
958312633429626880
958312658331144192
958312685778726913
958312820302663681
958312876208422912
958312969053589504
958313031217438720
958313038951657472
958313143452696576
958313231986167808
958313283290886145
958313316044169216
958313770744471554
958314617511596032
958314830846361600
958314844117184518
958314937855725568
958315068420247553
958315092042534912
958315291729162240
958315363833434113
958315398000033792
958315399317204992
958315767518265345
958315769984532481
958316083190157312
958316510614839302
958316597780865024
958316603841679360
958316618165047296
958316836436750336
958316877687787520
958316955559256065
958316966002950145
958317202196914176
958317408296620034
958317542044585984
958317566845509632
958317624072507392
958317715969593344
958317752258846721
958317977929244673
958318038906015744
958318045977632768
958318243445444614
958318263376728064
958318349938757633
958318394851262464
958318400589180928
958318411280539648
958318663580430336
958318663190360064
958318738796961792
958318785538220033
958318809835859969
958318826239623169
958318956330344448
958319041617199104
958319045522132994
958319095102963712
958319255732260864
958319294907146240
958319343875522560
958319360187289602
958319440269070336
958319447265169408
958319682846711808
958319918226821120
958320159336394753
958320178579824640
958320179519328256
958320880433561601
958320999971336194
958321032150044677
958321180481671169
958321337864466433
958321456361934848
958321664063877120
958321872088772608
958322098677731328
958322283101159424
958322554476924928
958322609820721152
958322704054136832
958322723494776832
958322759343493120
958322944161271808
958323057554313216
958323163628232704
958323237057892352
958323351566671872
958323511843532800
958323546979258368
958323672850235392
958323734024159232
958323832212860928
958323921966813185
958323936156176385
958324002350657536
958324011871686656
958324018792271872
958324172987469824
958324218202148866
958324236715724800
958324341468516355
958324490672406529
958324512960991232
958324529151045632
958324532493848576
958324681106448384
958324694834442240
958324722789384193
958324737192742914
958324752661270528
958324757119799297
958324763612602368
958324766389211136
958324800916779008
958325286810144769
958325312617701378
958325403386556416
958325485955637248
958325487570489345
958325703660965888
958325759147413504
958325870275461120
958325909714554881
958326041780604928
958326041629593602
958326176644202499
958326206310633474
958326241563684865
958326420522110981
958326922492116992
958327009561759744
958327186825637890
958327209701199872
958327258296578048
958327350374158336
958327534017482752
958327578502336515
958327619057045504
958327943922675712
958328250530516998
958328278556774400
958328358718275584
958328413206536193
958328564973211649
958328593632907264
958328620610740224
958328805692715008
958328922097233920
958329164200923136
958329279175122944
958329392782106624
958329448171999234
958329609644314626
958329669325115392
958329728087314432
958329839332810753
958330626662453248
958330676247490562
958330838805970944
958331296496963585
958331345310306305
958331346660839424
958331420329603073
958331497479659521
958331839885856768
958332002796802049
958332245726711813
958332247232405504
958332266069024768
958332487394095104
958332501444919296
958332727622848512
958332810036695040
958332910117048320
958332917557669888
958332925501759488
958333118808842240
958333247976542208
958333320978403328
958333355178844166
958333416931504128
958333464385798144
958333469255438337
958333495897706496
958333640877883393
958333648696209408
958334035142561794
958334108249219072
958334125668225024
958334181532209152
958334197873152003
958334202612801536
958334280626835456
958334440886779906
958334495098318848
958334498181132289
958334606230675456
958334614090715136
958334789769101312
958334849848397825
958334953988669442
958334952977805312
958335071487975424
958335180183343105
958335277667364864
958335301054812160
958335382483013632
958335647781093376
958335776160350209
958335963956154368
958335992859103232
958336072722853888
958336091148431360
958336141928919040
958336209910157312
958336379297128458
958336784085274624
958336950947205120
958337179125723139
958337254681870336
958337357731725312
958337741409914881
958337815259111424
958337890265780225
958338238724259843
958338241886851072
958338274996649985
958338277706227712
958338321050202113
958338323227054080
958338331338829824
958338445155368963
958338495579414528
958338584955817984
958338865701453826
958338905882943488
958339029564641280
958339147718184960
958339201329659905
958339280715354112
958339331743191041
958339390308315137
958339523498430464
958339866286313472
958339864163995656
958340162718765057
958340765524078592
958340775414321154
958340790715076610
958340955693776896
958341194328760320
958341400411635713
958341493512646657
958341507408252929
958341518862974977
958341544158867458
958341646252433408
958341656415293441
958341685104164864
958341956211441664
958341995684130816
958342004156411904
958342126244417537
958342558228283392
958342650922504192
958342749241012224
958342989214085122
958343026082041857
958343523392278529
958343531520815105
958343628228788224
958343846747955200
958343879803072512
958343937604898816
958344116169072646
958344412441985024
958344425926569985
958344445476384770
958344536048242688
958344761831776256
958344764159651840
958344805247004672
958345267706675200
958345373990481920
958345459130658816
958345534787366917
958345848882188289
958345930805260288
958346192806694912
958346339557003264
958347284013559808
958347826894987264
958347883002191872
958348214180118529
958348224619835392
958348286984904705
958348554178875392
958348951761154048
958349122830000129
958349233635160066
958349366510718976
958349567786930177
958349747244486661
958349906300694529
958349971690000384
958349979625578497
958350013272244224
958350193379958787
958350268529127426
958350545177235457
958350589980798976
958350774521810944
958350817878097920
958350861519998976
958350880864169984
958350882118172673
958351025781575680
958351061206622208
958351108740612096
958351146589995008
958351154328559616
958351190546440197
958351314286596096
958351510907375616
958351552456077313
958351577768759297
958351577441501185
958351588917174273
958351624178630656
958351681875406848
958351725227888645
958351954039762944
958351976336707584
958352016862072832
958352156372946948
958352308013854720
958352380822720513
958352442437066752
958352489769775105
958352584833613825
958352588369551360
958352657730670592
958352718325628928
958352893454807042
958352926308798465
958353155514912768
958353198934298627
958353297534017536
958353418451550209
958353588123832321
958353672018243589
958354165364903937
958354332692500480
958354418226876418
958354523633913857
958354874269347842
958354956599418880
958355469273370625
958355646851805184
958355653944365057
958355767534473218
958356255302701057
958356384193671168
958356503056003072
958356557221294082
958357047912824833
958357116640784385
958357194268868610
958357210471567361
958357227999518720
958357382513418241
958357848647520256
958357985771884545
958358115266809856
958358158778552320
958358237736329217
958358368573378560
958358368325906433
958358397488951296
958358430980431872
958358561104498689
958358585779675136
958358940638744576
958359090404741121
958359557989978112
958359568735760386
958359587647819781
958359614294290432
958359767818391552
958360145301524480
958360305834385408
958360577637867523
958360708638560257
958360815970734080
958360865245401090
958360889375289344
958360937437782016
958361299938930688
958361337515724801
958361467744636928
958361512392916992
958361648225546240
958361656169508865
958361775841390592
958361777754066944
958361927465558016
958362028028112897
958362046709583872
958362141198901249
958362205522710530
958362270140125184
958362279426260992
958362683195232256
958362839147663360
958362996518121472
958363124498948096
958363187266707456
958363230195404800
958363237300436992
958363274059436033
958363809286053888
958364069437825024
958364108906287104
958364294286139393
958364326242504705
958364697820061702
958364796381937664
958364821921173504
958365255272411136
958365316853174278
958365426148311040
958365551344193537
958365559137210368
958365798359330823
958366024981762048
958366114408484866
958366476615942145
958366734322413568
958366739775082497
958366820410511365
958366942066331656
958367170714652673
958367172958572544
958367469638430723
958367614971105280
958367749289291776
958367817581187072
958367848803504128
958367871205130246
958367955129024512
958368016265306112
958368070548017154
958368090835763200
958368110192615424
958368121806503936
958368393089953792
958368603971211266
958368668328562688
958368840844529665
958369350737629190
958369374443855873
958369384820629505
958369496342974465
958369509869531137
958370079321845760
958370082580844549
958370133034131456
958370461527797760
958370560744087555
958370612954783745
958370628972830726
958370628448522241
958370701966237697
958370925375901696
958370930140635139
958371045802741763
958371163406831620
958371325634121729
958371353723310083
958371496547758086
958371508795133955
958371572619862017
958371591699795970
958371934475116545
958371970873286657
958372095834107904
958372106303045632
958372156827688961
958372218911756288
958372241301016576
958372304672710656
958372319713521664
958372357114130432
958372407248605184
958372501444349952
958372568251207682
958372607920955399
958372651050979328
958372691505016833
958372714217164800
958372730583310336
958372799978065922
958372819708018688
958372859847553025
958372928676089857
958373148814204930
958373206431281152
958373268251136004
958373295392542721
958373526234427392
958373658053005314
958373867688472577
958373897090600960
958373927478288384
958374018826063872
958374021669801987
958374027994820608
958374303573127168
958374397861130240
958374403502477314
958374405930962945
958374419914743808
958374457843830785
958374682159443968
958374713046290432
958374733917114368
958375051115589632
958375064000450561
958375145286045697
958375380041306118
958375419882954759
958375542616666112
958375666667393030
958375711957536770
958375796879581184
958375815003164673
958376110043123712
958376140053319680
958376255623221248
958376266037637121
958376269573509120
958376332215422983
958376372312903684
958376379216691200
958376389652213760
958376493054353408
958376559882227714
958376565812924417
958376689972793344
958376859971895296
958376883292397569
958376897175486466
958376950900449281
958377011386441731
958377021222146048
958377190621679618
958377366857887744
958377406116585472
958377489662926848
958377513348161536
958377578120863744
958377582285684738
958377769121079297
958377776817541122
958377824473161728
958377881310322691
958378193433571333
958378237410922496
958378336186699776
958378534585753601
958378630282928128
958378693033897985
958378922386829318
958379106336460800
958379286666383365
958379481491759106
958379739374407683
958379781929672704
958379788812644352
958380030047997953
958380096129327105
958380261196038144
958380287452434432
958380379249004544
958380498379771904
958380582693670913
958380877570084864
958381292160274434
958381346329645056
958381538986557440
958381540010061825
958381595790016513
958381793610223617
958381794088378368
958382164478963713
958382219633991680
958382467945238530
958382527277826050
958382554029133824
958382592147050496
958382625881821185
958382778994831362
958382797835550720
958382842563702784
958382847336828930
958383052002091008
958383057026740224
958383107039571968
958383276212842496
958383498435399680
958383582371774466
958383592299728896
958383592299728896
958383718737072130
958383741352767488
958383795110952960
958383844431945728
958383961440387072
958384167510794240
958384324507774976
958384409778024448
958384469798506497
958384618843136000
958384635527991296
958384687222788096
958384726817038336
958384857494700032
958384871944146944
958385205840138241
958385220348252161
958385304209121280
958385322475311104
958385545096433667
958385630215639041
958385771895025664
958385929709850624
958386060198850560
958386076535672832
958386186208382976
958386488093405190
958386488584089601
958386513972289536
958386635573514240
958386734408007680
958386769321488384
958386801663729664
958386808273952768
958386806801788928
958387060381048832
958387299326349313
958387304258818055
958387443522207746
958387463801704449
958387512921284608
958387728533647360
958387760309637120
958388086144106496
958388171926106113
958388294206787589
958388365996511232
958388560805138439
958388676748300289
958389055347216384
958389205469749250
958389251988770818
958389418489937921
958389460370165760
958389586379624450
958389756538310659
958389769955835904
958389804386914305
958389807692083206
958389850272686080
958389863048531968
958389851904249856
958389903464771584
958389926889951237
958389960893239297
958390434736361472
958390462842331136
958389982263152640
958390573869731840
958390118162853888
958390593125867520
958390335280951296
958390329589354498
958390526155386883
958390739188232192
958390823967707137
958390840963059713
958390907027501056
958390937792659456
958390964812382211
958390988694872064
958391130839834624
958391149219209216
958391213371154432
958391391285063682
958391562370732032
958391659678531584
958391691572064258
958391860451409920
958391899714392064
958392070187700224
958392090915983360
958392176085479424
958392308826890240
958392315281903616
958392343408857094
958392496530382848
958392660292767744
958393153144459265
958393422607511557
958393423404380160
958393452697399296
958393487665266688
958393574697111552
958393639218155520
958393673133252616
958393698349445120
958393949239963649
958393975852994561
958394266094637057
958394269349351425
958394326253436929
958394472873840642
958394497599197184
958394538741194754
958394691988414466
958394725375074304
958394734380306432
958394832195604481
958394918153740289
958394945349607424
958395010457784320
958395111666339840
958395177017765888
958395272555646977
958395341379956737
958395444379385856
958395448603095040
958395480194641920
958395577481547776
958395580576911361
958395593923223557
958395675552681984
958395752019001344
958395824144297984
958395958861156354
958395995531948032
958396259752185856
958396463188533248
958396492238262273
958396550010589184
958396557258362880
958396628985098241
958396887010365446
958397053188624384
958397146142736384
958397165646303232
958397180947173376
958397239944204290
958397254842376195
958397322525904896
958397335196839936
958397347570036737
958397350761857024
958397387709566977
958397491128557569
958397613665148931
958397654517641216
958397704375296001
958397755520684032
958397824604999680
958397929139658753
958397945845616640
958398075155951616
958398145511247872
958398189123588096
958398221981769729
958398224330625024
958398374805426176
958398405008650240
958398407294451714
958398525104156672
958398528530931712
958398592791859200
958398733372284928
958398902067134464
958399068853678080
958399179889496065
958399239549280257
958399245094215681
958399344163639296
958399426661318659
958399431669420032
958399589941497856
958399686649503746
958399700562010112
958399824990232576
958399827825524736
958399830153400321
958399876462776320
958399992464596992
958400102858739713
958400113440968704
958400120474820610
958400369738092544
958400395189149696
958400462490828801
958400471533694977
958400582150221824
958400632641277952
958400674470998016
958400677289627650
958400710688886784
958400778397417473
958400794772074497
958400820151758848
958400901135372290
958400922501173248
958400948979761152
958401052444889089
958401273262432256
958401319970267138
958401348055248899
958401474572292096
958401542603886592
958401605014974464
958401646492569602
958401740222672896
958401843125682177
958401959689621504
958401980573147142
958402109233401856
958402216653713409
958402263348805633
958402356068212736
958402554882387968
958402653096116224
958402795660603397
958403025340698628
958403118382841857
958403401989152768
958403415155052550
958403443349221377
958403548684963841
958403604599246857
958403617568055296
958403754570764288
958403764930727936
958403869649899521
958403869662433285
958403915971747841
958404026311303168
958404112349126656
958404171719421952
958404226375352320
958404287712907264
958404471536668672
958404673190420483
958405561938337792
958405631295283201
958405706020990978
958405856885985280
958405939916402688
958406069872623616
958406145948966913
958406210675408897
958406346499608582
958406499985952768
958406731570311169
958406787329417216
958406828718731264
958406856933863424
958406857781104640
958406913024299009
958407040120082432
958407079638814721
958407113990201344
958407146777047040
958407186782261250
958407220420542465
958407376205418498
958407450058772480
958407483281813509
958407520225144832
958407604383952896
958407612688629760
958407850598035461
958407910723391488
958408037974380549
958408159772729346
958408162054373376
958408164927393792
958408203527745537
958408312931979265
958408334918512641
958408510886305792
958408555786395648
958408655573061637
958408749353447425
958408820681789441
958408860997431296
958408981038411776
958409267119259650
958409272521580546
958409403400708097
958409470404636673
958409509642362887
958409808889241600
958409811347038208
958410058865528834
958410069921730560
958410251400810497
958410359890698241
958410426613673984
958410480980234240
958410554598674432
958410683078635521
958410704205295617
958410807557189638
958410875848871937
958411071894839296
958411128283058177
958411246205915138
958411497335554048
958411499495739392
958411534291619840
958411638398480385
958411711329067008
958411794820845568
958411836239511555
958411844535889920
958412036689530880
958412063340146688
958412164288663553
958412323852517376
958412369755066373
958412492505575424
958412523979530240
958412559073280000
958412763226877953
958412859263868928
958412910920982528
958413016600637446
958413270209236992
958413294779453441
958413372420214784
958413406893232129
958413473276485633
958413536769859585
958413561826566148
958413580759633920
958413658446581762
958413665958539264
958413693116706816
958413750637355008
958413759197929472
958413853674622976
958413854907748357
958413866857369600
958413873815719936
958413887598100482
958413953469689856
958414086886379520
958414146038575105
958414156155314176
958414391279521794
958414412326539266
958414429800095746
958414441900597248
958414464654684165
958414527594487810
958414569369686017
958414575233306630
958414636298186754
958414688022355971
958414824479887362
958414891584499712
958415007007563776
958415072786862081
958415105154338816
958415184258838528
958415186582540288
958415230220062721
958415416937807872
958415482775842818
958415538665021442
958415600887492611
958415720769097728
958415931004325888
958416005235081216
958416023593672706
958416229898899456
958416306000269314
958416316980973568
958416379941740546
958416404033802240
958416463206932480
958416482278498304
958416539610476551
958416567196372993
958416817160118273
958416924882423810
958416946252443648
958416971896410114
958417019099078664
958417093782843392
958417104281260032
958417108119015426
958417226842984448
958417266160422922
958417273684938759
958417511980167168
958417561284202504
958417683854319619
958417832307458051
958417889123557379
958417964235214848
958417961420771328
958418026612842496
958418045009047552
958418101816655874
958418131529105408
958418201683091456
958418352564826113
958418410400083969
958418444231303168
958418508588646400
958418583922585607
958418610036322304
958418680785891328
958418705414807552
958418720006770688
958418908213600257
958418914505121793
958418952966819845
958419165680930816
958419191660457986
958419254478622720
958419355351633920
958419431838945280
958419593311203331
958419962850365440
958419985612894210
958420105989419009
958420106039775232
958420164005031939
958420262151737345
958420292891750402
958420507413630977
958420621129670656
958420676771307521
958420791909109761
958420905859911687
958421042774626304
958421163901947904
958421266372886530
958421532262445057
958421975067656196
958421993312980992
958422037055266817
958422037067915265
958422263463899136
958422451326717952
958422513008238593
958422569887166464
958422816793284610
958422870274854914
958422894899539968
958423058745831424
958423093281742848
958423131881848832
958423180221304833
958423180133232646
958423199393419265
958423213800939521
958423266087063552
958423358978347009
958423362681933825
958423491371585536
958423517632090112
958423577589624832
958423719575216134
958423741477871616
958423781743218689
958423848071892992
958423968796610560
958423994302124032
958424113974005760
958424156676255749
958424211546103810
958424307486650370
958424491939581952
958424552996069376
958424565931180037
958424632201228288
958424672407900162
958424699494596609
958424797658132485
958424864431452160
958424895834214402
958424983910453248
958425042806861825
958425067326668800
958425199086571521
958425204920864768
958425217801637888
958425311036821504
958425393630994433
958425425696477184
958425627996106754
958425734925684738
958425794262585345
958425882137329665
958425901703815168
958425946293522432
958425965864148998
958426001465364480
958426083594063874
958426143132184578
958426197482000384
958426217388093440
958426235138461698
958426267409412096
958426331276079106
958426451350614016
958426542383796224
958426551527313410
958426558812884992
958426584435785734
958426598990065664
958426680099508225
958426848836444161
958426934190493697
958427025722806272
958427157428166656
958427197202673670
958427267067080705
958427419161059329
958427604712902656
958427655732432896
958427666822172672
958427671805026304
958427730873389061
958427915754070016
958427960591179776
958427975313174533
958427983651405830
958428067273330693
958428138815574016
958428182553735168
958428314674388992
958428384350097408
958428685593440257
958428719680540673
958428748793204741
958428780304924672
958428840824639488
958428849024438273
958428964187525127
958429027815043073
958429051219271680
958429235852529664
958429345470611456
958429419449864192
958429549372542976
958429602174717954
958429621330071553
958429685536391169
958429715106357253
958429734198824961
958429782164647936
958429868215230468
958429885118246913
958429993918398466
958430159358648320
958430197266767872
958430241063612417
958430287817592832
958430331559870470
958430460262174720
958430620857794560
958430637773422602
958430839024517120
958430855348842496
958431002451501057
958431032642072577
958431060228034561
958431177915944960
958431503884718081
958431630699454464
958431650198835201
958432015124135936
958432035357458433
958432084359565312
958432179763273728
958432179855425537
958432243218878464
958432250277875712
958432333580955648
958432429085163521
958432713412894725
958433072730595328
958433400100212737
958433522120871940
958433538965213185
958433691423903745
958433751532437504
958433797548204034
958434019292712960
958434038171291649
958434185097588736
958434235249057792
958434413444026368
958434700074332165
958434700950999040
958434734727749632
958434742076166145
958434744852795393
958434867930378243
958434902386585601
958435062898405376
958435626914910208
958435924324515840
958435983422259200
958435996072374272
958436038409687041
958436171406823425
958436226268368897
958436241778860033
958436766809296896
958436841404948480
958436874212823040
958436969171898368
958437003275751425
958437090676629505
958437124801429504
958437204400930817
958437264668921858
958437275398000640
958437470726651904
958437607603568640
958437626834571265
958437642189922305
958437650314166272
958438224539533312
958438312762597379
958438404433342465
958438408153698306
958438591448928256
958438630682480641
958438666174525440
958438741479129088
958438785267707904
958438825872842752
958438868277235712
958439045041967105
958439140214927360
958439161912004608
958439234276294656
958439293126676485
958439442104057857
958439549495054336
958439802885591040
958439848981000193
958439925564760064
958439955113660418
958440020683128837
958440132104814593
958440153378377729
958440159820828676
958440269531176960
958440466109870080
958440479225450496
958440519268536325
958440574956326915
958440684729589761
958440706653216768
958440910404104192
958440921414193152
958441037252440064
958441239069720576
958441477729906688
958441523988836352
958441602850197504
958441770752401409
958442013627527168
958442220729917440
958442238278885377
958442658325848065
958442897556123648
958443169242259456
958443204365479936
958443341477228544
958443358988488705
958443418463735808
958443524143411201
958443532880154626
958443761272573954
958443774392307713
958444006903549952
958444102231777280
958444144153604096
958444319878406145
958444520391233536
958444609092304896
958444657666609152
958444699345440768
958444707008405512
958444708329590786
958444805113221121
958444841356193793
958444870095556608
958444995312259077
958445124954001409
958445159431188482
958445229312487424
958445377929302016
958445475081924608
958445490252713986
958445603071160320
958445611673677824
958445661447475200
958445748563120128
958445852456087557
958446205859782657
958446221173100544
958446304853680128
958446642251948032
958446651575762945
958446692952674306
958446967293710336
958447315039281157
958447315152449536
958447805026185219
958447806796230656
958447872919425026
958447969417736193
958448004897411072
958448021053767680
958448121020809216
958448189123809280
958448265783054338
958448289560457216
958448461526990848
958448507861389312
958448532494667776
958448687037820928
958448778515755008
958448798610714625
958448977992613889
958449044510138369
958449133672648705
958449373402271744
958449521901613057
958449570614333442
958449687907926016
958449810218110978
958449842946281473
958449900148215808
958449907442044929
958450112279252992
958450238599127040
958450254327762950
958450437031636992
958450558024773634
958450698768863232
958450831426228224
958450883993489409
958451014058807302
958451140793905152
958451212772429824
958451458663383042
958451493635612672
958451607372484608
958451650527682560
958451653040099328
958451688175742978
958451788860084224
958451789031989249
958451795264770048
958451807340154886
958451864185516033
958452167219798016
958452323747024896
958452363056046085
958452407838617601
958452447676190723
958452550826684417
958452588713840647
958452595961597956
958452689960136704
958452694213124097
958452744817438720
958452761967972352
958452933305257985
958452978100424704
958452985490788352
958452996723134464
958453022610337793
958453049839800320
958453101211602944
958453338193965062
958453422113554443
958453551566655497
958453568817762309
958453569568563200
958453601621434368
958453709410840579
958453775202770950
958453867074740225
958453915867021312
958453937392242688
958454140669235200
958454412409737218
958454449764208641
958454794200461315
958454877214081024
958454898944823296
958455192751624193
958455343788511234
958455363157811200
958455426894450689
958455495265746944
958455553935757313
958455571589550081
958455631270371328
958455652082442245
958455700446957568
958455765760606210
958455990696992770
958455997764460544
958456110951944194
958456211665510400
958456358680088576
958456370201808901
958456496894988288
958456850751639552
958457029504323584
958457028246212608
958457034223046657
958457166914113536
958457234069090304
958457312758427651
958457496460554241
958457652820013056
958457838392799232
958457899273072640
958458069272363011
958458108698820608
958458114491240448
958458189418295297
958458386282176512
958458495921283072
958458559238426629
958458692822818818
958458757201256449
958458953675010048
958459023967350784
958459091483086848
958459262564470785
958459335931285504
958459350082904064
958459363739553793
958459383972814848
958459443410325505
958459459533201408
958459485344944130
958459633806528515
958459663514849281
958459821564547074
958459914908831745
958459922609590273
958460145205481472
958460189103050753
958460290454163456
958460330283122688
958460375837675522
958460589126377472
958461104572780548
958461404197146624
958461482974490624
958461743658930182
958461827096162304
958461932935241728
958462104310370304
958462104943710208
958462257373110273
958462393960497152
958462727286132742
958463117578719232
958463220527894534
958463402170515456
958463633725542402
958463657586974722
958463726574817280
958463757101002752
958464182109786112
958464586646278149
958464701880590337
958464925462155264
958465031959732225
958465229293260806
958465323384045568
958465514921177100
958465604448645120
958465607527223297
958465640364498945
958465646169415680
958465735575171073
958465903695364096
958465957114138624
958466121220403200
958466561941090305
958466585420881920
958466691142488064
958466806909423618
958466854510612480
958466899410604033
958466955735961600
958466954003611650
958467029702447106
958467098447138821
958467119036936193
958467228856389632
958467361459359748
958467777341378562
958467908396552197
958468112747253760
958468438288228352
958468547352592385
958468567908933632
958468666214973450
958468805537222657
958468893886111745
958468939733979138
958468965067567108
958469051478667265
958469207351545857
958469370598051840
958469379213135872
958469447739760642
958469613804773376
958469724853153793
958469774555697152
958469814691028993
958469881300742144
958469936946515968
958470026528481280
958470110141976576
958470135995600897
958470309753049088
958470319806844928
958470430045757442
958470776507813888
958470775824158720
958470816429207552
958470896905347072
958470951234080768
958471078980079616
958471147909238785
958471184680660992
958471444807241728
958471577556930561
958471726412763136
958472040599752705
958472110405488641
958472131834236929
958472172309286912
958472246653267970
958472256480514048
958472424298897409
958472441768108033
958472463305895937
958472488064823297
958472989145788418
958473124906971136
958473446152949761
958473530127060992
958473596053188608
958473644765675520
958473755122118657
958473816761667585
958473933841420290
958473951423991809
958474000866381824
958474042541072386
958474131124695040
958474212586545153
958474375879188480
958474382774587392
958474388973682688
958474752586403840
958474776925925376
958474778133909505
958474822589341696
958474950326784002
958475129490690048
958475199220940800
958475322411945995
958475648246472705
958475669020737536
958475750528770049
958475858607575040
958475863942664192
958475899372015616
958475979026059264
958476190993539072
958476427963322368
958476430798712833
958476514475028481
958476618925793280
958476994215374849
958477176063475712
958477203595059200
958477222595186688
958477389729816577
958477407715057665
958477416950837250
958477489029959685
958477586631397376
958477836075110401
958477913090818054
958478067843915776
958478090065399808
958478389308018689
958478502260609024
958478529292840961
958478534984568833
958478568710901760
958478875545227264
958478944856141826
958479098497720321
958479861928153088
958479928214937608
958479981348315136
958480039888211969
958480180179238912
958480264199573504
958480375092834304
958480458358108161
958480483809218560
958480572501946369
958480607457239042
958480696653352960
958480906985107456
958480925234475008
958481056696586240
958481155740794880
958481575208996866
958481630938779649
958481848967008262
958481920215670789
958481999978745856
958482082984054785
958482345740455936
958482548769861633
958482764667465729
958482857915244544
958482905193381889
958482998239879169
958483297134436354
958483443658252288
958483654606499840
958483761049546752
958483768658063361
958483875998720001
958483887457480704
958484069687480321
958484522970046464
958484560093810688
958484679342153729
958484943998513152
958485017046462465
958485033668501504
958485316767223808
958485549089779712
958485574268149761
958485674814005248
958485700369960960
958485724306829312
958485826383556608
958486054612426752
958486088879919104
958486185470554112
958486316697649157
958486384704147456
958486565684240385
958486693367238656
958486776544419845
958487163263508480
958487182834130944
958487275108814850
958487687954141185
958487789254926337
958487850000973827
958487999163006976
958488036072984577
958488524621271041
958488718045794304
958488740393086976
958488788334010368
958488974531719169
958489183923900417
958489316702998530
958489346423902208
958489640025116672
958489728998891521
958489844812058624
958489970150465538
