969725041750528000
969725204812435456
969725379278761985
969725780065443843
969725962165407744
969726114745679874
969726506359549952
969726632784220161
969726875009503232
969726891740540928
969727032648196099
969727437775998981
969728040589815808
969728093949657089
969728577930481664
969729065551892481
969729277443936256
969730129885843456
969730619889635329
969730762412101632
969730939311067137
969731526631022592
969731644268666884
969732460492804097
969732462338281473
969733270651928576
969733401329750016
969733471957585920
969733760135593984
969733781300154368
969733956697579521
969734295634944000
969734438488768512
969734470860529670
969734499146915841
969734538011267073
969734911283417089
969736129049255936
969736497699180548
969736593924911104
969737367186821120
969738365473116160
969738937924284417
969739465903263744
969739511310766082
969739945853227008
969740744423563265
969741243847671808
969741507518443521
969742614344994816
969742886341365760
969743340001529856
969744522811985927
969745091358322688
969745932228186112
969746237036613632
969746604206018560
969746741401710597
969746785131429889
969746876835749889
969747389992095744
969748681489608704
969749187503026178
969749387437051905
969749486435209216
969749661203533825
969750004905758721
969750173655199744
969750349744615429
969750439108411394
969750874980483072
969751147572617219
969751232293277696
969751398215766016
969751557796450304
969752313618423808
969752314021122048
969753481698578432
969754435785195521
969755465109377026
969756564725948416
969759081358602241
969761362149822469
969761913252040704
969762090167697408
969762212389810176
969764066376978433
969768042736517120
969768251549941761
969769070756352002
969769094416302080
969769142785110016
969769215044485120
969769360075128833
969769550706364417
969769715882217472
969770188576116736
969770496324702209
969770842908512257
969771011771125760
969771243066003456
969771459064184832
969771501984669696
969771520980496385
969773750882271232
969774010492968960
969774339288641536
969776285261205504
969780388838170624
969780767588077568
969780857127997441
969780937558036482
969781492120539136
969781529038778368
969781823323693056
969783341997228032
969784014956584960
969784580193517574
969785158839783424
969785635962793984
969787419276005378
969791340975460352
969800157930967040
969801234596225024
969804439266742272
969806140283543552
969806892561297408
969807298653810688
969807302495821825
969807396326567936
969809344903745537
969810129997717504
969810152516980736
969810185542930434
969811609563684865
969813161519075328
969815491723300864
969815971123945472
969816085343195136
969816180868427776
969816594443636737
969816736445943808
969817756395823104
969818114203553792
969818211091976193
969818344034652160
969818521474600960
969818560397705216
969818646364246016
969819191380467712
969819219071258625
969819355864354816
969819901560020993
969820530730823680
969820687014690816
969821089592500224
969821359302938624
969821683422031872
969822076323364865
969822295106695169
969822589123289092
969822867763363840
969822874663079941
969823153039073280
969823292629581825
969823773858910211
969824464174186497
969824751471513601
969824851610472449
969824877912961024
969825313965400065
969825424141414400
969825945573122048
969826218366382081
969826828453064704
969827044745007104
969827268821385216
969827310156251136
969827356113334272
969827748532367360
969827908742197248
969827939629092864
969827984570920962
969827994918375426
969828150472511490
969828314247507968
969828321696604161
969828427711897600
969828437463617536
969828610285670401
969828899571097600
969828933448491010
969828945309978625
969829068735700992
969829108837429249
969829392301076480
969829610350399488
969829762574069760
969829793595379713
969829861702455296
969829944447717376
969829949153644544
969830023573188610
969830042988507136
969830099494359040
969830120520339456
969830507755159552
969830558846111744
969830581864488961
969830628769320966
969830874807197696
969831048547840000
969831151094370304
969831207914614784
969831227770523648
969831301229498368
969831502581325824
969831504972058624
969832038021738496
969832181244850177
969832233635860480
969832272106086400
969832385482240000
969832569557700608
969832818707697665
969832871362998272
969833443692511232
969833729886650368
969833732956983296
969833791551352832
969834081453314048
969834452036747264
969834706421284864
969834978145112064
969835189529665536
969835756100489216
969836197932683265
969836231457681408
969836497527386112
969837002307850241
969837483583266817
969837604450504705
969838003337224192
969838015177723904
969838905360093184
969839101405990912
969839452641222656
969839524925894657
969839530915368961
969839808146280448
969839960739151873
969839975054348288
969839979743637504
969840106726096896
969840125227208704
969840339535118336
969840572671365120
969840941665341441
969841018634895360
969841111211610112
969841137224646656
969841179746557953
969841251355897856
969841307026849793
969841373921898497
969841593137221633
969841770812108802
969842127025983488
969842232944660480
969842468173774848
969842589259223040
969842720893173760
969842824635133953
969843306317393920
969843380317548544
969843410671734785
969843447728361478
969843618902102017
969843833528778753
969843867867668481
969844132075261953
969844152639934464
969844155710140416
969844289378357248
969844346458648578
969844385767673861
969844407368343552
969844509487005697
969844594916708352
969844635840536577
969844869693890560
969844963377688576
969844966590701573
969844970000658432
969844979442094081
969845026590285824
969845051588333568
969845103350120449
969845169284632576
969845169116844032
969845180991000576
969845179699093504
969845248548573185
969845315745599488
969845369071955969
969845523674025985
969845741261901824
969845779950178304
969846050541527040
969846096213114880
969846333937987584
969846775422078976
969846786985811969
969846791893078016
969847044423782400
969847213991124992
969847232114511872
969847514441674752
969847727281590273
969847864938717184
969847907930304513
969848063518040065
969848299405611009
969848302584901632
969848345131913216
969848406733672448
969848580117843968
969848592067330048
969848592855744512
969848736846368768
969848781524078592
969848831570579456
969848848310046720
969848874574778369
969848979939823616
969849038920183808
969849109032169472
969849191332802561
969849244323667968
969849439564324864
969849480207126529
969849500671053827
969849947079299072
969850078872637440
969850384125693953
969850501662695424
969850608068055040
969850739618172933
969850765270544384
969850878613245952
969851009681018881
969851174441676800
969851180930207744
969851308491538432
969851642807046144
969851756250353664
969851777670696960
969851805806022658
969851895601860608
969852287995731968
969852393516163073
969852438277775365
969852672164610048
969852690988748800
969852764699480064
969853078441775104
969853358621315072
969853364333838337
969853654160367616
969853687794405377
969853749333299200
969853838638411776
969853931479339008
969854126350848000
969854143740424197
969854321398616070
969854390520762368
969854601670397952
969854826342436865
969855093628653568
969855187346182144
969855363293106176
969855458528911360
969855652469252097
969855809428615168
969855826797178880
969855860079022080
969856259540373504
969856345527783424
969856503896256512
969856512356175873
969856645009420290
969856683198513154
969856696217677825
969857106856865794
969857248393596929
969857684190134273
969858263931080709
969858312304058368
969858406432550912
969858522518343680
969858595969028096
969858671793582080
969858891516399616
969859722802278400
969859858391617536
969860008166023169
969860058619305985
969860135123374080
969860186008637440
969860343550889984
969860567027482624
969860769138475008
969860773613834240
969861023816667136
969861262170615808
969861349357604865
969861378470268928
969861655030124544
969862039324774402
969862286075682816
969862324411682817
969862333295136769
969862351251009536
969862431890726913
969862443940958208
969862478933917696
969862570587951104
969862582101307392
969862585968336896
969862637558403072
969862770421321728
969862941699985408
969862980019130368
969863055818592256
969863090929131523
969863316733595649
969863395326550016
969863686042062848
969863691834404865
969863799812644864
969863905840418816
969863954599239688
969863957853818880
969863996764573697
969864248737267712
969864320980013056
969864446549151745
969864473631653889
969864532217692160
969864547082256384
969864555764609024
969864618884632577
969864819091345408
969864819548540928
969864902134435840
969864928491225088
969864970224701441
969864998175592448
969865143080321024
969865151829520384
969865165553524736
969865173044531200
969865451680477185
969865515001876480
969865525852561408
969865782145568768
969865810452754435
969865904132710400
969866013385904133
969866082768080896
969866115047477248
969866164418547712
969866190406418433
969866254856093696
969866290432299008
969866329749688320
969866452307206144
969866603960721408
969866627385843712
969866729235992577
969866997252218881
969867352094527489
969867401096499201
969867585637486592
969867738486398976
969867778067976192
969868018493935616
969868413450575872
969868620246474752
969868901327753217
969868951546220545
969869059968913408
969869121948147717
969869161127137280
969869491432755200
969869624476164096
969869697528336384
969869916307410944
969869968560050176
969870155500195840
969870207480033280
969870764206886912
969870805046874114
969870829734555648
969870845043728384
969870870519930880
969870908029591552
969870933497450496
969870976010813440
969871010349666304
969871015806423047
969871036685606914
969871038048817153
969871080247758848
969871367016534016
969871414936457221
969871444862697472
969871560826937346
969871608620908544
969871630439772160
969871664719826944
969871742289305600
969871752338735104
969871760329007105
969871811763720192
969871819518959616
969871871163453440
969871885986140160
969871974301360128
969872064818696192
969872143990378496
969872188659691520
969872239201005569
969872289910198272
969872315164119040
969872326115373061
969872474262462465
969872551370547200
969872656228110336
969872706329030656
969872730555342848
969872774952050688
969872813883523078
969872863527424000
969872865121234944
969872900344942592
969872978614812672
969873045396578304
969873197813456896
969873228490567681
969873287248478208
969873501900374016
969874365218197504
969874674309050368
969874919776452608
969875000613318656
969875112366354432
969875206134255616
969875349512380416
969875396765409280
969875399537766400
969875438171541504
969875546174902272
969875678337388544
969876494557368322
969876961546915840
969877100021862401
969877442126077952
969877494114476032
969877797882814464
969877822620782592
969877834318696449
969877942443696130
969878044935680001
969878081317036038
969878123411058689
969878230672044032
969878635296559104
969878734101721093
969878918797774848
969879003581599744
969879124130127872
969879285711372288
969879357295616001
969879477378605056
969879506377891840
969879569175142400
969879796246302721
969879806123872256
969879815527587842
969880108071866368
969880139080204288
969880347818250240
969880527598702592
969880691893678080
969880702102769664
969880773619838976
969881130425110529
969881186683228160
969881376429309952
969881598228336640
969881936121516032
969882044640714752
969882277634281472
969882282172534785
969882294898094080
969882332856487937
969882616143982592
969882914472243200
969882915684446208
969882928523169792
969882955853303808
969883015135531009
969883146899677184
969883193108295680
969883315573592070
969883384028811264
969883388244086784
969883418921140225
969883429079744513
969883518619848704
969883574068482048
969883699360694272
969883733628252160
969884104983531523
969884108724822017
969884118937997319
969884316712030209
969884486770085888
969884708602564608
969884747785801728
969884801342869504
969884827674730496
969885038782402561
969885254520537089
969885326075449345
969885340600360960
969885941178527745
969885959071391744
969885981175316480
969886191372898304
969886255554138112
969886285962924032
969886349338791938
969886562086477825
969886588883951616
969886848003792896
969886949057146880
969887418240454656
969887485982515201
969887558527307776
969887813662539776
969887909317959680
969888236133863425
969888270430687233
969888353452740608
969888516908994560
969888571309150208
969888584844173316
969888727794405378
969888738271727616
969888855762591746
969889193982922752
969889198311460864
969889245753208832
969889315890266113
969889359704059905
969889360685551616
969889384953729024
969889640953139200
969889704505217024
969890104549498885
969890157695467520
969890198363533312
969890349903765504
969890435429781504
969890634046812160
969890644192739328
969890667865493504
969890928554119168
969890981385592832
969890996145262592
969891046095249409
969891066945179648
969891295505408003
969891307995922432
969891332348170241
969891563496230912
969891599844020224
969891793155317760
969891952371159040
969891964639436800
969892078888083456
969892098433527809
969892315887226880
969892342118350848
969892464550187008
969892816632590336
969892887164047360
969892970223882245
969892997339992065
969893197353766912
969893201321611266
969893218698526720
969893565299077121
969893617702785030
969893619837689858
969893774959759360
969893884452048897
969894178665717761
969894294873092096
969894394156474368
969894441950597120
969894500389834753
969894540508385285
969894583281823744
969894611220074496
969894738882187264
969894752723394560
969894955115253760
969894960819507202
969894988690722816
969894999755194368
969895022337421314
969895422520168448
969895619128123393
969895710362603520
969895742365224960
969895809683804165
969895897164234754
969895899949404160
969896076265312256
969896152362639361
969896347792019457
969896454973263872
969896473340055552
969896563291181057
969896599387328512
969896611596984320
969896657839009792
969896663279132674
969896701673787392
969896705909956608
969896733223407616
969896811652632576
969896811610689536
969896847753048064
969896858834358273
969897173646266368
969897409210757120
969897424792772608
969897691164676104
969897692313915393
969897747427069953
969897832860864513
969897845758283776
969897922514079745
969898002914725888
969898050327142400
969898064713605121
969898130610192384
969898139539968001
969898164785332224
969898189573763073
969898209899315200
969898249124397056
969898303520419840
969898364367261696
969898366065881088
969898369190686720
969898449775800320
969898475914702848
969898652851494913
969899038316335104
969899454269739010
969899819169968128
969900108434366464
969900473338814464
969900812909666304
969901110185152512
969901178111905792
969901205672660993
969901297167159299
969901320407789568
969901505632403456
969901623073001473
969901631172153345
969901835661258752
969902022244945920
969902128159444993
969902138586533888
969902252180860928
969902292890775552
969902303359664128
969902396615819264
969902466220412928
969902610735091712
969902661939138562
969902789395656704
969902890713264128
969902967838126086
969903131210539013
969903219852836865
969903565358665730
969903784574013441
969903796775276544
969903820951220224
969903849791254530
969903985053356032
969904020830806016
969904228150972416
969904239966347264
969904367598960640
969904404512964608
969904450646265856
969904646197260288
969904837180653568
969904901047365633
969905267373760513
969905308079403009
969905387242688514
969905446747336704
969905514481102848
969905596873957379
969905645142069248
969905673579450368
969905756064632836
969905949149401089
969906003083919360
969906156050280448
969906265752252416
969906426930921472
969906653230493696
969906695630675970
969906890531659781
969906932818563072
969906967882948610
969907055631978496
969907421425659904
969907591278202880
969907703551287296
969908122344148992
969908172008951808
969908365311791105
969908397259853824
969908569842864129
969908595960803330
969908689950969856
969908887049703426
969908936336990214
969909132709986304
969909135327268865
969909350927040512
969909358854311936
969909405021073408
969909425971585025
969909474042568704
969909545488220160
969909639553961984
969909841681682432
969909849516642304
969910113602539520
969910164689211392
969910255370031104
969910268489846784
969910281253130242
969910351885107200
969910372554760192
969910555145359360
969910631628464130
969910641329876992
969910916685934592
969911006284713984
969911016564969472
969911031907667968
969911075952119808
969911166897139712
969911300599017472
969911345796829184
969911399748194305
969911586717683714
969911604803506176
969911716611088384
969911768557457408
969912082270441473
969912172959629312
969912409438801925
969912445635612673
969912629195046914
969912696194904064
969912818601480194
969912845759664128
969912884854538241
969912891867631617
969912940798324736
969913046876516358
969913059652272128
969913083622842368
969913125033201664
969913132725436416
969913187058573312
969913270961393667
969913337252229120
969913465329668096
969913608179154944
969913963143102464
969914051009630208
969914102515752960
969914112921800704
969914150628483072
969914281612455937
969914346989146115
969914413263261697
969914418367729665
969914501448503296
969914729077473281
969914809067057152
969915165281005568
969915289080160256
969915320642056192
969915425298448384
969915632434253831
969915849288151040
969915881861107712
969916029181857792
969916058973896705
969916309969489924
969916344559980544
969916494946754561
969916551150407680
969916665692606466
969916739822727169
969916825273274368
969917013668843520
969917063841173504
969917256590389251
969917458890088453
969917484496236546
969917618374283264
969917878555303940
969917987082919936
969918058625097728
969918065520578562
969918285335748608
969918374691135488
969918382706479104
969918539053314048
969919004449091584
969919086208651272
969919164684095488
969919259408322560
969919630855811073
969919802327425027
969919920409661440
969919951174856704
969920163469561856
969920327814918144
969920381913063424
969920462070452224
969920736293826567
969920883052679169
969920923120914434
969920976577355776
969921269561950209
969921292249063425
969921355125809152
969921951111303171
969921996724334592
969922108250836994
969922225854873600
969922241055076353
969922452733222913
969922529480663040
969922641405542400
969922652486950912
969922710129266688
969922965574995968
969923163940425728
969923424515772416
969923522393985024
969923749775597568
969923885209661440
969924074209185792
969924083403182083
969924100553572352
969924166152523776
969924252836220933
969924338353868803
969924500866334722
969924638078853122
969924830031220736
969924849719275520
969924979340070912
969925033794646016
969925313898610688
969925393418539010
969925459462025217
969925700710002693
969925723313115136
969925735581474816
969926022920536069
969926179112259589
969926184392888320
969926514786684928
969926609049473024
969926708332724224
969926802285228032
969927151234502658
969927322366341122
969927538033283073
969927743566643200
969928009099685889
969928065836048385
969928101365891079
969928116918456320
969928331989831680
969928363841343488
969928442648113152
969928464039120896
969928655425212416
969928976377491463
969929082568826882
969929279394938881
969929389587730433
969929436194852864
969929776399093761
969929806002446336
969929864059944961
969929987343175680
969930148450578433
969930150275141632
969930492999974913
969930604392452096
969930710634106881
969930862966980609
969931014301724672
969931057360506880
969931129519333376
969931315373068288
969931350890438656
969931737701732352
969931796723982336
969931873857269761
969931925828890624
969932027469484032
969932042891878401
969932211498733568
969932332693147649
969932379673460741
969932422174380032
969932709995958272
969932711128391680
969933096345890816
969933228185448448
969933429130383362
969933598546644997
969933660404281344
969933925639507968
969933948880150528
969933962717093889
969934064693272576
969934134427648000
969934675987791872
969935031509684224
969935063235334144
969935082541772800
969935142310633473
969935405880627200
969935501015724032
969935522260021248
969935890406629376
969936025601691648
969936187925417985
969936285463928832
969936381421211648
969936394599763968
969936463512162304
969936517572505600
969936607385145345
969936622925033472
969936697726300160
969936725194756098
969936954522525702
969936973539545088
969937204209508352
969937204955971585
969937257531674624
969937312556748801
969937341111525376
969937502428712960
969937556396822528
969937556904214528
969937623736254469
969937722105352193
969937839218745344
969937845640101888
969937950426279936
969938105955336192
969938178072293376
969938228957601792
969938257814450176
969938408834502658
969938481576333312
969938597792100354
969938617832484869
969938635415048192
969938668382248961
969938685218185216
969938706038747142
969938788083535872
969938809986183168
969938911375118336
969938963510083585
969939027775324161
969939044737126403
969939088764698624
969939146864291840
969939210177146880
969939264870940676
969939325952589827
969939360622759936
969939406105776129
969939457188270081
969939564545626112
969939608585809921
969939767881330688
969940117673730048
969940149537771520
969940193166884864
969940385035366402
969940446364471297
969940492870811648
969940667307872258
969940804742668289
969940927572783104
969940994069327872
969941118895796226
969941273456111616
969941481741082630
969941504784568321
969941610623578115
969941667074727936
969941670832697344
969941693029142528
969941857324228608
969941924126830594
969941958125907969
969942136723566592
969942143769960449
969942198337851395
969942354420555776
969942381452779521
969942431947993089
969942530291851264
969942614115053569
969942746176761856
969942827533787136
969942862518456320
969942875592167424
969942928356446213
969942953438384128
969943070505684992
969943289481842688
969943335778516993
969943367365873666
969943511121440768
969943538149543937
969943690000166912
969943850377777156
969943999044780033
969944029545803777
969944212094570496
969944269690753024
969944387408027650
969944566450270208
969944679914582016
969944924933238786
969945058563813377
969945248859410432
969945301372014592
969945361891643392
969945378639564803
969945522546110464
969945541558853632
969945568343597057
969945600342089728
969945876297932801
969945906140401664
969946186688991233
969946566143377408
969946586091487232
969946820532203520
969946927956746241
969946948210962432
969947152070815744
969947155069890560
969947162888097793
969947244068667392
969947287886680064
969947379683266560
969947587343138816
969947624181780481
969947711146549248
969947780113313792
969947920031105024
969948067620376576
969948131793268736
969948254715744256
969948303159906307
969948338463346689
969948445086834688
969948457032142850
969948495720435712
969948675223977984
969948853247062016
969948900290375680
969948909740183552
969949086655840256
969949134982733824
969949144654778369
969949193661042688
969949329053179904
969949351488475136
969949362561404930
969949595571810306
969949727998476289
969949975810539521
969950123588509696
969950219029962753
969950478791569409
969950659163205632
969950771214249984
969950849194708993
969950857239453697
969950868803121152
969950910691487745
969950917230563329
969950957281914881
969951012172763137
969951015352094721
969951357456257024
969951397557944322
969951476419309568
969951638202077184
969951672775729153
969951764777758720
969951870230974466
969951907015004163
969952012866605056
969952064200761344
969952222816690176
969952219859750912
969952233575141376
969952447899762691
969952541214638081
969952671489822721
969952887429197825
969952912993587200
969952944291549186
969953252950315008
969953363185078272
969953455682084864
969953562791989248
969953703305281536
969953720724279297
969953837783179267
969953889930960901
969953970750881792
969954007069405184
969954074899738625
969954098501115904
969954150258704385
969954224309194753
969954292646989825
969954363123920896
969954404945231872
969954410305597443
969954449312681984
969954472159076352
969954574080626688
969954663930974208
969954738769981440
969954792599687168
969954851017904128
969954855744884741
969954917405396999
969954926217621504
969954999336931328
969955060644970497
969955059634266112
969955100025348100
969955130895454212
969955148373069824
969955206468382720
969955245173374976
969955300563447810
969955348936364033
969955418947678208
969955471452004354
969955508563202049
969955524803530753
969955550145413122
969955591966920704
969955693536202752
969955751467905025
969955752529063936
969955806853718016
969956049749991425
969956270886326273
969956335273037825
969956533307084801
969956598008475653
969956877730762752
969957319130968064
969957436437225472
969957465243750401
969957973274562560
969958057508818944
969958320995004416
969958358223646721
969958381938204672
969958406990778370
969958437957394433
969958443770630144
969958477828382720
969958681679888386
969958702211125248
969958740555452416
969958943043805184
969959167388782595
969959170911981568
969959175353700352
969959246396841989
969959362709123072
969959658109710337
969959782500241409
969959838645137408
969960025174265857
969960289558040576
969960417798901761
969960435318476800
969960564981190658
969960606085283841
969960665740853248
969960709206441984
969960720438874112
969960772251144192
969960900550643712
969960949544341504
969961034609057793
969961042959831041
969961450981781504
969961512323469313
969961578538962944
969961703122366466
969961950217195524
969962051610333191
969962180027342848
969962495283785729
969962544604614661
969962620026580992
969962624401248256
969962684492976129
969962894808010753
969962907982336002
969962953427554304
969963205874343937
969963210450391040
969963279497023488
969963291312353280
969963324359233536
969963519838998528
969963545847848960
969963706502270976
969963748336324608
969963769542660098
969963838085853186
969963933007335425
969964085222678528
969964142261129217
969964203187605504
969964281662984193
969964302537904128
969964472029851650
969964483010469889
969964511544295424
969964517881995264
969964803153453057
969964843997519872
969964955465371648
969965032527233024
969965137376538624
969965176412831746
969965194221932545
969965220138508289
969965296491606016
969965945652473856
969966215597842432
969966349362585600
969966477636972544
969966568871485441
969967013396393984
969967098788220928
969967120372158464
969967223279439872
969967337234419713
969967474664931329
969967513651023874
969967599772717061
969967889045508097
969967903423557632
969967961632059395
969968107174420480
969968165664018432
969968471617474562
969968530924990464
969968558439583744
969968698428678144
969968709887504384
969968819140726785
969968911977467906
969968924723834880
969968967845662720
969969100507308033
969969127103303682
969969361451667457
969969424378802178
969969431383244801
969969583141638144
969969695544741889
969969706793873409
969969857025454081
969969970858876934
969970024059473920
969970053343887362
969970053700603904
969970173309530112
969970259418591233
969970269241700352
969970369166790657
969970487773278208
969970494991753216
969970714924208128
969970965584269315
969971369952923653
969971444259188737
969971652263141377
969971684764725249
969971848543985666
969972008095272960
969972009173209088
969972031931461637
969972062386343936
969972382806003715
969972389525295104
969972598380617728
969972682627452929
969972824063561728
969972893118533632
969973153081552896
969973212946817025
969973222795042819
969973290348539904
969973461044129792
969973543705481216
969973546339495936
969973577490448384
969973753638719488
969973804339548162
969973840507006976
969973866528493568
969973923654914049
969974078172999680
969974110100033537
969974121655422976
969974136524234752
969974173425692672
969974285531013120
969974402086588416
969974685063630848
969974800251748354
969974801099034624
969974820686434304
969974914152390657
969975039083900929
969975144818061319
969975160936771585
969975199100817408
969975304658804737
969975412288876545
969975557063618560
969975573501169665
969975609337278464
969975755957522432
969975956822732801
969976031439409152
969976101731753984
969976259437584384
969976355034222594
969976355654983680
969976425708183557
969976634681036800
969976871239716865
969976876256169984
969977122939981826
969977167965818881
969977339726696450
969977419498127365
969977426624344065
969977476393914368
969977484967063554
969977487550746624
969977494714675200
969977535718133760
969977562200989707
969977696758517760
969977742354763776
969977891286077441
969978008432988163
969978056285794306
969978159679639553
969978283923296257
969978308724215809
969978421701955590
969978476576075776
969978496062803970
969978652128628736
969978685653594112
969978827593175042
969979019331620864
969979134775627781
969979180904538112
969979192183001088
969979223220932608
969979278308904967
969979374249435136
969979399935287296
969979453836275717
969979609533112320
969979621734256641
969979651547369474
969979700645974016
969979860444688385
969979922876911616
969980277215854592
969980304931901440
969980393809154048
969980477305171969
969980613729177601
969980628128157696
969980660814315524
969980685053321218
969980762857582594
969980787893338112
969980789768310785
969980857019707393
969980864330387457
969981079959605248
969981176768356352
969981296985497605
969981597956046848
969981646568083456
969981770828566529
969981917247561728
969981922234523649
969981926844043264
969982047937802240
969982196932071424
969982527225126912
969982608053555200
969982927579832320
969982966930771968
969983011931541504
969983133100728320
969983559455920128
969983750556848129
969983788385267712
969983862225981440
969984324320808960
969984436107440129
969984476670582784
969984675837104133
969984785098727424
969984798147178496
969984903961071621
969984948332650496
969984957283258369
969984961762807813
969985118701019141
969985465305784322
969985950335078400
969986099635544064
969986170435317760
969986609469968384
969986983220207619
969987185977020416
969987234941284360
969987248501526529
969987373584044038
969987441649074177
969987572582797312
969987669760634883
969987704531365888
969987724274032644
969987848681246720
969987911885127680
969988454808420352
969988497254871040
969988776452902914
969988800024862721
969988914546184192
969989599090171905
969989611777904640
969989754556223488
969989843529977859
969989877197692928
969989938824478721
969989941303406592
969990008932392960
969990057015828482
969990100137463808
969990337270894592
969990345009319937
969990419181432832
969990502350311426
969990508536827905
969990680197128193
969990687352598530
969990705174274049
969990862120935424
969990872208150529
969990877157392384
969990906257526785
969991217584001024
969991371972063232
969991375348486144
969991528331476994
969991540415361024
969991597529157632
969991601140453376
969991691909390336
969991725988089859
969991984965406721
969991988761317377
969992207041261573
969992231984730119
969992337886674944
969992698169102339
969992716657610752
969992751709384705
969992781883232257
969992795393052672
969993228433928193
969993231722254338
969993278006484992
969993333815816197
969993348479102976
969993386756321287
969993438883131394
969993479253299200
969993653635739648
969993851581628416
969993953142599682
969993989918265344
969994160857108480
969994171925790721
969994297750839297
969994372795326466
969994514260774914
969994676588728321
969994808537346048
969994843022942209
969994953010089984
969994962988339200
969994976217223168
969995321974681600
969995364366536704
969995520960851968
969995562358657029
969995567295328256
969995621452140545
969995624295944193
969995766436651009
969996032972083201
969996123971649538
969996209879429120
969996213658505216
969996213843054594
969996237859708929
969996299721478144
969996436963299328
969996517485490176
969997446519644160
969997673649631233
969997693606137858
969997808689434624
969997894114840578
969997918521446400
969997972942606338
969997983390482432
969998090408284160
969998111941808135
969998189280579584
969998220561707008
969998305609560064
969998479782277121
969998595226292225
969998736209383425
969998842539184128
969998844485304320
969998970591350784
969999028443328512
969999077432848386
969999149755195392
969999152271777793
969999343217410053
969999408065544196
969999445801799680
969999612252737536
969999717835919360
969999782881189888
969999899478646784
969999942138912775
969999946907824129
969999951680942084
970000008975192065
970000226907017216
970000227758374913
970000301422981120
970000341109477376
970000381655777284
970000433858084865
970000462542983169
970000465600630785
970000465902604289
970000546575896576
970000553282560000
970000558919770112
970000674707648512
970000695196815360
970000738507284481
970000999476850695
970001149049950208
970001162597519361
970001197984776192
970001293166116864
970001332131319808
970001450259615744
970001457977184256
970001478298619904
970001546032316416
970001679721680901
970001840946470912
970001880331014144
970001926548058112
970001948639399936
970001991253577729
970002034253553665
970002181179846656
970002207629365248
970002366408855552
970002394569498625
970002440367075329
970002485111910400
970002587884949508
970002607698796544
970002815358787584
970002877451325442
970003070775103488
970003196474220546
970003236542435328
970003441727758336
970003579569393664
970003602587648000
970003611760627712
970003705482313728
970003822696456194
970003870511443968
970003898537861120
970004139123138562
970004182802534400
970004330546913280
970004522276933632
970004547962892288
970004723263791104
970004756625346560
970004757422268416
970004759678717952
970004849247977472
970004860291768327
970004886757740544
970004915706847232
970005027397033986
970005142614536192
970005258050179072
970005371178881027
970005837476499456
970005837698813956
970005878249263110
970006172584566785
970006300129222662
970006456459292672
970006493327183875
970006578597416961
970006750912008195
970006783241670659
970006802808045569
970006849616596992
970006892247437313
970006900279595008
970006932462428160
970007164654931968
970007172695420932
970007176596131845
970007218266542081
970007261400784896
970007275866853382
970007509942628352
970007529400029186
970007689156808704
970007806928670721
970007856899657728
970008002114842624
970008013456191488
970008126379446272
970008163255697408
970008202459873280
970008246584070145
970008307401404418
970008592739983362
970008627862999042
970008640840241152
970008687313145857
970008816124350466
970008818037018624
970008825276313600
970008916229750792
970009055191289859
970009084618575872
970009160422215680
970009310276222977
970009369516691464
970009663214407680
970009780080259072
970009831628312577
970009907473928193
970010018580975616
970010196603961345
970010521268350977
970010662335369218
970010774230978561
970010836130566144
970010849942425600
970010900949295106
970010926119378946
970011048223879168
970011076854255616
970011140242755584
970011200883970048
970011245989507073
970011305800359936
970011321134735362
970011333084286977
970011424276828160
970011509240860672
970011524847857664
970011725868257280
970011758655098880
970011845187731462
970011944559267842
970012003795337216
970012105519894529
970012149463572481
970012162092658688
970012180635676674
970012305550467073
970012317021765634
970012416242323456
970012481589522434
970012494428278785
970012499910320128
970012770870677504
970012830467612674
970012940559675392
970012972419637250
970013053659090945
970013156927033345
970013187880964097
970013216465211392
970013284458954752
970013662764326912
970013937264623622
970014044605337600
970014047176413184
970014079619387392
970014366555877377
970014716113416193
970015029209780224
970015047576629250
970015059387867136
970015689753989130
970015820368764928
970016238721290240
970016245243408385
970016279649247232
970016293276577792
970016367620640768
970016508503056384
970016519513169920
970016649268088832
970016661641277440
970016804599984130
970016892529397761
970016907603730432
970017185958686721
970017203448958976
970017241675845632
970017301532696577
970017346826973184
970017414523113474
970017427231838209
970017467887243264
970017523654684673
970017557548847105
970017666168709120
970017840236556289
970017887221149698
970017913351614464
970018036030812161
970018276414836736
970018302801137664
970018488181055488
970018507323858945
970018685527216128
970018737758842881
970018857594376192
970019167142383616
970019208796008452
970019244707631104
970019455253274624
970019546416537601
970019583301124096
970019694878035969
970019754944671745
970019902970003456
970020159590227969
970020228070543361
970020234290761729
970020274379816961
970020512721244161
970020603372634113
970020838085939200
970021090536968194
970021135151714305
970021194606043136
970021230987407360
970021278844424192
970021348163620864
970021352664129536
970021443219148801
970021485845864448
970021524626386944
970021553739059201
970021604758577152
970021605555474433
970021654754709507
970021844114968576
970021922921746432
970022077980991490
970022179487305734
970022257694248960
970022287738056706
970022633336131584
970022707109748737
970022762168377344
970022865159491585
970022878610624512
970023113156067328
970023128469508096
970023180298571776
970023224351354880
970023422481838081
970023596394532865
970023915375464451
970024018773446657
970024304342700032
970024393337397249
970024516012445696
970024575860953088
970024680974438401
970024703724343298
970025003709280259
970025169895993344
970025369473601536
970025436649607168
970025536776015872
970025568757583879
970025633131782149
970025859045306368
970025900556374017
970026024086986752
970026188730261504
970026235739983873
970026343709757440
970026348323459072
970026350470983681
970026367646666753
970026597070893057
970026673424031745
970026863342096384
970027248181968897
970027514138685441
970027544463454211
970027599475986432
970027649161682944
970027850307948545
970027891760254981
970027931866206209
970028042163761152
970028313732374529
970028398763495427
970028434079567873
970028446444347393
970028464333033472
970028719401308160
970028799676047360
970028814452609029
970029046393442304
970029149095170049
970029158779768835
970029290321596417
970029327847972864
970029410115117062
970029456587968512
970029476611547138
970029617934462978
970030121796227077
970030194059771904
970030200535834625
970030291904614401
970030365086769152
970030410485911553
970030667974303744
970031051308437505
970031212831166464
970031240127700994
970031568638173184
970031641849749507
970032052631371776
970032077990219779
970032354940080129
970032440575184896
970032511886688256
970032585211568128
970032855584788480
970032972903534592
970033010975428609
970033227732746241
970033261861892098
970033396855558145
970033665597198336
970033818789908480
970033872288337920
970034115734048769
970034146746818561
970034231899492352
970034342675312640
970034347746250752
970034356185174017
970034630891069440
970034730245570560
970034852056764418
970035145414725639
970035174720360450
970035307532910592
970035308522819584
970036072318193665
970036078500597761
970036079159074816
970036247120015360
970036784041283585
970036856439132162
970037067186163712
970037079181799425
970037133091188736
970037330441637889
970037353229291525
970037407327416320
970037591142752256
970037688307978241
970037721065508865
970037826506117121
970037885662572546
970037893665243136
970037900040704004
970037927702093824
970037960006684672
970037971792662528
970037987009531904
970038024229842945
970038036284280833
970038105326616576
970038189053399041
970038390711308288
970038458499641349
970038511855390720
970038541337186304
970038662816813061
970038685226950657
970038925422137344
970038937338241024
970039115789099010
970039152979906562
970039175574585345
970039342734430208
970039432828121088
970039432891064320
970039447881437184
970039530731507714
970039546548244480
970039624218365952
970039759543459845
970039924845096960
970040048736460800
970040229997547520
970040291242774531
970040396930830336
970040498281951233
970040528111833089
970040722966630402
970040764691550208
970040859596152834
970040913438355458
970041059052019713
970041078983340033
970041197803790336
970041197568970752
970041620044353536
970041628084916230
970041695336361987
970041776731049986
970041782405861376
970041958377885696
970042210094911489
970042387337830401
970042432321675265
970042457084841986
970042707270885377
970042800564789253
970042822337482752
970042827215376386
970042927773814786
970042937773035520
970042962527838208
970042976616570882
970043009504043013
970043028265209857
970043318091632640
970043589878263808
970043749236707328
970043762939518977
970043944468930561
970044104473182208
970044283075158016
970044437379338240
970044986875088896
970045081876037632
970045151518298112
970045193935314948
970045523729272837
970045600250191872
970045660920770567
970045793406275585
970046052689735680
970046301726527489
970046334324625409
970046463488258048
970046536762699777
970046552126476288
970046564805890048
970046594677661698
970046778748887041
970046838442287104
970046922999455744
970047058454466560
970047225555488768
970047548143603713
970047832601309185
970047908287565825
970047913354199041
970047939551879174
970047990789439488
970048054177992704
970048199263162368
970048364388798464
970048377655365633
970048618743980032
970048720455774208
970048743067222017
970048769638232070
970048771773075456
970049314058891265
970049451338489857
970049475828953088
970049549032148994
970049638421102592
970049970165469184
970050143251771392
970050333517983745
970050498710704129
970050588917497856
970050866412773376
970050873731710976
970050895013695488
970051034549751809
970051114044358656
970051250720051202
970051512675291136
970051544304508928
970051625405616129
970051836181995520
970052083167711232
970052102952308736
970052221080625152
970052341134249985
970052454824935424
970052477776220161
970052828348731392
970052877745053697
970053076861227008
970053128623149056
970053231811485697
970053526742339584
970053580098101249
970053680878800896
970053768795623424
970053783861583872
970054039709896705
970054144890474496
970054435308277760
970054729056301057
970054738032103424
970054769665601536
970055063405252610
970055093520302081
970055130086297600
970055153301753856
970055176026386432
970055222507827200
970055265180626945
970055449704894464
970055500799889409
970055595981180930
970056092884656129
970056151529291776
970056301018574848
970056320136118273
970056772357672966
970057764667121665
970058329853693952
970058437697654785
970058611119542272
970058731290587138
970058952619823112
970058985050124289
970059259764531200
970059327649337344
970059448743026688
970059540392706049
970059645518778368
970059724656988165
970059793426780160
970059862599241729
970060013292195840
970060092413562880
970060202656653319
970060556647436288
970060655956054016
970060687438417920
970060718090477568
970060755658821632
970060841193299968
970061007359037442
970061298972143617
970061331431862272
970061471865561088
970061571446755328
970061711742029824
970062014419791872
970062029242490880
970062244108296192
970062251087495168
970062401415544833
970062756002099203
970062777384660992
970062851607093254
970062921010171905
970062931558879232
970063089172451329
970063316176572416
970063750056292354
970063977358249984
970064116302974977
970064323820294144
970064900839047174
970064938222972928
970065040425529346
970065220499537920
970065296127078402
970065858860109824
970066058798292992
970066636777623552
970066670520864769
970067109664509957
970067201108664321
970067223665668096
970067276610359296
970067748062679040
970067961213063173
970068091756601344
970068561707393025
970068566623088640
970068614681387008
970068621501353985
970068683170177024
970068911935967237
970069254128263168
970069519791198208
970069769125859328
970069978966822913
970070030946897921
970070224593670144
970070997792690176
970071097352781829
970071341012537344
970071794823688193
970072100319977472
970072235309453312
970072468269555713
970073004628733953
970073012065226753
970073947080417281
970074140408451072
970074170435481600
970074207467048961
970074240497192961
970074535767822337
970074570639204352
970074777091301376
970074786528399360
970074803699900416
970074836788793344
970074837040410624
970075128129359873
970075134026506243
970075162078007296
970075758600314880
970075801768120325
970076170065768453
970076266459271168
970076535569944579
970076769545064450
970076867490443266
970077164031922176
970077290842345472
970077880842670081
970078292584861696
970078528027971585
970078807200804866
970078924750442502
970079013971677184
970079035605864450
970079123115839488
970079556362297345
970079959908798464
970080528195039233
970080855476629506
970080954499915776
970081413180649472
970081430863785984
970081837002514432
970082030389116930
970082594586071040
970082973247770625
970083042638336001
970083229364563968
970083733708640257
970083785961365504
970083927263207424
970084004157419521
970084109895729152
970084467988627457
970084474515009536
970084555171532800
970084621575704577
970084976464158720
970085075801931776
970085251111440384
970085267892785153
970085335374942215
970085419403694080
970085478694359040
970085516774387715
970085604242444289
970085682927587328
970085917896663041
970086229906804738
