967549934328262656
967549999998558208
967550123059367938
967550553470459905
967550815421566976
967550899391524867
967551024910229504
967551035144327168
967551589245386752
967551996353007616
967552202385580032
967552476630147072
967552848304189440
967553041065967617
967553173194969088
967553429873799168
967553486530506758
967553602561724416
967553655678390273
967554257435217921
967554303467671553
967554529440010240
967554889240010752
967555011273281536
967555282871160833
967555377842851841
967555643073814529
967555645242298368
967555895612837888
967555927925755904
967555950101061632
967556426808942592
967556804380184576
967557387522576385
967557439062265856
967557794948841472
967558316544217088
967558541732143104
967558593288589315
967558605825339393
967558969169457152
967559030997733377
967559448179900416
967559483424731136
967559785779482626
967559928520069120
967559960707158016
967560268229332992
967560504620277760
967560726645821440
967560910352060419
967561026081353729
967561043818971137
967561106507038720
967561749925855232
967561865529307136
967561888249901056
967561896890167296
967562037906821120
967562039567757312
967562265175175169
967562370586472448
967562530003529728
967563382671978496
967563731357044739
967563767134515200
967563776290631681
967563991223545856
967564141782237185
967564535866580992
967564780499238912
967565106652598272
967565447024513026
967566241350086656
967567359811743746
967567363964104704
967567547360071680
967567844459327488
967568134621327360
967568370169196545
967568467082776577
967568578647089158
967568753318866944
967568788018401280
967569516359290881
967569700338184193
967569994107244545
967570326770024448
967570513932488704
967570536426606593
967571016749932544
967571059762491393
967571106323402752
967571128679063552
967572515970338816
967572589106401280
967572850847731714
967572861312487424
967572930132574209
967575334005755904
967576630616035330
967576961328537602
967577023517548545
967577103003680768
967577317286531072
967577429089845248
967578245741842432
967578584759062529
967581424156016643
967581983701381120
967582406592081920
967582495276437504
967583337744404482
967583659791470592
967583923852242944
967586292895748096
967587538306203648
967588033380921344
967592599157727233
967594682522963968
967594742182809600
967596355186319360
967598226902691840
967599560880205824
967600540652892161
967603793209815040
967604504152690688
967608680848986114
967608862609199104
967613253441458176
967620950073270272
967621272191500289
967623409558487040
967626029987659777
967627040437493760
967628904403013634
967629756396171264
967630050295271424
967630334224424961
967631744592736256
967632679557582850
967632715527864321
967633577184841729
967634091582640134
967636725714636802
967637794192609280
967638512253198337
967638513142378496
967640598441332736
967641208645406720
967641812960759808
967641922071420928
967642204146688000
967642700227973120
967643164919115776
967643974872813568
967643982674255872
967644399361576961
967644809811972097
967645192718254081
967645630033219584
967646531619835904
967648393458839552
967648810787774464
967649187054653440
967649794981183488
967650620978159616
967650813572272129
967651630018711552
967652057623810048
967653311523385345
967653659612921856
967653659797409792
967654414293979136
967655040159764480
967655204844965888
967655387431342080
967655429697253376
967655487889117184
967656128049025024
967656177961091077
967656178414075905
967656178955243520
967656852505886722
967657304379273216
967657471912366080
967657647653703680
967657689055510528
967657703962132482
967657689055510528
967657944685817856
967658099149549568
967658693503389697
967658848440942594
967659775738761216
967659919787941890
967660813401157632
967660839393202176
967662100373016576
967662296439943168
967662483476504576
967662617224507392
967662801975160832
967663111464521728
967663578340786177
967663630887145473
967664169456734208
967664501557522432
967665099635855360
967665340695154688
967665419376087041
967665469267300352
967665630764785664
967665642353590272
967665986974441472
967665987267919872
967667152881963008
967667205780508672
967667834737262592
967668319384932352
967668378948206593
967668701188317184
967669110405558272
967669151757230080
967669444737630208
967669530431508480
967669859202060288
967670135422058501
967670402863517696
967671066750529536
967671663381815296
967672308444880896
967672783294648320
967672896989511680
967673239907561472
967673257984974848
967673598017265664
967673717278076928
967673728824938496
967673909486157826
967673923105120256
967673958584733696
967674470986141696
967674873144336384
967675084931502080
967675228838072320
967675252238114816
967675359717216256
967676165203865600
967676232824446977
967676245885554688
967676425628213249
967676436923469825
967676755220705280
967676852516151296
967676964428550144
967677195547062272
967677207975006210
967677234285830144
967677709584404480
967677856187809792
967678108966031361
967678188817174528
967678264792748032
967678308354797568
967678353078718464
967678934463676416
967679103603232768
967679506185060352
967679558660055040
967679694492569600
967679784158457856
967679785823621120
967680322069463041
967681245361602560
967681345643311104
967681660908134400
967681741304614912
967682087540150272
967682202287984641
967682532350230528
967682615515009024
967682816908627968
967683228596305920
967683273890594816
967683335148462080
967683946833211397
967684934868586497
967685000941457408
967685187806138368
967685216457363456
967685326809550848
967685978105221121
967686068702269440
967686724594880512
967686867079565313
967686878756470785
967687110160453632
967687284530200576
967687529804779520
967688037311315968
967688312139010048
967688377175814144
967688518276325377
967688626732699650
967688629278580737
967688630138531841
967689057064058880
967689393845817344
967689622129029120
967689895337656320
967689928011284480
967689974408712192
967690188351778816
967690221067186176
967690599682813952
967690718402744320
967690768361156608
967690807015768064
967690809960103938
967690849990660096
967691241675730944
967691297422233601
967691325243084800
967691521305784320
967691536749203456
967691988828082176
967691996042334208
967692013478010880
967692266155528192
967692404924059648
967692514005278720
967692516119244801
967692751646134272
967692762857566208
967693072963391489
967693256325820416
967693394226147328
967693424152469504
967693484814675968
967693508483088384
967693869872762880
967693905964818437
967693959442128898
967693999178952704
967694477023502336
967694564680192000
967694618975440896
967694721140355072
967694903252848640
967694948870115328
967695061134737408
967695389955641344
967695706931777537
967695939174633475
967695962796945410
967695991062302721
967696435448897537
967696858188537856
967696884616835072
967697022957563905
967697318492409856
967697351837089792
967697709674188800
967697936997109761
967697997747425285
967698173425790976
967698191528448005
967698282079227904
967698408533319680
967698627207581696
967698806723801088
967698946524110853
967699368345300992
967699385449578497
967699445918896128
967699561010618368
967699570166779905
967699848035225600
967699988716441601
967700028847525888
967700197429141504
967700596244533248
967700637621334016
967700685704843266
967700872573702144
967700978949599232
967700991972990976
967701029864247296
967701250040061953
967701465845436416
967701820373127168
967701833073483776
967701860349079553
967701870012706817
967701909242081280
967701993677623296
967702142491521027
967702363338309635
967702367369138176
967702527503486976
967702604573749248
967702628602957825
967702788477280258
967702799017500672
967702979053805568
967702979578073088
967703048465408001
967703082208563200
967703266141360128
967703338090487808
967703504948289536
967703508085563392
967703676302356480
967703712323067904
967704119740960769
967704126544138240
967704450256293888
967704532397502464
967704863122608128
967705189531684865
967705222318645248
967705301888716800
967705411565613056
967705602414784513
967705634954194949
967705848762912772
967706045605908485
967706330172706816
967706348858175488
967706488679600131
967706706695409664
967706824525930497
967706860072480770
967706892817575936
967706896240201729
967707361665105922
967707397283373056
967707710853730304
967707739286892544
967708086894039045
967708749258416128
967708769965756416
967709017672892416
967709608088391680
967709614308515840
967710206288453632
967710376728186880
967710426954911745
967710486706966528
967710532399714305
967710603971366912
967710631926345728
967710654974001152
967710679061889024
967710933312294912
967711201588334592
967711553696010241
967711556476788736
967711637670187008
967711845598597121
967712191142129666
967712796010934273
967713335289548800
967713389559603201
967713444190474240
967713486448070657
967713622943256576
967713813259747328
967713855823601665
967713985251377152
967714104231243776
967714129430614016
967714159147266053
967714471459336192
967714489029332992
967714571124461568
967714734056321024
967714753203396608
967714779853938689
967714803329503232
967715001493487616
967715230011805697
967715344914812929
967715373037518848
967715382231478272
967715485679833088
967715503165902848
967715580030738433
967715669545496576
967715688872849408
967715714206502912
967715755910410240
967715881290731520
967715893265485824
967716145942974464
967716304810627072
967716481168478208
967716933431975936
967717128206999552
967717337221795841
967717469505933312
967717616017174528
967717783000748032
967717889942917120
967717932699672576
967718223411064832
967718468580773888
967718472384999425
967718999445426177
967719049751867392
967719064473915392
967719068345257984
967719180891049984
967719291108773888
967719338185764865
967719557904429057
967719570617389057
967719674833260545
967720025418354691
967720485894131712
967720895715344384
967720943668940801
967721214734209030
967721435560075264
967721721359945728
967721788322074624
967721838414528512
967721844387311616
967721857775493120
967721993289240576
967722042371006465
967722053880205312
967722507246690304
967722563190378496
967722707830935552
967723027562672128
967723165932810240
967723183662096384
967723303585509377
967723438336106496
967723462579118080
967723469633916928
967723522306072576
967723630766510081
967723712337334272
967723973537685504
967724307219668992
967724361934360577
967724544277598214
967724627349909504
967724887895953408
967724913711820801
967725071245684737
967725187683815424
967725272287064064
967725358723358721
967725458166083585
967726485434847233
967726654759014401
967726842407981056
967726913522413568
967726965301174272
967727031755640833
967727271128813568
967727636029034496
967727651292106752
967727866711609345
967728157787934720
967728195423428608
967728407957200896
967728414227648512
967728566485110785
967728576672993280
967728668280807425
967728853153132545
967728971319267328
967729081851752450
967729139766751233
967729330167033856
967729333799411712
967729355215572992
967729669628932097
967729855902240768
967730016459960322
967730178414841857
967730392227811328
967730492731686913
967730667403476992
967730765999034368
967730826980085760
967731160360083456
967731328123842561
967731844656631808
967731887195283457
967731905314656256
967732144570359808
967732226665451523
967732438389739520
967732499194540033
967732608993038336
967732811619856384
967733003937091585
967733245801631744
967733442464092160
967733538228461568
967733654612045829
967733937471721472
967733941091356672
967734070036828160
967734303143743488
967734448442757120
967734522279354368
967734654383124482
967734833622474753
967735206760321024
967735248342700033
967735504828383233
967735610332143617
967735701570760704
967735878599823360
967735904050786304
967736212269293569
967736267105619968
967736424538738688
967736478565625856
967736489944678404
967736713983463424
967736774633148416
967736996037738496
967737236568657920
967737389094449153
967737471265099776
967737713284800512
967737855761158145
967737917237092352
967737996186447873
967738212402761729
967738270485393408
967738493521879042
967738523775356929
967738547489910784
967738548370771969
967738742130782208
967738806735654912
967738875568443397
967738978026835968
967739109509910528
967739186437677057
967739228145643520
967739265378672641
967739309368446976
967739410761609216
967739421989789696
967739503086628864
967739791327531011
967739799711789057
967740282568667137
967740331965009920
967740343293652992
967740376873357313
967740407068217344
967740487376322560
967740494880149504
967740604875722753
967740685838364674
967740701562802176
967741172746727427
967741193395359749
967741480373817344
967741612817338370
967741891210043393
967741974504771585
967742430379429888
967742721355145216
967743126722023424
967743390204006400
967743590494502913
967744348908646400
967744653427642375
967744706959601665
967744746448936960
967744856155189248
967745330958696453
967745659175624704
967745665127284738
967745736984154112
967746014282207232
967746506492178432
967746578713849856
967746857630920704
967746891898376192
967746973934768130
967747039395221504
967747058819108864
967747076846182401
967747101194096640
967747169078915072
967747494502428677
967747579038588928
967747582649946113
967747881980571650
967748005733568512
967748053875687424
967748167063277568
967748367978725380
967748454624759808
967748480033751040
967748786339614722
967748788734570496
967748791997747200
967748887846051840
967749005219368962
967749032188751874
967749121376423942
967749490194214918
967749508216975360
967749570204749825
967749647187005446
967749654380208129
967749694087712768
967749735783297025
967749816016089088
967749818926891009
967749823179968513
967749833095303168
967749844935864320
967749852607152128
967749921200844802
967750027052507136
967750244804059137
967750303603929089
967750363544727553
967750514426499072
967750605140787201
967750629140594688
967750975829217280
967750992463835141
967751054321504259
967751104145645568
967751130632671239
967751213428232192
967751536305729537
967752182161326080
967752230504992768
967752252285997056
967752289304891392
967752331126337537
967752567299149824
967752571111829505
967752658844045315
967752777446326272
967752832874176513
967752905565638657
967752991729160192
967753105264795648
967753151821606912
967753323247034368
967753533247447041
967753547247910912
967753590411595776
967753690714202112
967753857458679809
967753950475833344
967754116251488256
967754189458804743
967754238792273920
967754538987016192
967754879115591681
967754900913389569
967755046426300417
967755546580439040
967755565618343937
967755575084888064
967755726364950529
967756020654198784
967756529947459585
967756585538936832
967756668145717248
967757045553180672
967757094526095360
967757149752430592
967757206392320000
967757245072199681
967757322859810817
967757787643117568
967758450108305410
967758484887539712
967758688395124737
967759211303243777
967759241552412672
967759270077923329
967759388151832576
967759464354009090
967759753328955394
967759896371433472
967759959818670080
967760010464940032
967760057101422593
967760192053174277
967760467426009089
967760492151230465
967760581506846720
967760596744753154
967760652348555264
967760712062984192
967760845462802433
967760885400920064
967760896792694784
967760931051704321
967761398641065987
967761539037048832
967761829312258048
967761895271870464
967761979157905408
967762064973348864
967762181688381442
967762659423784961
967762772925845504
967762852034564097
967763124718891008
967763227567448065
967763382400143361
967763919472390146
967764118143987713
967764383165280256
967764395425230849
967764413720784897
967765002429050880
967765054853705728
967765079298072579
967765267496521729
967765487676346369
967765784784228353
967765820540686337
967765824386805760
967766070055587840
967766231762788352
967766253891932161
967766280962002944
967766443717689344
967766483148398592
967766540245504001
967766587783688193
967767012859629569
967767372600872961
967767550980448256
967767680496304129
967767853540806656
967767914827931649
967767991160098816
967768085838123008
967768193136816128
967768303799275520
967768507579445249
967768553389686784
967768747908968450
967768878389526528
967769046216306688
967769307458473984
967769314488209408
967769488270807040
967769536610033664
967769556877012993
967769715492950017
967769733834641409
967769831314345984
967770004732116993
967770335813750786
967770610146430978
967770789104771072
967770853797777411
967770878107897856
967770928393449477
967771071268212736
967771214994386945
967771244513906689
967771277359505408
967771499733057538
967771541411975169
967771555077001221
967771624639516672
967771822363234305
967772065083351041
967772197396860929
967772206758494208
967772299591127040
967772343648051200
967772388434763777
967772745177026560
967772765209223169
967772832594890752
967772989289893888
967773036425437185
967773144143548416
967773149717819393
967773192944222211
967773242688614400
967773417318436864
967773455029587968
967773566522527744
967773621031616512
967773948057411585
967774527634726912
967774644030853121
967774827544227840
967774853385383942
967774881021603842
967774937091051522
967775023963492353
967775056821669889
967775373021929472
967775440642433024
967775462721191937
967775514298667008
967775717869187072
967775783489015808
967775863545745409
967776361417932800
967776509959266305
967776514115821568
967776518943461377
967776522999386112
967776526912679937
967776530884685824
967776565554708482
967776582231298048
967776638632067072
967776653270245376
967776661923082241
967776663172976641
967776666767515648
967776667639975936
967776672069111808
967776681816657922
967776710371442688
967776710505705472
967776723780685824
967776729191407616
967776748485177344
967776765241372672
967776769137889282
967776774766694400
967776780575739904
967776787638964224
967776793355841536
967776803136950272
967776823810711553
967776829389135872
967776834942394369
967776842731094017
967776850255794176
967776859529338880
967776873722892288
967776921890312194
967776933588107269
967776941372837888
967776944367521795
967776949274906624
967777214128324610
967777250916618241
967777446572552192
967777464448634880
967777483885072385
967777675241836546
967777821841031168
967778435945738241
967778783129473024
967778922866925569
967778924729073666
967778927614849024
967778934317309953
967779012406804480
967779132900814848
967779310915522560
967779398073180166
967779490154844160
967779552486359040
967779746665959424
967779749534855168
967779823568420864
967779947224928256
967780024295313408
967780106214178816
967780361924202496
967780645513523200
967780985826836481
967781089891831809
967781330242228224
967781374647259143
967781701488431104
967781714687942662
967782532174503936
967782932554375168
967783113064673280
967783277351325697
967783431320072199
967783496738594818
967783714502643712
967783952252657669
967784045563269126
967784072750747649
967784106816917505
967784419716227074
967784515241435136
967784626608574464
967784879462277120
967786179365130240
967786259757268992
967786480688037888
967786487789051904
967786758728507392
967787004799913984
967787111503024130
967787302364860416
967787428869230592
967787651544899585
967787672784789504
967787678082232321
967787780846899202
967788152483209218
967788158615216128
967788517320425473
967788572920221697
967788886901641218
967789115860312069
967789286765551616
967789432656072709
967789466386616320
967789631176667136
967789759719383040
967789979203117056
967790054956457984
967790083272331265
967790084668796930
967790182400327680
967790718147289088
967790845717106688
967790863731625984
967790874158665729
967790885495869440
967791274018377728
967791602344386562
967791606874157057
967791781101424640
967791797664731136
967791857831956480
967792170974437376
967792414621564928
967792476282130432
967792670130061312
967792794436886531
967792875068149761
967792951626788864
967792960107630592
967793249120374784
967793266778411008
967793281768751104
967793484651483138
967793638750281730
967793761408430082
967793790433062912
967793818870452224
967793827825188865
967794007106637826
967794071577288706
967794085816922117
967794097930100742
967794395809484800
967794396283404294
967794788912304128
967794898262024192
967794917748695041
967795006768603136
967795026322391043
967795096216330241
967795222745960449
967795344967979009
967795614120595456
967795738565472261
967795850373140481
967795856039731206
967796129877422081
967796393803993096
967796448573128704
967796931643740162
967797190759534593
967797225446432768
967797546096713729
967797793204170752
967797807951368194
967798124310859776
967798192141193217
967798785169592320
967799013163655168
967799056926937090
967799384699174912
967799668016058373
967799681014272000
967799856386510848
967799935671390214
967800010980102145
967800065657106433
967800108640333824
967800295718883329
967800407702548483
967800493111152641
967800530008465408
967800549746925568
967800802042634240
967800836041728000
967800845529157633
967801513828548608
967801580983652353
967801671391817728
967801746012758016
967801816544108546
967801919719792640
967802041249787907
967802358783729664
967802985114988544
967803359070769153
967803410841038850
967803459910193152
967803554122620929
967803634472931328
967803976652554240
967804118684356608
967804379150602240
967804553071677440
967804761859874818
967804958786678784
967804979384905730
967805235874840578
967805454922473473
967805509754605568
967805845651251201
967806099276599297
967806226393370626
967806274644692992
967806303304380416
967806504706478080
967806523773800448
967806657303543814
967806670641532928
967806846462582784
967807028558254080
967807607443476482
967807741451472896
967807753250099202
967807860557205505
967807912096817152
967808070154948609
967808309376974848
967808605654278146
967808827415519233
967808834906488832
967808837829976065
967809464891072514
967809485766086660
967809531924434944
967809726812737537
967809886070419456
967810115305984000
967810208184479744
967810398496935939
967810415735472130
967810456378380290
967810574590644225
967810764495966210
967810806720147458
967810839268003841
967811026283646978
967811064778936320
967811224544120832
967811254067843077
967811283268628481
967811282886946819
967811313400471552
967811445688864768
967811544724721666
967811802603180032
967811862774599685
967811891841159169
967811948187406336
967812010753888257
967812192623124481
967812343798345729
967812476195758080
967812535310266369
967813088773836800
967813123892744195
967813203878203392
967813318936350721
967813522938765312
967813523840602113
967813634679279617
967813879026810880
967813899335577600
967813928318246912
967813939945000960
967813946056085504
967814016331640844
967814058895388672
967814426886901760
967814521854230529
967814842370453506
967814879393583105
967815387176939520
967815519469531136
967815663753580545
967815740568064000
967815764643368960
967815955106680837
967816054796881921
967816071309856770
967816202734198784
967816450596638720
967816502232731649
967816615625674753
967816693463568384
967816697582407680
967816799780777984
967816821167525889
967816896690221057
967816968857378816
967816999505223681
967817367702179842
967817380926754816
967817384622022656
967817428108488704
967817538888437760
967817564956053507
967817621398872064
967817798750699521
967817874776698880
967817906649255938
967817925137707009
967817968519471105
967818064652898304
967818115458486273
967818189840224258
967818432229068800
967818613242716160
967818767257538560
967818903991832576
967818912854405121
967819023336472582
967819037181906944
967819054588317696
967819360151724033
967819684199456768
967819829334994945
967819915062325248
967819916370939910
967820443561414662
967820601758044166
967820718758092800
967820815172546565
967820891504693248
967821007045234688
967821020924178433
967821178189598723
967821338185490433
967821570172473345
967821724954906624
967821891682623488
967821935106281474
967822074806001664
967822087518900225
967822129117974528
967822187129384960
967822435805552641
967822454449086464
967822571205951489
967822664000778240
967822870629048321
967822896239398912
967823014061576193
967823639310725125
967823712585244672
967823718742405120
967823834685607936
967823952654618625
967824189599174658
967824222427930624
967824295291490304
967824334059339776
967824530336047105
967824569590517761
967824684287975426
967824944657829890
967824972407365633
967825127776731136
967825376104927233
967825398338932736
967825477040791553
967825724039225344
967825811821748226
967826192677195777
967826289208983553
967826296804818944
967826309895335937
967826415600242688
967826450249388032
967826536496795649
967826599201603585
967826755162648579
967826834607009792
967826936612474881
967827020741861376
967827525090140160
967827611060719617
967827630752980995
967827960534364161
967828243104624641
967828284238163970
967828391968886784
967828458800807939
967828469232136195
967828516380213248
967828637864120320
967829132313677824
967829412438781959
967829594580635648
967829739556753412
967829748264169472
967829814173368322
967829892829208577
967829982033731586
967829995019259905
967830061096275974
967830236850196481
967830382543560704
967830384846213121
967830398637150208
967830581785612290
967830659279581185
967830683078062080
967830826955280384
967830840070852608
967830958367019013
967831013798961158
967831030970404865
967831191612284928
967831282897051649
967831305361686528
967831351725522944
967831458848100352
967831672757673986
967831884263772165
967832131941687308
967832259427487744
967832322568581121
967832460095578112
967832818926669830
967832973692293120
967833189057290241
967833256946208768
967833298411147265
967833385031827456
967833950789005318
967834134612717569
967834161506549761
967834191630159872
967834234844012545
967834293258145792
967834384098263040
967834392260472834
967834523261120512
967834676705492994
967834751498407938
967835040196497411
967835036539080704
967835411736354816
967835794022060034
967835898472747008
967835956681347073
967836271623266304
967836330410631169
967836433007464448
967836526045360129
967836795558858752
967836964677439489
967836989981626368
967837122009944065
967837509546848256
967837810949533696
967837937965641729
967837984438579200
967838033365041153
967838100176232448
967838176793554947
967838234649735168
967838504427376640
967838505459179522
967838709566595073
967838710736793603
967838770438471681
967838787089977344
967838798351618049
967838895923712006
967838970724876289
967839108604350464
967839120696504320
967839286384087041
967839529611726848
967839536641429504
967839631990493184
967839798835777536
967839864841523202
967839917974999041
967839963747442688
967840040553533441
967840154672095233
967840163803074560
967840204668235776
967840509615108097
967840841036455937
967840854965673985
967840926851895296
967841004727492614
967841058267848704
967841104795234310
967841269635518464
967841289172549632
967841413277847552
967841682246062081
967841757252800512
967841808981135360
967841878245715968
967841930666164224
967841945577033729
967842095644979201
967842321483083776
967842441033338881
967842452051845122
967842464961847296
967842486017253376
967842521564024832
967842525506625536
967842677080420352
967842818390708224
967843070933979137
967843123064987649
967843412169904129
967843460240863232
967843535222398976
967843638612029440
967843792706514944
967843798809276417
967843837430452224
967843978606448641
967844031928643584
967844097523355649
967844150526791680
967844383553933312
967844464898265088
967844518321184768
967844542345965568
967844595303374848
967844605294268416
967844653813952512
967844653935493121
967844711766650881
967844852485574657
967844871498293250
967845048640565249
967845059889631238
967845137249456133
967845194551963653
967845292556083200
967845400014147585
967845539319566338
967845603102339073
967845655132688384
967845863254036480
967845889103597570
967845896808534018
967845969583923201
967846305778331648
967846497067913218
967846549937147904
967846568203374592
967846609160753158
967846752551424002
967846761783005187
967847336952061952
967847357097357317
967847470112870402
967847549511061505
967847649763319808
967847883096588288
967848010196639746
967848158465323008
967848218666160128
967848256268046336
967848293744168962
967848402699595776
967848471544909826
967848677527244800
967848682321301504
967848819621851137
967848889385672704
967848960361713664
967848964346302465
967848964975362048
967849048353968131
967849153220022279
967849549485215746
967850029833773056
967850113501712384
967850242048741376
967850300785774592
967850376920813568
967850405857316864
967850783160094720
967850795675787264
967850984096649217
967851644946960385
967851645588725760
967851808633884673
967851894373736448
967851948329373697
967852058803089408
967852112691580928
967852136611663873
967852159827095552
967852291117207553
967852320649342977
967852337665662978
967852609775243264
967852930035568640
967852935509041153
967853104929693696
967853147824717824
967853289671884801
967853533868580864
967853671953428480
967853685463109632
967853695600922624
967853720322105344
967853833295745026
967853889759404033
967854303548407808
967854362965020675
967854410113134595
967854529927663621
967854748366974976
967854864746377216
967855064227381249
967855273263190017
967855361926590465
967855467174252545
967855477005709312
967855513378664449
967855605485580288
967855612972425216
967855769398988802
967855827414634498
967855964237041664
967856098681253893
967856126841835525
967856200321822720
967856226586562560
967856329514717184
967856361911484416
967856414587805696
967856465817022464
967856581244260352
967856858269708288
967856863919398912
967856865853009920
967856882105880577
967857041049088002
967857500035911680
967857543816114176
967857605195509761
967857619565273088
967857729208553472
967858002320674816
967858113704550400
967858198198792192
967858280600043520
967858346941403137
967858412297097216
967858432920432640
967859210242359296
967859211114860544
967859358313918465
967859439482081282
967859481366458370
967859492259074053
967859533300338688
967859632403374082
967859643656626176
967859662879109120
967859667329273858
967860156246691840
967860267240574979
967860342679318528
967860552335839234
967860569587019778
967860658804088832
967860859908354048
967860874835873792
967861021451964418
967861063206277120
967861141501349898
967861139433578499
967861205208625153
967861278244032512
967861392383660033
967861420737073154
967861421764763649
967861431122227202
967861731291811843
967861957247238144
967862085500784640
967862147882586113
967862469254402048
967862584912306176
967862651463364609
967862754349547521
967862768102756355
967862814986645505
967862927318544387
967862927670865920
967862936243974144
967862961023930368
967863036190117890
967863061389434880
967863072495894528
967863075549433858
967863101705113600
967863226305253376
967863271041662976
967863346715418627
967863400431865859
967863405972525056
967863430769233921
967863645727227905
967863663200751616
967863813616881669
967863843367026692
967863910643748869
967864036862955529
967864154567663616
967864300902801413
967864424408256519
967864494474121222
967864608844328961
967864614892515328
967864649323565056
967864720899411968
967864850939547648
967864930467794944
967865081257177090
967865085854142464
967865104015511552
967865191932268544
967865211423162368
967865375974141952
967865587475951616
967865595831169029
967865631742877696
967865721639366656
967865799926050816
967865864098910209
967865891512778752
967866035356528640
967866225173856257
967866248641040384
967866316769124354
967866560311414785
967866725374005249
967866850544676864
967866945583370240
967866972951207937
967867007914921984
967867011278700547
967867011589132288
967867023467466752
967867151087538177
967867332746919936
967867479199506445
967867535633911809
967867749144956929
967867830183047168
967868164892708866
967868382740668417
967868600806764547
967868629969723396
967868665407393793
967868667500355586
967868666422419456
967868711058190336
967868779333070849
967868816561754113
967868946279026688
967869193285701632
967869019578658816
967869237153976323
967869450320887808
967869545728835584
967869871118864384
967869922096418816
967870294709932032
967870560389779456
967870647304118272
967870795551772673
967870848794284032
967870935192752128
967870994353356800
967871089442516993
967871204760702977
967871624811810816
967871794727317506
967871866089168896
967872339034730496
967872637081980928
967872693088538625
967872745215332353
967872745995456512
967873299064786951
967873396360011776
967873867741089795
967873867531407360
967873898200039424
967873907406622720
967874108007636993
967874176387354624
967874349557583875
967874383216816130
967874398047948800
967874803213459456
967874957098307585
967874982633267200
967875061393907712
967875182407880705
967875373244604417
967875405356072960
967875611355242498
967875753470672896
967875821192056832
967876061236166657
967876076218322945
967876335635980288
967876383623000070
967876427633831936
967876871793897472
967877027171913728
967877131672924161
967877198471458816
967877278939181056
967877425257418755
967877537706758149
967877550197366785
967877645164859392
967877761871306752
967877790531022848
967877821308776448
967877972052111360
967878019133079553
967878421891244032
967878546130685957
967878630910152710
967878655887192065
967879117554233346
967879153528827905
967879152018829318
967879462162452482
967879488779497472
967879588385714176
967879616143745024
967879681453232129
967879837200388098
967879838274146304
967879875876016134
967879940493463553
967880093279375360
967880158429503489
967880239660654593
967880346535649317
967880409953521669
967880457923780608
967880478912143361
967880709225447424
967880731849617410
967880900548718595
967880935986421760
967881172427649024
967881241323360257
967881395954692096
967881586292281344
967881652402782208
967881760787849224
967881805000003584
967881815905234944
967881907257167874
967881993177399298
967882116179558400
967882174782427137
967882275521253376
967882278037803008
967882350746046464
967882410909208577
967882462599745537
967882663989334016
967882706771202049
967882770939809793
967882774685343744
967883169088397312
967883171604901888
967883264118665224
967883298935582721
967883498856972288
967883574497234944
967883600724221953
967883723621437440
967883856262123521
967884035300184064
967884099154251782
967884208617218048
967884774961446914
967885031065649153
967885130768543746
967885157993676801
967885378240876544
967885389238276096
967885407944953856
967885448864587776
967885611364438017
967885625214070786
967885805581676545
967885937815490560
967885946506051585
967885950549454848
967886821110804480
967886841125974018
967886908587237378
967886973850415104
967886979340951552
967886990074175488
967887118080069632
967887285088931841
967887416383148032
967887456262639616
967887467830480902
967887513577775106
967887573258469376
967887757145231361
967887857124864001
967888087350239232
967888097043271681
967888297530929152
967888307999920128
967888331219533827
967888333018890240
967888525671780352
967888604109340672
967888644487905282
967888666260639744
967888814067867648
967888964660195328
967888979109515265
967889103596544000
967889151910711296
967889156234993664
967889498515308544
967889788748648459
967890136104161280
967890165971738625
967890280874733568
967890457702404096
967890528590233601
967890650292281345
967890725537972229
967890810636324864
967890862708576256
967890889174650886
967891085904236545
967891152992120833
967891199100145665
967891310878347265
967891454596182016
967891725674000385
967891840904122370
967892143984578560
967892148162097152
967892150833774592
967892292253167616
967892417121800194
967892599439855616
967892651143041025
967892733615632384
967893087250014209
967893201452457988
967893376338194434
967893388510056448
967893561931943941
967893562577838080
967893577308233729
967893654105882624
967893678575452161
967893769038295040
967893811421696000
967893906854699008
967893935527022593
967893938278486016
967893991990726656
967894019966734336
967894164691185664
967894244231991296
967894300280393730
967894312221642752
967894367217291264
967894410225647616
967894413795000322
967894525275500544
967894603415347200
967894638605619201
967894677507788800
967894727889707008
967894758227173376
967894774333280257
967894847750393856
967894890221797376
967894966570758149
967895034266824704
967895114071801857
967895142874087424
967895184359948289
967895203964219394
967895376614305792
967895409237610498
967895460584345601
967895656093413377
967896076345905156
967896130867654656
967896163864252416
967896227949043712
967896243715362816
967896295896739840
967896451723513856
967896964095467521
967897093103869953
967897147424366594
967897251279491074
967897268232900609
967897286335492096
967897351854620672
967897364831797253
967897381726511104
967897438257377280
967897586240819201
967897731506278400
967897951300390918
967898377953398784
967898951151161345
967899127416868865
967899183872118786
967899206315683840
967899556322119680
967900443270672389
967900814730825736
967900881072152581
967900966849794048
967901160374964225
967901885570142208
967901929719435264
967902240257331202
967902316962766848
967902851061121025
967903008867651585
967903045009969152
967903317300056064
967903642014580741
967903719823151105
967905502918213632
967905905416208386
967906140586639360
967906275668430848
967906708759736320
967906823209738240
967906875659386882
967907233613991936
967907314299699200
967907619649318912
967907682165370880
967907751287574529
967908039868248064
967908063033413632
967908208097538049
967908767936536576
967908810860965888
967909032450248705
967909542108516354
967909847743246341
967910015607721984
967910071865880576
967910118498201600
967910226908319744
967910450095640576
967910469574053889
967910815780229121
967911073516015617
967911850661826560
