907758315916091392
907758466181234689
907764095767732225
907764200918933504
907781950873649152
907787692536188930
907795632714268673
907807406280904704
907816986159218688
907817579380690944
907818638979227648
907820252054028294
907820727130304512
907821595196092417
907821613688729600
907821636052807690
907821654297993216
907821660006440962
907821669850517504
907821692197761025
907823305306071040
907823451351736321
907823523074334720
907824139678994432
907825769002536962
907827869660966913
907828221705682946
907828953347448832
907831478658240514
907832054099955715
907833396424056832
907836785446842376
907837399442575360
907838370298171393
907838876303216641
907839673111900161
907839738006077445
907842418485100544
907843021106028545
907845652469731328
907845681309777921
907846079651221504
907846524331327490
907847434222673920
907848515895914496
907848644539318274
907848852551737345
907849596478607360
907851222421524480
907853371780059137
907853607957155840
907854423602458625
907854826066862082
907856979808407554
907859004055056386
907859408515891205
907860337965375488
907861068818665472
907862198168539136
907862270482546689
907863648361689088
907863704796123136
907863754058203137
907864292216770560
907864996280971264
907866100783828992
907866382263603201
907866514887495681
907867707651092480
907869980204597249
907871492460990464
907871637856411648
907871725953671168
907872650114072576
907874136172703744
907874482769014784
907875535849652224
907875564807184384
907876709613088768
907877746944167937
907878288365940740
907878770148827137
907879424921673728
907880006709153793
907880473631842304
907881026428522496
907881041356091393
907882523132399622
907885113567993856
907885549511430144
907886125213241344
907887837420421120
907888525219127296
907891187377250304
907892233893945345
907892724577136640
907893240652632064
907893308676079616
907893657990295552
907893689208291328
907895157986652166
907896515410231296
907896539200270336
907897161454559232
907897616037326854
907898299251802115
907898579502604288
907899507152650241
907901161788854273
907901666422292480
907903011820855297
907903190955327488
907903695127539712
907904442388893696
907905205198565376
907906381126217729
907906668184457216
907908047556792320
907908314406699008
907909228043661313
907909324114157568
907909479882264577
907909483279593473
907909756257538049
907909757964476417
907909780303478784
907910429392949248
907911293625139200
907911903770537984
907912319027392512
907912441966850048
907912484526452736
907912708774797312
907913499476623360
907913946027499520
907914010456190978
907914535297830913
907914765917409280
907915762479910912
907915831941758976
907916163950239744
907917217660010496
907917505901088768
907918547120119809
907918826523828225
907921155960516608
907921264039342080
907921329227223041
907922257217024001
907924223896813568
907924652672008192
907924748335796224
907925559736500224
907925643425456128
907925709972283392
907925730373255168
907927322619207681
907927332844863488
907927338461122565
907927344295419904
907927359566819328
907927369490481152
907927375744299008
907927393846939648
907927407906234368
907928365125869568
907928594848022528
907930060920901632
907930146195124224
907930312373440512
907931146478133254
907932876448124930
907933542876831749
907933892237283330
907934771040411648
907935002943508481
907935962965065729
907938898730475520
907941811188105217
907941934852952064
907941962837315584
907942845549617152
907943147963076608
907943281568260098
907943307443036166
907943323230457857
907943331266785281
907943362673623045
907943552088383488
907943727532048384
907945396160405504
907945746942627840
907945923321503744
907946257171304448
907946596826042368
907947448940814336
907948297524051968
907948346962313216
907948443750027264
907948545923317761
907948761464401920
907949262792740864
907949565306908673
907949882824183808
907950024717414400
907950175649505286
907950773924921344
907951209742573568
907951410112757760
907952599818784768
907952860851261446
907954154479353856
907954260431663107
907954538690351104
907955114912206848
907955462691098628
907955574507159562
907956918844624898
907957310269607937
907957379911835648
907957734682832896
907957953998802944
907958979611033601
907959647847546880
907959669175529472
907959845344759808
907960111263617024
907960451782332416
907960804934172673
907960831966679040
907960960387829760
907962054195126272
907962314313400321
907962552205938688
907962824789565445
907963169297092609
907963171926933505
907963771393425411
907963993473642496
907964379571908608
907964783478968320
907966084166365184
907966370868076545
907966948327268353
907966983026757632
907967177243930628
907967389609869313
907967566798356480
907967576311033857
907968416308482048
907968988461912064
907969622779088896
907969626277076992
907969739816873984
907970380714921984
907970452076748800
907971119017230336
907971232980541440
907972527879835650
907973414488608770
907975499758141441
907977918105640960
907978662259159040
907979004690530304
907979359205646341
907980429172592641
907980759889317889
907981496539107330
907981577002594305
907982237626503170
907982316139634690
907982617198321664
907982675071422466
907982895003967488
907983045982027778
907983166941618177
907983465156628480
907983793147039744
907984367133143040
907985387976581120
907985845252235270
907986248106733571
907986565737193474
907986886173523970
907987390635134981
907987554783432710
907988122956378112
907989061184434177
907990255504121856
907990598157832192
907990981949063168
907992489876971520
907992781225906176
907993184738803712
907993625572896768
907993688453906432
907994126070804480
907994639587831808
907995270809452544
907997364698443776
907998409642074113
907998789713133569
907998829152227330
907998864875114497
907999301338636288
907999317151055872
907999935009742848
908000327085019137
908000403194892291
908000700868808705
908001424881176578
908001587833880576
908001824745054208
908001839433498624
908003298401120257
908003853819412481
908003922014621697
908004116189904896
908004498152546304
908005913159782400
908006769074589696
908006873592459264
908007142120140801
908008182412304384
908008972946460672
908009152135516162
908009504691838976
908010037884354561
908010530325106689
908011585494503426
908012281308631040
908012651015495680
908015900376346625
908016998986129408
908017220747513857
908017796788842496
908017843601645568
908018126293540866
908018516028256257
908018681359335425
908019717063020544
908019926962651136
908020314969333762
908020734542454785
908020836656873473
908020962859331584
908021231806320640
908021332687953920
908021626381447173
908022456018980864
908022553687592961
908022840489848841
908023354103353344
908023393806626819
908023405743570944
908023572735635456
908023652926533637
908023968736653312
908024503292383232
908024573249179648
908024644116066316
908025023314657280
908025484851658752
908026937255247874
908027417326997504
908027552396128258
908028033793130496
908028331253170176
908029861821865985
908030162670944256
908030378325225478
908030399267340288
908030893574500357
908031174571896838
908031465342033920
908031806892584960
908031926505746443
908032011205570565
908032745607233536
908032802628796416
908033238710530058
908033638108991489
908033921371254791
908035106664742912
908036300099465223
908037076901257216
908037191770578944
908039141413343232
908039172434272257
908039306425638913
908040324026650624
908040531195940865
908041142406696962
908041246207246336
908041393922342912
908041831904137216
908042099374874624
908042653278904320
908042672748802048
908043484262752256
908045511327850496
908045712998457345
908047540750372866
908047998780932098
908048007093903360
908048202259222529
908048245162696705
908048942260244481
908049259601285123
908049588866748417
908049961765421056
908050951717736454
908051127286898689
908051464068767749
908051682956922880
908051867854426112
908051918529933312
908052005733769216
908052115981062145
908052122633195520
908053245070901248
908055035866738695
908056012678221825
908056866189598720
908057703339233280
908057717704728576
908061131066851328
908061854056017920
908062181052358657
908063128092422145
908064155676143616
908064491103047680
908064730857615360
908065072244711424
908066003871047680
908067452831100928
908067702450814978
908068196439207937
908068228643135491
908068233277853697
908068538006487040
908068539386523649
908068558311215105
908068971047305216
908069152803446785
908069226589704192
908069655775870977
908069816824745984
908070284879695873
908070587758780417
908070696781320192
908071629305122816
908071952585297921
908071960390901760
908072747556683776
908073596622438400
908074411617427456
908076304297328642
908077661821562880
908077700845330439
908077721942679553
908079035527430152
908080511565758464
908082653777276938
908083506387054592
908084170018172928
908084492295966721
908089149621772288
908089868663840773
908091276364480512
908091288343371777
908093294407712768
908096534679576581
908097165402279936
908097578151157762
908099846027984896
908100738500329475
908101353146372097
908108109222203392
908113684349833216
908114746863484929
