875510624490582018
875514865401688064
875523320950796289
875530024643899393
875542073159684096
875547201929433090
875551236233109505
875551273575096320
875555042132152320
875556040976347137
875558178305576960
875558804263510017
875558973386051584
875559291067006976
875559784015114240
875562632765243393
875562896234762242
875562958272708609
875563804293120000
875565293996711936
875565342281449474
875569113845841920
875569125505941504
875569141331107841
875569152802422784
875569164135440384
875569171429339137
875569187120267266
875573935005286405
875576172398092288
875577438960402433
875578908464226307
875582236023701506
875582915614134272
875583720815603712
875584503380549633
875585741568393216
875588044627206144
875588067758702593
875588299011670018
875588753150025728
875592572076306436
875595344326696962
875595764512071684
875595890223861761
875597898808909826
875599583593680896
875599603411726337
875600371833380866
875600417358360577
875600646627442688
875602093377073153
875605433410387968
875605945358745601
875606976566132737
875607212055449600
875608058554048512
875608085422759937
875608206856175617
875608591775842304
875609000741527553
875609288760213504
875611558738403328
875612888504848384
875613935595945984
875613956173320193
875614388882817027
875614421749383168
875614426321244160
875615587505799168
875615637229326336
875615909829722112
875616365633196033
875616573918035970
875616614841856000
875616726154526721
875616946409971713
875616955310288896
875617095593058305
875617099686699009
875617144188186624
875619110251487232
875619472286994432
875619486501445633
875619490121121792
875619750843301888
875622506115117056
875622663695122433
875622749359661057
875622761854455808
875624058095665155
875628618189164545
875628927250702336
875629980314550273
875630792155607040
875630943045787649
875630986091835393
875632109842452481
875632133724708864
875633440120373248
875634977039294466
875635124733214720
875635832954040320
875635887144542208
875637035209338880
875638316057546752
875639499195154435
875640521607135232
875641286040051719
875643098071617536
875643715376758786
875644201345531904
875644422922223623
875645960621219841
875646625602981889
875649566539866114
875649586525650944
875650088227307521
875650262240641024
875651619420909574
875654370360123392
875654990542458881
875655299075497987
875656253799751688
875656955016204288
875657002977906689
875657063443070976
875659434764115968
875659465734975488
875659493648068608
875659559007698946
875660340058624001
875660405418459137
875660678048002048
875661468561281024
875662649530470404
875662669419868160
875663926322577408
875664181726502913
875664357883039744
875664360068325376
875664365105688577
875664416678699008
875665399857262592
875666882145263616
875666945420410880
875667011845722112
875667039557488640
875669020770435072
875669135002402817
875669192367890432
875672317216657408
875672668783206401
875673056227635205
875673426559737856
875674899880321024
875674920352657408
875674931417280512
875674946864893952
875674966544592897
875674981878956032
875675005522247681
875675017006153729
875675036518141952
875675297810718722
875678149736095745
875678635914670080
875678707024887808
875680487741820928
875681993576599553
875684270328754176
875685739136258049
875685955214159872
875686713955414016
875686831429472256
875686981237440512
875687578535510018
875688302120185857
875688397700034561
875688586351390720
875688596795269121
875690113078046720
875690199392686080
875690834636800001
875691269204439040
875692527382396929
875693893114707968
875694137139499008
875694396376829953
875697270020288512
875697495665410057
875697779808636928
875698717520691200
875700429299998721
875700759756713984
875701750979858433
875702004575764480
875702158221508608
875702386475630592
875702448089964548
875702537164378114
875702925418475520
875703092750299136
875703469730148353
875704153556889600
875704988500099072
875705759954345984
875705821711216641
875706137789779969
875706775152054272
875707213498769410
875708149965172742
875708163898650625
875708253375799297
875711816269168640
875712894008274945
875712918238658560
875713884665110529
875714579870789637
875716335841488896
875720236678426625
875721174734516224
875721518654918661
875722469411352576
875723191280443395
875724515422154753
875726184172183552
875728450568331265
875729412863524865
875729723049086977
875731537999822849
875732616581959681
875733652281466881
875733736180121600
875733787795218432
875734840561348609
875734864556838913
875735302106730496
875735969554726912
875735971253424128
875736221883957248
875736546267340804
875736548603506689
875737477608243200
875737523242246146
875737590342799360
875738492772519936
875738639350861825
875739689352876032
875740846922096640
875741109112188928
875741312368099328
875741394886897664
875741521609334784
875742748741181440
875745045516865536
875746334501896193
875747304602554369
875747371774349312
875747441538080768
875747860935061506
875750193865641984
875750858260189186
875751354513448960
875752435557568512
875753369142525952
875754302165463041
875756735499165698
875759162218741764
875760704548163584
875760920953319426
875761176570994690
875762694107811842
875762731730833409
875763167724527616
875763892613505025
875764814311694336
875764877457076224
875766557602983937
875767264053735424
875768903762407424
875770116604035073
875771116001914881
875771632425545728
875771786264276999
875772489028308994
875773071323389952
875774572922114050
875776721416581120
875776991252938753
875777263404560384
875778008996564993
875779221033013251
875780021931192322
875780349430820864
875780830517440512
875781084692320259
875781579225825280
875781753809580032
875783076797919233
875783423973089280
875783887246561280
875784982412886016
875786694607466497
875787700774850560
875787925493096449
875788083077287936
875789400499658752
875789596419862528
875793045278646273
875794571468394496
875795409574219777
875796632343891968
875797110607798272
875797549986271233
875797677832884224
875798413748699136
875799542649802753
875799693422346240
875800290066276353
875800304931000322
875800549261750273
875800561035202560
875800954691518465
875801266630385664
875801967674654720
875803460922470401
875803970807181312
875804061051699200
875804166492483585
875804596379283457
875805556556136450
875805845866598401
875806167129346049
875807375525064704
875807930033082368
875807970784935936
875808226016718850
875808393616920576
875808956274311168
875809113640513537
875810221737771010
875810222421311488
875811600313307136
875811620957585409
875812184638595074
875813371236544512
875815402638630913
875817981154136071
875818104068165633
875818108098949120
875818884267474944
875819101914050560
875820117178888193
875820425338646529
875821039363796993
875825515176882181
875826528453402624
875827359064236032
875828064088883200
875830252064452608
875830374189944832
875830819243380737
875832027337175040
875832826872123392
875832866512535552
875834388373622784
875836135745912833
875836137234890752
875836164091125762
875837998960652288
875838942947553280
875839705287471106
875843696914255873
875844858065420288
875848154482180100
875850568245301248
875851829569081344
875853137504071680
875855885528166400
875857825779593216
875858188658024448
875860660386762755
