860646561105227777
860648827270946816
860658461721362432
860666554240954368
860667122892124163
860686868353921024
860686986503307264
860689094535524352
860702326452924416
860703376148910081
860711151910440961
860711175662825472
860711190963658752
860711214690820097
860711238459850753
860711258273624064
860711273922801665
860723534544359426
860726577528807425
860727781994442752
860727947707240451
860733874711678976
860733991007256576
860734240354312193
860735547546812417
860735645496492032
860735732696006656
860736047163899904
860736212625215488
860737912492642304
860738260032786432
860739518198149120
860742805534232576
860743005090840577
860744468059889664
860746161526784000
860747941480468481
860749616416935937
860750567639048192
860750761285656576
860751592278167554
860752489586589696
860753399045734400
860753936621371392
860753995228381184
860754466005536768
860755693116297217
860756344332328960
860756388972244992
860756498972127232
860756845174022144
860758839280488448
860758970138587136
860759332903931905
860759372284051456
860759578987966464
860759757262663680
860761917350137856
860762302622158848
860762391692406786
860762636014759936
860763019248316416
860763780237668352
860764069107773440
860764679869747200
860764785700474884
860765089074380800
860765350325092352
860765722993192960
860766078892478465
860766129643544576
860768491590365184
860768695676698624
860769286075424768
860769355323363328
860771412012871681
860771705182191616
860771800581537792
860771815374934016
860771822878552064
860771827236384768
860772792102297601
860774915603132418
860775877734518785
860776110421835776
860776255456780289
860776454241603585
860777107152146432
860778109024563200
860778759506583557
860779306473193472
860779404200423424
860779502770806784
860779671776112640
860779735533727745
860780206205829120
860780274233339904
860780400230244353
860780676253143040
860780948689911808
860780959200931840
860781129468710912
860781380900339712
860781568524263424
860782341525913603
860782963872722948
860783287471677440
860783351086690304
860784267831521281
860784477357973504
860784667095597056
860785089889935361
860785158433198094
860786014989815809
860788487771086848
860789931777687554
860790325647822848
860791034334384128
860791065581891586
860791611160231936
860791620421140480
860791817981263873
860792465774850048
860792862048432129
860793434436767744
860793764679491584
860794060239273984
860794148072411136
860795494800523264
860796669604098048
860797039956963330
860797427569315842
860798352325214208
860798469497384960
860798845873213440
860799213134688256
860799239240249346
860799660910407680
860800602921738242
860800986142658560
860801369535545344
860801509998567425
860801572246257664
860803004819263489
860803371992842240
860803462031867905
860803620488478721
860803936277716993
860804054162821120
860804520871419906
860805075521982468
860805599105359872
860806272815435777
860807288990445568
860807438987137025
860807439733723137
860807482884718592
860807873223315456
860808019193548801
860808843357560832
860809196685676544
860811590295334913
860812414425714688
860812943902081024
860813941563326464
860814446377218048
860814473103323136
860815274907389952
860815521566138368
860815674347835392
860815769193504768
860816127114588160
860816810173530115
860817043494404098
860817050448605187
860817074293264384
860817098238570496
860817121953148929
860817141901217793
860817161601904640
860817172708380673
860817188072169474
860817214546554880
860817902458601472
860818644850413570
860818986417696768
860819045423173633
860819525704581121
860819626086682624
860819889086500865
860819999421812736
860820046905569281
860820078895476736
860820150244618240
860820237133938688
860820300539232257
860820327470968832
860820416797044736
860821077030838272
860822055616425985
860822170246819840
860822425449181184
860823038841036800
860823775972958208
860824030705852416
860824536358563840
860824906916782080
860825379241635845
860826034308079617
860826149156519936
860827108628729856
860827638834884608
860827794057699330
860828407566827520
860828904113795072
860829189821411328
860829916195172353
860830185721122816
860830395755114497
860830572914069506
860830676001710080
860830879819681792
860831069003821056
860831626535854080
860831930018811904
860832171782787074
