885295373497098241
885299641310257152
885305316845514752
885314095699734528
885322862739021825
885332666823790592
885338067430670336
885340765840453632
885342048328589312
885347284061483009
885353524258889728
885353529975721985
885353535608684544
885353553916776449
885353572078161920
885353586334588928
885353608639852544
885354864007663621
885356449379094531
885359260497920000
885359639730069504
885359894118969344
885360372991000577
885362329445072899
885363873590591489
885364782467076096
885371603282014208
885372297527177216
885372407707570176
885372511692754949
885372550875721728
885373160647950336
885375528173268992
885376369743593472
885376592247009280
885376789412892672
885378808571990016
885379092954193921
885380402680131584
885380929094647808
885383192777183234
885383769213067264
885385033929936897
885387782641913856
885388164944334848
885388413658161153
885388781934698498
885389043881525249
885389073992613888
885389656258482176
885390585326178304
885391477228150784
885391513659875328
885391669884895234
885393724720775168
885393873203191808
885394314452512768
885394487509487617
885396261167284224
885396676885794816
885397194181939201
885397214108962816
885397987287060482
885398009332281344
885399029227630593
885399341179031552
885400787316330496
885401269464182784
885401480202727430
885401573542834176
885401587123765249
885402967238742016
885403155378446336
885403861770489856
885404071074684929
885404289505558529
885404441175662594
885405215066738690
885405646321053697
885405703934021633
885405765732884481
885407353692180480
885408312526856200
885408373708959744
885408484602368000
885408572984758273
885408713728806912
885410200609583104
885410567162400769
885410875955392512
885410907341422593
885410947355037696
885412171227607040
885412288186003456
885412906573021184
885413465103499264
885414459065466880
885414688829431808
885414777467674627
885414870648320000
885415401324195840
885415883207618560
885416265719959552
885416584596115456
885416808257384449
885417559859834881
885418773473353728
885418794511880192
885419306464489473
885419426396418048
885419639920054273
885420803566600193
885420903735144448
885421150972641281
885421371748216832
885422276606341120
885423683581378560
885423841853542401
885424370725924864
885424389663195137
885424413142855680
885424446231769088
885424472827867136
885424532928028672
885424661902876672
885424703464230913
885425350276239360
885425421801713664
885425516710383616
885426366082166784
885426404929794048
885426614754050049
885427746914131971
885428084987580417
885428483614285828
885428857796521984
885428947026038784
885429428712505345
885429706123862016
885429910709428225
885431246830129154
885431550858285057
885431993864945665
885433122262839296
885434053247160320
885434670246223872
885434886710071296
885435510826696704
885436455027437570
885438127065538560
885438644177317888
885438903926349824
885439288774729728
885439787963961344
885440146572791808
885442465100115968
885442637175676932
885443754743779328
885444495285915648
885444616375422976
885446202980003840
885446407875944450
885446886542516224
885447641429155840
885447806286213120
885447945226682369
885451112052117505
885451140585979905
885451369125203969
885451436980670464
885451457398546432
885452154047152128
885454280068562945
885454455335989248
885454529382174720
885455331534438400
885455880334041088
885456857166381061
885457886754869248
885458283418537985
885458303433814018
885458742925561858
885459280589148161
885459290743611392
885459312520433666
885459335010295810
885459340567732224
885459341532385281
885459347240886276
885459353146445826
885459371462991872
885459389653684224
885459407923970049
885459413519269888
885459914847637506
885460269043941377
885460940740866048
885461350134239233
885462018970460160
885462074478002176
885463318307188738
885464042042777600
885464604742221824
885464648107077632
885464927896563713
885465317803257857
885465597521395712
885465836227579905
885465869760868352
885466095204810753
885466128008531968
885466357751590912
885466388084604928
885466454858006528
885466471987634176
885467678621802496
885467777728991232
885467821387509760
885467974710288385
885468291682246656
885469162264461312
885469578951774208
885470325730947072
885472183019073538
885472204829466624
885473212288643072
885474981286735875
885475020302151680
885475340671373312
885477166984470530
885477999365238784
885478304588984320
885478390341525505
885478483245359104
885479042375462912
885479352858791937
885480896874328064
885481106686062592
885481700209426432
885482038089965568
885482331070509059
885483236146774016
885483794861621248
885484364062228480
885486041641005056
885486495074856963
885487196379152385
885488516532228101
885489412813053952
885489512809410560
885490553584066566
885490727936958464
885491184591941632
885492538186006528
885492775319371776
885493015208439808
885493023945228289
885493581565181954
885494201630240769
885494833363775488
885494952486195201
885495197622292480
885495518943694848
885496583675985920
885496995250667520
885497020210872320
885497652321898496
885499300540817408
885499783057682432
885501516395810817
885502478384496640
885502606457675776
885502651810676736
885503885003165696
885505092601958401
885505130015195136
885506668154322946
885506853207240704
885507332750401536
885508096197615618
885508317551804416
885508452256296961
885508521864855553
885508863377764352
885509072098922496
885510774877073408
885511298959773696
885512529178447873
885513533009604608
885513598327541760
885513668103983107
885514089589596160
885514600787136515
885515009165492224
885515015704522752
885515610159017990
885515617595535360
885516502660599808
885516543521693696
885516658936250368
885516763714244608
885516818982612993
885516881465143300
885516914520453121
885518125436989441
885518327308791811
885518864490037249
885519495959384064
885520530949976065
885520675196239873
885521388597125120
885522053377425408
885522076898951170
885522603414257664
885522763976519680
885522890761715712
885523200255434752
885523563519893505
885524213469237249
885525802028339200
885526941733855232
885526958280511488
885527114333782017
885527909435355136
885528161026551809
885528597938577408
885528714041327617
885529117935980544
885529288467939329
885529746356023297
885530045695000576
885530210518618112
885530476236165120
885530747527774208
885531331794530305
885532119367372800
885532548985696261
885532811549126658
885533533825060865
885533932523069440
885535826062561280
885535852641824768
885535974217793537
885536441828335616
885536846159261698
885537814686953472
885537902800850950
885538080417079296
885538143637843968
885538530335768580
885539063717130240
885539157472366592
885539651796316160
885540398587944960
885540641765117953
885541337839411201
885541371880361986
885542373975105537
885542621782867968
885543036188590085
885543098113155072
885543751271292928
885544061461028864
885544133401731072
885544830113386496
885545977809166342
885546018498064384
885546042497933313
885547966790066177
885548633726357507
885548828983779329
885548972974256129
885550031473844225
885550177922232320
885550206426779648
885551650198474752
885552946318016512
885553989097586689
885554081464553472
885554179997093888
885554322846629889
885554433555406848
885554691660271616
885554944706842624
885555311829852160
885555626046357504
885556006268407810
885556231829676033
885557197593247744
885557234314481669
885558602962010114
885559534042873862
885559653257682948
885559669208608772
885560172319526913
885560634737295361
885560906377285635
885561128272658433
885561180034650112
885561474424373248
885561633820553217
885561942601084928
885563027935940609
885563318848462848
885563438117920769
885563877211197440
885564105951772672
885565200581234691
885566478120095747
885568070286274560
885568699469635585
885569905768189952
885570105849126915
885570347139047425
885571128558858240
885571726503026689
885571891137740800
885572513262166016
885572711291822080
885572775376805889
885572968012709888
885573640292626432
885573875878289408
885574020661469184
885574169022353409
885574280498565120
885574385263931397
885574665577615360
885574711404625930
885574789506752512
885575503406432256
885575821808857088
885576995656151040
885578003547402240
885578134153768960
885578610681286656
885578642830577664
885578749516951552
885579990112194560
885580205796073476
885580833746300929
885580984388898820
885580992932716544
885582829031174144
885585407949258752
885586011585036288
885586821798920192
885587149709619201
885587445349330944
885587565444833280
885587729572089859
885587776384638976
885588837786935296
885589267556306945
885590376572215296
885590738750275584
885590898486149120
885591045039435776
885591322622611457
885592164767588355
885592199492194305
885593463860998145
885594621228797956
885594797385420800
885595443693932544
885595648053186560
885596074366390273
885596685237440512
885598166564954113
885598470148685824
885598595831017472
885601465829539840
885601842406854656
885601976989302784
885602869000515584
885603025037012992
885603936635375616
885604116348719105
885604769758195712
885604917217570818
885606200339030019
885606335290765317
885608305778974720
885613453225971712
885613548164059136
885613559836798977
885613619572076546
885615803864936450
885618178419818499
885618708458201091
885618710983176192
885619094413864960
885619788554395648
885619822012145665
885622247859384321
885622559789600768
885623386029862919
885623462772879361
885623538702581761
885623767501725697
885623992916230144
885624029570244608
885624157643444228
885624202782547972
885624336182325248
885624591485456385
885626074142576641
885626247300222976
885627248795168768
885627394194886656
885627663012036609
885630190029860864
885630536995151873
885631591917252609
885631754396196865
885634333968662528
885635531849089024
885638996327620608
885640683134099460
885641470203396098
885641799141699584
885643634955231232
