913192172492673025
913192798299373568
913193697923289088
913195181033361409
913196428679188480
913198622413598720
913198686905057280
913199864699342848
913202235282214913
913202714632474624
913202968916307968
913202983378341890
913205630558703616
913209372729331713
913210141394325505
913210867814105088
913211594812870657
913212379286011905
913214985811218433
913217486539165696
913219243306491904
913221741480116226
913229108796047362
913233698232733696
913236600854863874
913239749388849152
913241614411341825
913241755050315776
913249229585383424
913251030355386368
913255750746636289
913257396507734016
913257411041021952
913257433392406528
913257455706046464
913257469648015361
913257492142067713
913257501973467137
913258583428599808
913259480984571909
913260746057961473
913261167828758528
913261870466895872
913266428706516992
913266578644520960
913267359124561920
913268363278864385
913268961952768000
913269022967324672
913269664314097665
913269967696535553
913275935402729472
913277254452510721
913278340404039680
913278384951693312
913278576140615680
913280797813207040
913281725010186240
913281847932616704
913282812601671680
913282898396053505
913283222766792705
913283871097147392
913284077817434112
913287222979330048
913287525212532737
913287664710881280
913289373378138112
913291470412685313
913291929680523264
913292512650969088
913292688581160960
913292903795105793
913293119294263296
913293797534175232
913294075666796544
913294271628873729
913294978025127936
913295486890790912
913296513920524288
913297843103961088
913298047488028675
913299759254949889
913300954119901184
913303091000352769
913303687728156672
913303932209856512
913304413627932673
913304860988203008
913304963304083456
913305238643372032
913306304709611522
913308097258459136
913308134092947456
913308276263092224
913308605985718272
913310370483159040
913311677038321664
913312849400705024
913312841217728512
913313996706529280
913314625684492288
913315437785620480
913315924572360704
913316293897486336
913316694592036864
913317610707652608
913317813305118721
913318123666853888
913318481784971264
913318746533572608
913319170632232960
913319277909938176
913319310671667200
913319332737880064
913319333304119296
913319932296757249
913320004422127617
913320053772132352
913321572634648576
913321664607166464
913322906725359616
913323796123324416
913323815693950976
913324430562086914
913324746585993217
913325255514406913
913325914968264704
913327530458865664
913327676739420160
913328382909263874
913329253512486912
913329895215915008
913331084275994624
913331833529610240
913331918728462337
913331948248080385
913332769471844352
913332919342641152
913332991245635584
913334334958047232
913334339273986048
913334980364918784
913335791509819392
913336548275425280
913336770682527745
913337091379019776
913337407814213632
913337454349840384
913337602526384128
913337743740162049
913338766898663424
913338945223528448
913339196668039168
913339780158570496
913339892456927233
913341352322256896
913341394332246016
913342132886298624
913342146031300608
913342308376023040
913342329519472640
913343132216983552
913343158066479105
913346249008533504
913346590039044096
913346634443931653
913346702706388992
913347775311618048
913348286232367104
913348505426649089
913348809283002369
913348894330884096
913349752435159041
913350132107665408
913350443484319744
913351198333390850
913351884844478464
913353631105208320
913354180152107008
913354190239539200
913354438693269505
913355048662466560
913355355031244801
913355861300453376
913355915520290817
913356095313399814
913356878658273280
913357960029536256
913358205333282816
913358384308535297
913359596688953344
913359681762013184
913359982996762625
913360256834600960
913361040062259200
913361413791510529
913361896560058369
913362010233987072
913362600641011712
913363042439704576
913363186405052416
913363191991865344
913363206084677633
913363211965038592
913363217564540928
913363227714650112
913363245850906625
913363252209504256
913363270312108032
913365196453933057
913365503598456833
913365722306420736
913366580641370112
913366593756958720
913366881490358273
913367387965095936
913367799464112128
913368202045984768
913369543925432321
913369788302454784
913370283859464192
913370312045219840
913370454336917504
913370455926562819
913370664752558080
913370955157667840
913371346234683392
913372271754055685
913373104025501696
913374439865245696
913375260942233600
913375694746456064
913377295271890944
913377387928330241
913378256522547200
913378630289514496
913378873752121344
913378923001589760
913379253613400066
913379345942695946
913379727032901632
913380815987466240
913380887475085313
913381983316832256
913382298950754306
913382608028831744
913382652282937344
913383436303392769
913384067281940480
913384433826385922
913386684741545984
913386938463334401
913387823927001089
913387859171840000
913387919943061504
913388174545526789
913388727946313729
913389022571003904
913389044872175616
913389744163139584
913391594581217280
913392452786147328
913392748820094987
913392796370964482
913393018220302336
913393634174791681
913393675882856449
913393809068879872
913393926219943936
913394923705110530
913395012527734784
913395343462731777
913395501575426048
913396264556953600
913396534506553344
913396673438785537
913396844255784960
913397250289672193
913397802654367744
913398036411191297
913398486757990401
913398740081311744
913399184484634625
913399225244774400
913399426735058949
913400252895563777
913400333170302976
913401009971646466
913401405104418816
913401424503033856
913401519436894208
913402001748299777
913402934993588224
913403143412682752
913403627573825536
913403710419685376
913403774324166658
913404227556401152
913405319509716993
913405506143756288
913405703871746048
913405896440664065
913406057493532673
913406076393066497
913406434620198919
913406683619184640
913406755887083522
913407962949054464
913408465065852930
913408841727053824
913408990771425280
913409843012280320
913409852298420224
913410293971243008
913410772222570496
913410883279360001
913411083968245760
913411351355281408
913411388676157440
913411563012358145
913411661645705221
913411777286885377
913412532227989505
913412887191932928
913413739914911744
913413874103275520
913414266845302786
913414911509876737
913415313894641664
913416922271797248
913417201658540032
913417223548624897
913417267546902528
913417282449223686
913417292771360768
913417324316807168
913417432034889728
913417726500229120
913418403213275136
913418510717423616
913419249821110272
913419312144281600
913419701212065792
913419818967212034
913420424272367616
913421087672848384
913421851900223488
913422008985227265
913422031609323520
913423058085478402
913423692763365376
913424080224780288
913425081413652480
913426097278263296
913426132653019136
913427084868853761
913428176289886208
913428266169409537
913428624308621312
913428644952924162
913428878001045505
913429074676240384
913429709068828673
913429960164917248
913430648957882368
913431129708953608
913431720548032513
913432311982690305
913432387756986368
913432980110094336
913433045331513344
913433801283469313
913434308743966720
913434491556847616
913434543142653952
913434625028055046
913434874618552327
913436381011169282
913436854980136960
913437342572019712
913437711851175936
913437726048956425
913437931376971776
913438789497958401
913439108839673857
913439653285564421
913439992424284160
913440602230050817
913442159348649984
913442303116750849
913444112833036289
913444740753969152
913445376039907328
913445937803956225
913447101660581888
913447170535247872
913447373870903299
913447447938125825
913447539483058176
913447610526072832
913448039674650624
913448201813766144
913448594287550464
913449179262963713
913449375258439686
913450095445655553
913450372689260544
913450699710636032
913450779515658240
913451099268554754
913451320031498240
913451327933444096
913451372565147649
913453305241718785
913454063152455681
913454578498187264
913455197308960768
913455440570339328
913455549068410880
913455839398174720
913455920818114562
913456752380776453
913457106531049472
913457567766003712
913457889515319297
913459513616949248
913459775098167296
913459908871323648
913459917058711552
913460446434398208
913461167183597568
913461255532351488
913461608097226752
913462248064081920
913462756199694336
913462851200864257
913462916824711168
913463027109957633
913463404739915776
913463508288851968
913463864238510086
913464059126702082
913464174474297345
913465370241007617
913465963332370432
913466286008668160
913466513205661698
913467019571236864
913467107135901697
913467426649497600
913468534331723777
913468687029383168
913469906171052032
913470980022063104
913471328916779010
913471598639886337
913471855658487808
913471915322253313
913472374506262528
913472934223732736
913472978712764416
913473070001618944
913473128705122304
913473229037109250
913473847323693056
913473951422087169
913474199213281280
913474780816396288
913477190725128192
913478095612542977
913478470985904129
913478589303132160
913478653605961728
913478653605961728
913479046742151168
913479500469604352
913479896889925632
913481239897755649
913481273196400640
913481328657649664
913481330054324224
913481370181226497
913481907530338305
913482358514479105
913482521823805447
913482750895710209
913482797620350976
913482845489963009
913482996304539650
913483032601952256
913483408508018688
913483641023614977
913484131329204225
913484286132703233
913485146912944128
913485820820148225
913485826520178689
913486145165471744
913486227038523392
913486854879506432
913488023765098497
913488092283179009
913488952295870464
913489279254515712
913489378961510401
913492358020333568
913493628554665985
913494214943444992
913494647460253696
913495537030127616
913495961292431362
913496118683734016
913496198249680897
913496596758827009
913496624441303041
913496993951084549
913498160055701506
913498506127650816
913498953022193664
913499117162131456
913499189438500865
913499401498382338
913499826406461442
913499919985594369
913500081969618947
913500304137625600
913500749988089857
913501668016365568
913501874229268480
913501942189559808
913502908687065088
913504263107522560
913505160919269378
913506113047457792
913506188007964677
913507423289204736
913507553002295296
913508295058616320
913508337425281026
913508551724646400
913508755819479041
913509772070137857
913509860381044736
913511191175077888
913511934091157504
913512881194504192
913513245738246144
913515699187834880
913516021658603520
913516149257666560
913516407958142976
913516448722620416
913517432278536194
913518174687059968
913519267718541315
913519337624846336
913519822553612288
913521445036228608
913522220328210432
913523008483946496
913523088024780800
913523369286434816
913523688062033925
913523781947219974
913523886976901121
913524212278743040
913524500045729792
913524590541860866
913524889281232896
913525037780672512
913525284703313920
913525521824194560
913525962796617728
913526274387300352
913528457547730944
913529167081127936
913529802748862464
913531727456407552
913532883142242304
913533199116001280
913533506071830529
913533744769912834
913533943256944640
913537573716234240
913537813030801408
913538106304770049
913539384481218560
913539879048318976
913541130012299266
913542086212947968
913543181643452418
913547459523219461
913548635291316224
