865729696436301824
865735758690299905
865737770009899008
865747391021932544
865748823431315456
865749791468380160
865750460564635648
865750624360689664
865772364767744000
865772942474354688
865772966235086848
865774931962998784
865778049878560768
865779310744961024
865783606245023745
865784318454628354
865784630154338304
865784649964027904
865784673636687872
865784688941694976
865784700023046144
865784715328065538
865784726367461376
865789517860671488
865790268473319425
865792131633475584
865792627681243136
865794161060048897
865800846797393920
865801865484791809
865802906095759360
865802935820800000
865804682345807872
865809815326646273
865810255090987013
865811125010608128
865811340601901056
865814579330330624
865814867034333186
865814935015743488
865815239639539712
865816781855879168
865816783869157376
865817002350436352
865817717520990208
865818006261288960
865818646131724289
865820369655140352
865820602682281985
865820824313483265
865821626604158976
865821696200245248
865821810788577281
865822172190830592
865823616167837696
865824311608848388
865825619933888514
865825842437517312
865826955756797952
865828188966006784
865829086320402432
865830514749583360
865830737991184384
865832857343840256
865832948519534592
865832982048886784
865833462686777344
865834059171287040
865834605856907264
865834684646903808
865834970287353856
865835406549327873
865835708354789376
865836178167279616
865836850673405952
865837030118498304
865837949098668032
865838107744141313
865838112785801216
865838228275965952
865838798793474049
865838967987421186
865839208031825920
865840304468787200
865840384940920832
865840563517444097
865841005127503872
865841551674683396
865842974688763904
865845138857357312
865846382686547968
865847132124786688
865850055911231492
865850300023922688
865850500851220480
865850757622489089
865851587813679104
865852679091834881
865852932184518656
865853147260100608
865853157146062848
865854250873749504
865854560505663488
865855014584991745
865855908458496000
865856280015106048
865856319839981568
865857094104297475
865857259125043200
865858958770270208
865860424029351936
865861328665280512
865862961792987137
865862990180081665
865864213746647040
865864582862180352
865864798583504901
865864984156401664
865865170161152000
865865174821023744
865865553059225600
865865712971247616
865866464024289280
865866556340924416
865866623789539328
865868044467404800
865868965494566913
865869000248627200
865869131467415552
865869159284060161
865870108559912960
865870152885088257
865870467147681792
865870535070285825
865870638564683780
865871178237456384
865871324475949056
865871476288835584
865871481468616704
865871680555679744
865872158681182209
865872371311415296
865872433806544896
865872751881486336
865873076520710148
865873078948999168
865873167868448768
865874092817342464
865874102443266049
865874275609268225
865874442882338816
865874473811144705
865874599652798464
865874681265508353
865874787268042752
865875196682567680
865875363649527808
865875749030461440
865875811731222530
865876277588180992
865876745794330624
865876870977339392
865876946000920576
865878109840715777
865878208725561346
865878321598533634
865878623307354112
865878851502649345
865879177693679616
865879262535892993
865879338461409280
865879652526678017
865879800765874176
865879804435976192
865880134389288960
865880329516716032
865880398634594304
865880412853325827
865880463780569088
865880669326639108
865880839443361792
865880920296968193
865881441565061120
865882420507279360
865883142296612864
865883162899099649
865883351202267137
865883514134310912
865884368719532032
865885426409644033
865885469514584064
865885504818077696
865885568776904704
865885826223398914
865886503834091520
865886657018548226
865887311250182145
865887381223768065
865887678629326849
865887937292062720
865889095217815552
865889247953387520
865889617282727936
865889621540057088
865890062453669888
865890343027388421
865890350145163264
865890373910110208
865890385104695301
865890404868247552
865890428738043904
865890449072025600
865890468625866752
865890475538034690
865890605968314368
865891311257346049
865891774132178944
865892340413739009
865892382595837953
865892491068833792
865892654743203841
865893892734033920
865894294888042497
865894554121187328
865894857574944768
865896292681207808
865899284692049921
865899326479970304
865899448509095936
865899704101388288
865900034717618176
865900230167998466
865900298451038209
865902110524792832
865903514572259329
865903732713717761
865903880198029312
865904163041021952
865904261057703936
865904365579718657
865904462690484225
865904753980649472
865905317795770368
865905724349587456
865905970282614784
865906021004304386
865906383849275392
865907316960382976
865908553462288385
865908940424572929
865908980601806848
865909436644286464
865909446513438721
865909501727322112
865909553933824006
865909751632326656
865909795588538371
865910196958375938
865910458259320832
865910757258649600
865910891753197569
865912007140282368
865912204977217536
865912765424205824
865912843169935360
865913881511833600
865914034595536900
865914447109423104
865914928099508224
865915121490636800
865915962746216449
865916480537362432
865917326230601728
865917772089479170
865917819296206848
865918300919914496
865919106490433538
865919129659813888
865919326376820736
865919570539884544
865919821824831488
865920088251277312
865920326877798401
865920446704865280
865920604549115907
865921109094522880
865921156523499521
865921294927372288
865921432710262784
865921582765572103
865921597479301120
865921665770831873
865921916821004293
865921962090135554
865922276918779904
865922311714635777
865922339015471109
865922385282830337
865922826620088321
865922861055315968
865923038373703680
865923382436605952
865923811438452737
865924154838724608
865924287894519808
865924514114400256
865924626341298177
865924813675614218
865924845195976704
865925106253606917
865925325515100160
865925513499561984
865925559682990080
865925925518680064
865926303463211008
865926432312242177
865926607495737344
865926696628891648
865926817407877120
865926902774738944
865927516690821120
865928349788639232
865928568458661889
865928590608793600
865929603822608384
865930153595215873
865930768190771200
865930898641780736
865932592155176960
865933095815577600
865933145371287555
865933347868028931
865933453208023041
865933934030450688
865933933103517696
865934082324271104
865934560852295680
865934899366252545
865935005767225349
865935575525736448
865936415825252352
865936860505415681
865936945263804416
865937060422705152
865937103326203904
865937564666081280
865937673831231489
865938030703652866
865938548519833600
865938569860452352
865938633777393672
865939182795055106
865939912054452224
865940140480499712
865940218926575616
865940594534887424
865940896352804864
865941444833550336
865941625385758720
865941844722683906
865942489500446720
865942851309510656
865942923740930055
865942971962847232
865943178788163584
865943350456844288
865943393947570177
865943530602188800
865943676853276672
865943709170388992
865943734940303361
865944544700923907
865944984004030465
865945281908682756
865946205855068162
865946983680311296
865947074528935942
865947151985070080
865947254443474945
865947844263518209
865947865725759488
865948359026069508
865948430476001280
865948670147088384
865949116295151616
865949117708742657
865949151200256000
865949403504422913
865949428313722880
865949498467651584
865949792450617344
865950111456784384
865950357733748736
865950474528329729
865951006760329216
865951417906982912
865951473716350977
865952079290011648
865953067266658305
865953600773554176
865953654775443457
865954150668005377
865954290262781952
865954925314002946
865955398372786178
865955959482404864
865956502707859456
865956545993072640
865956550753386496
865956586682036226
865956862532911104
865957098672316418
865957628697952256
865957675623788544
865957743332667394
865957845321306113
865958364437766144
865958567903408130
865959249456881664
865959614529114112
865959907237007360
865959980050124800
865960013159968768
865960382858489860
865960763307036674
865960905120600066
865960958858022912
865961046896463872
865961578453229568
865961774683742209
865961882611482625
865961952828379140
865962244642918401
865962396929728512
865962788019216384
865963261719711744
865963435820892160
865964212862013440
865964269573206016
865964372832788484
865964502067494912
865964546867032069
865964593339748352
865964839147065344
865964890955100160
865964974740582400
865965117120360449
865965172493492224
865965520234958848
865965534822764544
865965620621451264
865965660005965824
865965916080685056
865966335221579776
865966658044735488
865966965348855811
865967178364989440
865967692234227713
865967804691959809
865967933994012672
865968129276555264
865968447955632128
865969062630830080
865969367359643648
865970510642982912
865970533120311296
865971101163290624
865971214908624901
865971587794731008
865971750315716609
865972607618863104
865973079889018881
865973325507547136
865973652944297984
865973757273362432
865973767440302081
865974834525876224
865975296125808641
865975543971401729
865975930501693442
865975963246571521
865976034134548480
865976181283270661
865976243073765377
865976249960865793
865976360946343937
865976535991431168
865976608653418496
865976830528040962
865977006177087489
865977012648849408
865977256765771776
865977332439404544
865978080371900416
865978875565797376
865979044210155524
865979218701819904
865979290743132161
865979500907155459
865979525540270081
865979590719799296
865979707111690240
865979837906857988
865980021055291393
865980554302427137
865980623692976128
865981171750117377
865981388406829056
865981473748340737
865981555956699137
865981686860926976
865981697162182656
865982295211114498
865982498156810241
865982531585404928
865982859978440704
865982945793896448
865983068124925954
865983103411539968
865983195233300480
865983274346323968
865983389958057984
865983603620139008
865983736571199488
865983893090037760
865984080160202752
865984228613382145
865984315062185986
865984378245189632
865985568475402240
865985602042433536
865985607524397058
865985709395595264
865986080507650048
865986820819099648
865986888280178690
865987007335596032
865987008770043904
865987631905165312
865987791058067457
865987898222542849
865988546053763072
865988589938724864
865988603796738048
865989047889666049
865989420679397378
865990553351147522
865991060165500930
865991946514432003
865993833074626561
865994809877684224
865994914148085760
865994923870388224
865996267272507392
865996827799060480
865997897720090624
865997900374999040
865998235227369472
865998470943039489
865998589381689344
865999797832089602
865999865641185280
865999885186863104
865999939981238273
866000409764274176
866000581692751872
866001045109043200
866001240634904577
866001828575444993
866001885869875200
866001932388880384
866001932481167360
866002450242654209
866002845279150083
866002894998441984
866003285622247424
866003357126840320
866004136164249600
866004255039119360
866004384681000962
866005590673420289
866005705416990720
866006809991147521
866007262187409411
866007622004219904
866008762490007552
866008873785864192
866009318054875136
866009471469985792
866009790241271808
866009920889643008
866010165631373312
866010479977803776
866010685548965889
866010849319600128
866011058040782848
866011141306277888
866011864731443200
866012134026747905
866012424964628480
866013390443098112
866013887191298055
866014044255272960
866015137198743552
866015820954165249
866015992706719745
866017609770315776
866019258479894529
866019311105839105
866019731639332864
866020264827658240
866021862207356928
866022559455862784
866022892169048064
866023687375515650
866024361656037376
866024426172801028
866024598227361792
866025400547332099
866025967910875136
866026780326412288
866028017268797440
866028375214870528
866028922772881418
866029550693732352
866029623162937344
866029946937933826
866030149250281472
866030723144265728
866030769793368066
866030900907311106
866030908888858624
866032274265047041
866033643977928704
866033724294672385
866034523951312901
866035090765250561
866036702158233600
866039109319569408
866039257843945472
866039548148633601
866039682190258178
866040144549335041
866041212326731777
866041392237248512
866041788699639810
866041880936501249
866042328787628033
866043034189918209
866043451028144130
866046627454300161
866047421482225664
866048402055979009
866049741699862528
866052555062816768
866052565326331904
866053328127578112
866054314913128448
866058885827874816
866062592795529216
866064254969032705
866064393720799232
866064573555765248
866064710134894593
866065141300908032
866065687869100033
866065718105837570
866066069399769088
866066474955292672
866066921397121026
866067027416555529
866067874598748164
866069177366437888
866069434972217344
866069975408050176
866070598899859457
866075690646556676
866077233718407168
866077381412433920
866078415195185153
866078955878535169
866081087788863490
866081089433079809
866081090641027072
