904862300896727040
904864906230583297
904868635486932992
904869369032753152
904878673987293184
904889421408940032
904894849425432576
904913970418601984
904917904839163905
904922471090061312
904922476706234368
904922495047827456
904922513309933568
904922523221073921
904922541457854464
904922551247392771
904924940452888576
904926125230624768
904926597588844545
904926741335965700
904927569048346624
904928338573230081
904930008589881346
904930317378756608
904930847010238464
904932463843172352
904937098708475905
904938169912754176
904938934953799681
904940204934516736
904942966292262912
904943001872584704
904943477129138176
904943490039209984
904944747109904384
904945989525667841
904947484010496000
904947905370435584
904947998609821696
904948443625508864
904948586995175430
904948595404804096
904949252576743424
904949495137419264
904949934696402944
904950168604348416
904950190389563392
904950383491121152
904952671089647616
904953152755167232
904953534231269376
904953731594235904
904954005725556737
904954306930937857
904956058279522304
904956366627930112
904956903259865090
904958666813698050
904959795723210752
904960282346311680
904960334464782336
904961194028609536
904961582039523328
904964936224399360
904965222313615360
904967172371267585
904969170915401728
904969391682592772
904970217457111040
904970484302979072
904970969864908800
904972214243663872
904972231238975488
904974171213615104
904976376691818497
904979828046225408
904981956567367680
904982044622692352
904982551483355137
904982607171117056
904983819605995521
904983928611725312
904984449728864257
904984633456119810
904984676707729409
904985678253096961
904986592305184768
904988802883735553
904988886820061184
904988938691108864
904988950628093952
904989016264777728
904989020379369472
904991461057470464
904993347462422528
904993408208572416
904995751134208000
904996030235770880
904997971531620352
904998011876646912
904998113164890112
904998799793426432
904999838001094656
904999973535621121
905000940192899073
905001392674308096
905001565060259840
905001571272073216
905002940125065216
905002958932336640
905003585154502656
905004149779062784
905004221837266949
905004965478981632
905004982193324032
905005431340326912
905006128744071169
905006143298306048
905006281802612736
905006888919736321
905007381729361920
905008107713126401
905009179475181568
905012188334637057
905012979929899010
905015754910728192
905015858698838020
905016218071048193
905017040251092992
905017773386059778
905017860174503937
905019758315278338
905021791512301569
905022642557788162
905023510116007936
905023694610694145
905025098683428864
905025325863755776
905026220886249473
905026626932678657
905028256981712897
905028279387684865
905028285087850496
905028298941575169
905028321796390912
905028327332831233
905028337038491649
905028342931263488
905028359339507712
905028381821083648
905028560687161346
905030250303811584
905030880468586496
905031556930166786
905031603419623425
905032187942227968
905032390623596544
905034052251643904
905036063122575360
905036151710474240
905038010013687808
905038650622300161
905038987567366144
905040285952069632
905040340738027521
905040343481057280
905040618547765248
905042602965291008
905042701384646656
905043661582368770
905044537302798336
905044551362105344
905045878657998848
905045991404969984
905047020905345024
905047584657600512
905047721228292096
905048519131754497
905048609015640064
905048692570324992
905048826771320832
905049189637378048
905049884105068545
905051145525223424
905051652075507713
905052176162185216
905052345075105793
905052487631212544
905052558397460480
905053070761107456
905053458734215168
905055010907676673
905055436793155584
905055767476273152
905058407618682881
905059500037689347
905061562649645057
905062264071491593
905062858299461632
905063481174568960
905063483514826752
905063793125986308
905064674152128512
905064910064939010
905066396840747008
905066813775634434
905067713726480385
905067909625602048
905069328051171328
905069357461626880
905069458640777216
905070501382508545
905072206270660608
905073353064665089
905073542236172288
905075375163662336
905076351216087040
905077055003521024
905077290559836160
905077783398940672
905078369125097472
905078674583461888
905079247726714881
905079568171708416
905080534082101249
905080578130812928
905080745584185344
905082254317281283
905083240192585729
905085103826624512
905085292171931648
905085380940242945
905086364164784129
905086851886800896
905087269400453121
905087282826403843
905087566650728448
905087812839645184
905088379309572097
905088931812839429
905089134095728641
905089360587923456
905089947803189251
905091129326145537
905094165469552640
905094714831106054
905094794174717952
905094951406407680
905095333901938689
905095548885229568
905095624340713473
905095898656538624
905096065623449600
905096501772333056
905096934624559104
905096987233722368
905097205891117056
905097352528232448
905098178533494784
905098250339962880
905098349195309056
905098876847357952
905098920224841728
905099025204092932
905099664608845824
905100922270785536
905100975987449857
905101834536275970
905102030930313216
905103049827524608
905103567731621888
905104088542486528
905104147027918848
905106188915834885
905106949833928705
905107228541165572
905107492350435328
905108240236761088
905108694085627904
905108723017949184
905108723672256512
905108746338172930
905108955181043712
905109072667713536
905109527921655809
905109827105546240
905109918985924608
905110053874741248
905110523666194432
905111496501465088
905111575853494273
905112543387111426
905113032371585025
905113217143365633
905113668135915520
905113713618845696
905114289593298944
905114619345330179
905115642478694401
905115760590299136
905115824855404544
905116907006640128
905117640129212417
905117980568285184
905118295073841152
905119852905586689
905120015518646272
905120053468778498
905120629988499456
905120684728311809
905122314248957952
905123779684261888
905124361983504384
905125267663798274
905126175403638785
905126312125153280
905126588278333441
905131387547656195
905133534561673218
905134214017945602
905135483788947458
905135813263933440
905136892139626496
905138971272855553
905139589563723776
905139813291933696
905144433796100096
905145401006669824
905147897162989568
905148092139409408
905149094909272064
905149530840195072
905150090091921408
905150220538916864
905150578917076992
905151674368581632
905151882582220800
905151902769340416
905152216926871552
905153667027886081
905153668655316993
905155357873389568
905156534291726336
905157006268526592
905157161558433793
905157446028730369
905158496966017025
905159577901129728
905161147757690880
905161263596101633
905162014066135040
905162293889179648
905162776812847104
905164212988727297
905167795201200128
905168233380151299
905168488305750016
905169793036189703
905170329496162304
905172343936475142
905173299117862913
905174109411303424
905175988404879361
905178966675345411
905180159816343552
905181073453264896
905181259957198850
905181619060912128
905184020761378816
905185945141485568
905188466857783297
905188486302633985
905188795678695425
