1008502911196909568
1008507182030184454
1008508683314257920
1008512938750169088
1008514753885556737
1008529912259600384
1008545119061061632
1008547922806534144
1008555963513573376
1008558046270971904
1008560517038923781
1008562052300865538
1008562222640099328
1008565377104842752
1008565399426928640
1008565421660917760
1008565435443367942
1008565440925327361
1008565446466064384
1008565460546277381
1008567904667947008
1008569029668360192
1008572227565039616
1008577599143018496
1008577965960122369
1008579619568549890
1008582599642697728
1008583194692800512
1008583744813502464
1008584118328791040
1008585770402304000
1008586701269356546
1008587175666085888
1008587749736288257
1008587760544952320
1008589127065878528
1008590114761555968
1008593138678673409
1008593874489692161
1008595889584328704
1008596361367834624
1008597165915234304
1008597357632638976
1008598684475576320
1008600944685314049
1008601459297062912
1008603116525309954
1008603726083321856
1008604099661533184
1008604982080430080
1008605248674521088
1008605490820075521
1008605694503931904
1008606002646618113
1008606173472415745
1008607543604776961
1008609702429720576
1008611245317152768
1008611422438395904
1008612493080584192
1008613242153906177
1008614701599678464
1008614701641502720
1008614795677876224
1008615803804180480
1008616508283637760
1008616817089236993
1008617127044091904
1008617996338810880
1008619007711305728
1008619730662494209
1008620731134078977
1008623112773087232
1008623856779780097
1008624108236664833
1008624161613385729
1008624360150700032
1008625423918469120
1008625632937435136
1008625935359324160
1008626047078813696
1008626448956121088
1008626633748738048
1008626789189644288
1008626982593220609
1008627057855778816
1008627833613275136
1008628736940527617
1008629124083208192
1008629688426778624
1008630637224488960
1008630727649439744
1008632440523354112
1008632682715254784
1008632731306217472
1008632864798363648
1008633057438523392
1008635539904442368
1008638454849245184
1008638899277557761
1008639411012202496
1008639455828291584
1008639457279520768
1008639923396571136
1008640055647358976
1008640160811114496
1008640897670471680
1008641234603331584
1008641239158345729
1008644304397467648
1008645223621242885
1008645760907440128
1008646758107402241
1008649784100642821
1008650020982263808
1008650489058082816
1008650649171447809
1008651287280455683
1008651889624473601
1008654941299400704
1008655327783477248
1008656918288560128
1008659139206307840
1008661798453641217
1008665060984664064
1008665863128600576
1008666973796958208
1008667540904730626
1008667583527116801
1008667668340039683
1008667668990185472
1008671229925052417
1008671239651635200
1008671261990490112
1008671271712972801
1008671289928798208
1008671308148805632
1008671326251429888
1008671340226863106
1008671350037377024
1008674402454654978
1008674782139777025
1008674948871806976
1008675776001167361
1008675997116502017
1008676119300714496
1008676227899674624
1008676860186816512
1008677470898450432
1008678980042584064
1008679301368172547
1008679948897411072
1008681080998760449
1008682184230645760
1008682977642123264
1008683612538064897
1008685520149516288
1008685866754048000
1008685866628218885
1008685905782104064
1008687018568835072
1008687521985941504
1008687618555510784
1008688072509280257
1008689273359519744
1008689746787233792
1008689758409637889
1008690202083090432
1008691548719140864
1008696647000436736
1008698498722738177
1008700098614874114
1008703060863078400
1008703095855984640
1008704289265635329
1008704813562060800
1008705559367946241
1008705864482488320
1008706475584352256
1008711124165038082
1008711187721342977
1008712472726040577
1008715177829773312
1008715748124942338
1008715976349806592
1008716113851666437
1008717501931380739
1008719574089338880
1008719617873698817
1008719771809009665
1008721960895942656
1008722512887328769
1008723783409111040
1008723841034661895
1008723916595089409
1008725208755253248
1008725685496696836
1008726301782339584
1008726476231970821
1008726671510396929
1008729493111017473
1008730288938278913
1008730473261096960
1008730709538869248
1008732014869188609
1008732578193526784
1008733514060173313
1008733948279652353
1008734208951369731
1008734257785851904
1008734411226042370
1008736186163064832
1008736266337378309
1008736293470261250
1008736649197563905
1008736721255534593
1008736840319414272
1008736847818702848
1008737257103216640
1008737795488219136
1008738413267374080
1008738969494999041
1008739944674791426
1008741752692408323
1008741996125741056
1008742046620717056
1008742336510210054
1008742498389372928
1008742689502842882
1008743947835969536
1008744126270107650
1008744139029204993
1008744415127629829
1008744906666463232
1008745280228020224
1008745372452360200
1008745535992467461
1008746253658808321
1008746311087161346
1008746353869099009
1008746390003027968
1008746459829661696
1008747804343193600
1008751236928163842
1008755299270971393
1008757713201979393
1008759062647930880
1008761040543379456
1008761545109725184
1008762092738920449
1008762186989211649
1008762215921606656
1008762765593468936
1008763503790960640
1008764103891046400
1008764404517736448
1008764778121179138
1008764959399071745
1008765649693396998
1008766960778301440
1008767490346889222
1008767958909407234
1008768004291813377
1008768844104699915
1008770593238511618
1008770743881142272
1008771294874275841
1008773800253681666
1008774237551824897
1008774255914336256
1008775314032472065
1008776550672629765
1008778503167324161
1008779047231524865
1008779896422850562
1008780114874785792
1008780141605072897
1008780802279268352
1008780908642619392
1008781429273186309
1008782213037613057
1008782246810128386
1008782407791775745
1008782911062102017
1008783619056373762
1008783756205920256
1008784178970849280
1008785099264024576
1008785685057343489
1008785862971330565
1008786305071898624
1008788960527749120
1008789771932635136
1008790439678431235
1008791164651229186
1008791197752741888
1008791292254605312
1008791414124285953
1008791992153837568
1008792078476771329
1008794438779490304
1008794847766044673
1008795917254680579
1008796181676347392
1008796495687176192
1008796660208668674
1008796954560729088
1008797358862340099
1008797572901888001
1008798191599353857
1008798260360896512
1008799301827485697
1008799364754608138
1008799453078347776
1008799695215452163
1008799697857859589
1008799780888342530
1008799981401231363
1008800195243597825
1008800561251213312
1008800599578533889
1008800822057230337
1008800853548027906
1008801011601952770
1008801155319726082
1008801664671854592
1008802870567800834
1008804414335913984
1008804764795228160
1008805380011544576
1008806029117796352
1008806401467174913
1008806761913077762
1008807133113143296
1008807320191631361
1008807825135431680
1008811362640977921
1008811988481400832
1008812464425832452
1008812499246964744
1008812597414694912
1008813484467863557
1008813630614360064
1008813963570753536
1008814575683239937
1008814725357015041
1008815610460082177
1008816038694326272
1008816257674735616
1008819184632061952
1008821370917138432
1008822006140358658
1008822631401971712
1008823023204552706
1008824230316683264
1008824571322032128
1008825725464571906
1008827035765133319
1008835737373106176
1008837795828457472
1008838258229436416
1008844310996029440
1008844890904629253
