957045893924089856
957050454357237762
957053586181107712
957056867167023104
957059005872001024
957065299571953664
957066910662762497
957069291966345219
957070184019263491
957075925149061120
957079505788645383
957089468883795968
957090941352927233
957109234872864769
957121464456634368
957121488146128896
957121495100215301
957121502226329600
957121513420984322
957121537521446912
957121557184303104
957129835058475008
957131971930533888
957135299406114817
957137615341441024
957143030712098816
957143540257079298
957144086607048707
957144696337285120
957144970867167232
957145345397489664
957146216500027392
957147556630487040
957148102015750145
957149657838350336
957150011283951616
957150333062479873
957151030944387072
957151308494012416
957151381865029632
957151777018826752
957153845645213696
957154582706180098
957155123620278274
957155888426618882
957159015439618048
957159603325820928
957161229256216576
957162333284941824
957163054189330432
957164789595336704
957165380656664577
957165960632270848
957166164068708352
957167420896153601
957168385816580096
957168399016169472
957169270663729152
957169919195537408
957171628340842496
957174198656434176
957174448485957632
957175019901079553
957175551508312064
957176142083092480
957176264640598016
957176609404018688
957177559539531776
957177711759429633
957178648284446720
957179151257161728
957180156615053312
957181235905945600
957181658494455808
957181800366985216
957182455013888000
957183443837902848
957184718394466304
957185642320023553
957186221427646464
957186227085725699
957189290219462656
957191599557136389
957191671493603328
957193344307924993
957193866356121601
957194343122591744
957196184275136512
957196961790046208
957197411298013184
957198005043712000
957198927572250624
957199548941783040
957200324078563328
957201129200373765
957202205899030529
957202391446753280
957202671739588608
957204531942756352
957205405989564416
957207047522701312
957207324929740801
957208165334044672
957208964776824832
957209240237694976
957212193090605056
957212396946309120
957212423840260096
957213293457784832
957214365039636480
957214832465506304
957215836489609216
957216228132651009
957216731306409984
957216960089149441
957218366082703360
957218549256413184
957219193509875712
957219841353555968
957220063496450049
957221116304658432
957221713061826560
957221932214124544
957221966523654144
957222917221289984
957223033923612673
957223103658065922
957223511424225280
957225571993440256
957227098929852417
957227153741041664
957227254152605696
957227259726909440
957227278127304705
957227300470317056
957227314554769408
957227324495327232
957227330107330560
957227335681441793
957227341423538176
957227696353959936
957228032053297154
957228510212427776
957228998509105152
957229828968730625
957230838755811329
957231802078449665
957233155345444864
957233678471573504
957234635142033409
957234793460060160
957235302686445568
957235616000937985
957236108676526081
957236333377916928
957236403112480769
957238475664908288
957238543172194304
957238634394128385
957240111216889856
957241448834805766
957242488028319744
957242745281761282
957243508842254336
957243736567754753
957244038830321664
957244404955271168
957245144532684800
957245930025209857
957248085004079104
957248413950775297
957250032876572677
957250159615856640
957250654552117248
957251400119054336
957251586375503872
957251775563788288
957252657072295936
957253263442587649
957254231421083650
957255087591710720
957255137134895105
957255302176440320
957255562269425665
957255691164684289
957255706884919302
957256278144827392
957256484269719553
957256638381088768
957256703648653313
957257507906473985
957257953572278273
957258581543473153
957258736439103492
957259105181360129
957259155575844864
957259238031708161
957259393481003009
957259668673519616
957260236699721729
957262615063027712
957263221831938048
957264096839290881
957264541565538304
957265265510813698
957265929976647680
957266169261633536
957266426292850688
957266702663847937
957266874852495360
957267085280923648
957268176781406208
957269200623546369
957269277169651712
957269460020355073
957269624726458368
957269826740936704
957269983641432064
957270045972946944
957270634664550400
957270647989833728
957270875597832192
957271337126547457
957271550008483840
957272079698677760
957272355172245504
957272607467954176
957273455891763202
957273700230934528
957273779859808257
957274890456809472
957275148289298432
957275762867945472
957276376285040641
957277522777071617
957277963363504128
957278017574854656
957278700013277184
957279989665353733
957280387314499586
957281761842561024
957282389176266752
957282599013101568
957283284630757376
957284330031558656
957284867523440641
957286006813798408
957286387031658497
957286433575882752
957286877769490432
957287387733876737
957287542050689025
957287559817809921
957287828345499648
957287861426024448
957287944926253056
957288234513502208
957288672231075842
957288787498893312
957288896433414145
957290470585131008
957292163624251392
957292335003504641
957292469837811713
957292996248129537
957294448567816198
957295888489213952
957297779088371712
957298101240385542
957298649414987776
957301889674203137
957303602887962624
957304079780376577
957304307178754048
957304455371939840
957305422628769793
957306284415516672
957307517314519040
957309931107028994
957310193800429568
957310576673386497
957311783181615105
957312098832326656
957313122007764993
957314001771343874
957314705432997889
957315727542796288
957315921651040256
957317725256167425
957318295467814912
957319315321163779
957319725859725314
957319782352613376
957320924151402496
957321739645550592
957321806288949250
957322048275132416
957323625513783300
957323675023347712
957323725162106881
957328053260242946
957329474504351745
957330434152640512
957331239010172928
957331889370619904
957331939819696128
957335227000639493
957335437412061185
957335565849866240
957335609642766339
957335825582313473
957335857995878401
957336026023948294
957336040942923776
957336512554774529
957336714946760706
957336939820126209
957337866060824577
957337964580925443
957341004453109762
957342465773768705
957343426382565383
957344705683116033
957344729787764736
957345165471092737
957346523863486464
957346549050302464
957346740755197952
957347505582362624
957347894503370752
957347941391437825
957348016666456064
957348943301505024
957349016353861633
957349133924347904
957351180442664960
957351710191702017
957352743563350016
957353022882902016
957353530997792773
957354097035829248
957354312786735106
957356010800328704
957356440498221056
957356720539365377
957356846838411264
957358503164817413
957358779066191875
957358925233446912
957359826606190593
957361019210395654
957361720175005696
957361903436623872
957362636026499075
957362674156916737
957365235962310656
957365602355576834
957366265965895681
957366327462842376
957367273295097859
957367740037255168
957368741959995397
957370332234616833
957374135839133697
957374289602318342
957374464588730368
957374840218050561
957374911152041990
957375123853664256
957375593384988672
957375793541406721
957375871681253376
957375965990178816
957376989924675584
957377456985509889
957377601181573120
957380540100902912
957382728273612800
957385247162880000
957385898907271169
957386683103707136
957386864289304576
957386944845156353
957387217223241734
957389303985917952
957389493971103744
957390792259186688
957390838081998849
957392820373016577
957393306115244032
957393559799332864
957394025895493632
957394209299881984
957394602348093440
957394723085447170
957396326773411840
957397132520165376
957398462663979008
957398571610816512
957399371003383808
957401515660140544
957402756138045441
