964288473082531840
964288640674418693
964289099631923201
964290266948689922
964290728942850049
964294262799159297
964296603917017088
964299610310172672
964300082920263681
964304383314931712
964310409158234112
964317164625973248
964325970642644992
964330948191031296
964331029677903872
964346065271967745
964351816438898688
964359627260420102
964365985053487109
964367041518977024
964369209642819585
964369230228410370
964369250470133760
964369267729694720
964369283886211072
964369299937705985
964369320074559488
964369694537932801
964370996923809793
964373243657207814
964374769721225216
964377077888593922
964377259241963520
964377385415028736
964377810247680002
964383812594446336
964384350602018816
964386353998790656
964386740583583744
964389087128952832
964389843810729986
964390209277247489
964390361001992198
964390815291252736
964390826510974977
964391934818009088
964391940295831553
964391939574415360
964392123859591173
964392276855201792
964392423316119552
964392455436091392
964392785078992901
964394422640128000
964396260554764288
964399961927385094
964400272637227008
964402572265009153
964402985735413761
964405595766796290
964405802197925888
964406345872031744
964406765751214080
964409959717851137
964411153551015936
964412104877867008
964412912939909120
964413842330550272
964418469142786055
964418902343090177
964419117380902914
964419441101479936
964420865923231747
964421344300449794
964421491721777153
964421555009732608
964421766994001921
964421919607894017
964422223409831937
964423106226880515
964423269133660160
964423434485682177
964423801290158080
964424043943243777
964425264972275712
964425900283457537
964426868811157506
964427537244803073
964427942943076353
964429005234438144
964429694652137473
964430027105316865
964431653274763264
964433848925900800
964434634124574721
964434678072606720
964434933455441920
964434962987536384
964434982327541760
964437839202148352
964438151031939072
964438366874886144
964438892861562880
964439852312702982
964440496801304576
964440593060409345
964441907647655936
964442716724781056
964443508324098048
964444406878261248
964445418040967168
964445645846102017
964445790050627584
964445927066005505
964446358122844160
964446597319938048
964446613505798144
964447081170644992
964448952035807232
964449337181794306
964450197991493632
964450901275611136
964450944569171968
964453014391095296
964453179961282560
964454327858409473
964454924883865600
964455452334575619
964455604390592512
964457490963300352
964459511598600192
964460382512332800
964460454536990720
964461196232376320
964461529579089920
964462819524653056
964462884184043520
964463160513187840
964464197160579072
964464609531977728
964465182759153664
964465656107118593
964466449812111361
964467146595192832
964467537315446785
964467664944066561
964468487820402688
964469068836225024
964469093670772736
964469558718349318
964470189663367168
964470437571907584
964472653733154816
964473222640095232
964474348248731648
964474972927389696
964474982817464320
964475000962023424
964475023250649088
964475045589454849
964475063792734208
964475077629759488
964475091995316224
964475101763784704
964475816984875008
964476704625451008
964476994548391936
964477190615240704
964477246617436160
964478218051948544
964479223078576130
964479384915726336
964479478578728960
964479480181022720
964481060003344384
964481430163206144
964481992132907009
964484010415153152
964484089507139585
964485787093012482
964485845985169408
964486046657458177
964486324102356992
964486395770306560
964486428922179586
964486845726945280
964486873094807552
964487038740377600
964487563951030272
964489519176257536
964489977185751040
964491784872251392
964492052808519682
964492791547072512
964493600519172096
964494634926923776
964495573893103616
964496329526431744
964496406340874240
964496494207188992
964496692920889346
964496695898836992
964497001755938821
964497190776385536
964497227984056320
964497277791416320
964497627030196224
964497717950140417
964498337662734336
964499325173854208
964500045541224450
964500368532140032
964500476472344577
964500518088380418
964500579937636353
964500608760930305
964500916744413185
964501049825550336
964501274090721280
964501384866525185
964501589187686400
964501623157518336
964502064226275328
964502526254043141
964502955247521793
964503015267930114
964504493428756480
964504608453382144
964506363748642816
964507536081674240
964507550258380800
964508240636731392
964508317719638017
964509947189956608
964510209807962112
964510272575672320
964510310160838656
964511124522655745
964514596806684676
964515140375805953
964515876140613632
964516070756372481
964516664552325122
964516691697917952
964516879531495424
964517165914316800
964517604068126726
964518201517363201
964519472940879872
964521169511682048
964521636799107075
964525557592547329
964525768545054721
964526313624268800
964528313803796480
964529186525282304
964529935435124737
964530145074741248
964531368511332352
964531795143176192
964531817129959425
964532569852338177
964533672128012289
964534271657627650
964534497420169216
964534790274928640
964535997454340097
964536248449683457
964536350841094144
964536600096051201
964537013650280448
964537402395111424
964537459622203393
964538117477814272
964539001335091200
964539035342524417
964539155056230401
964540084203569152
964542195259785216
964543091465162756
964543328917352448
964545565995417600
964546352943427589
964547181213609986
964547433286975488
964547525746315264
964547529164689408
964547688447561728
964548434173812738
964549323663998977
964549744499609606
964549976603942912
964549994035515392
964551152711950338
964551412159000577
964551486452547584
964552384964956160
964552479378636803
964553732913614850
964553796272635904
964554842319540225
964555529782812672
964557220955475969
964557640952111104
964559143372771329
964560371074916352
964561545664585734
964562988681351169
964564101123915776
964564675139645441
964565455016022018
964565466319671296
964565530844770304
964566510147686401
964567092610596865
964567499042934785
964567501060308992
964567656748773376
964567762634002432
964567765683195904
964568792050356226
964569066869608448
964569560316723200
964569810276405248
964569975976587265
964570078716006401
964570701893169157
964570882529251329
964571854504648704
964572196856311808
964572658426961921
964573332837462016
964573793644576769
964577171531497472
964577392051269633
964577562386206720
964577744079253504
964577904624463872
964577981078351872
964578102016905217
964578715790430209
964578853707493378
964579056992874496
964579123090939906
964580361337556993
964580599896985600
964581912558882821
964582152405995522
964582211788922880
964582331800571904
964582754909413379
964583656412057600
964584123238178817
964584157971181568
964584222324215809
964584814404947968
964584976305016832
964584990322327552
964586023048110081
964586300954247168
964586707965407234
964586818921517057
964586925402279941
964587144479207424
964587329905143808
964587907066617857
964587991888007169
964589596087668737
964589642547978240
964590325238059008
964590908082671617
964591138253496320
964591335280922624
964591338233716737
964591628932431872
964592262616436738
964592305146560512
964592544226127873
964592637477965824
964592906051911686
964593083517161472
964593084351811584
964593319610331141
964593510077927424
964593803423338504
964593987070971904
964594963811094529
964596787834228737
964597885542256641
964598287717158912
964598888043892736
964600138449735682
964601618573484033
964602797147770880
964603169509658625
964604766671261698
964605253932015616
964606686131556352
964606762405056514
964607423003717632
964607730563649536
964608436670554112
964609539684405248
964609891997450241
964611207008268289
964611748224520192
964611924301316096
964611935328071680
964613390369923072
964613529000177668
964613888905023496
964615593126178816
964617806888267778
964620227777646592
964620922022965249
964621763597434880
964621774691414016
964624506672201728
964624860998782976
964625028464762880
964625219494252544
964625518321635329
964626690075955201
964627914837970949
964627960727715845
964628457329131521
964628701869637632
964631251440275456
964632281469145093
964633089459748867
964636614977884161
964636960185815040
964636987880853504
964637410738008064
964637848270929920
964638667946868736
964639004288339968
964644410087673862
964645961141190656
964646356626411522
964646765877235717
964647285945786368
964647854743711744
