861370061788938240
861370074539708416
861370446964559876
861370538127765504
861370881196556288
861371231479754752
861371412753395713
861371549236047872
861371586737299457
861371588230492161
861371753859354624
861371875297030144
861371899514933251
861372435291131904
861372670058917888
861372755069075462
861372796055801857
861372817715146752
861372957272276992
861373664238895108
861374257691074561
861374284874252289
861374428759896064
861375237413359616
861375636144828416
861375877061513217
861376731353141249
861376818733088769
861377171495018496
861377174493908993
861377348398178305
861378424472055809
861378529283497987
861379328684302337
861379358166011910
861379634100875264
861379678090780672
861379683912474624
861379822253203456
861380124972855297
861380267398885376
861380793473658880
861380987539816449
861381430567456769
861381484254515202
861381635308228609
861381845400907776
861382607447175169
861382951770222593
861383845320548354
861384211294453764
861384546264154114
861384629852545024
861385093306359809
861385291445264384
861385374387634177
861385406234976256
861385785999843330
861386459584098304
861387006437457922
861387169545551872
861387520571056128
861388551040139264
861388639481344001
861389055740850176
861389110065451008
861389136581636096
861389420699766786
861389431382708224
861389547514605569
861389605387612160
861389713390936064
861390101263384580
861390625178087425
861391213563215872
861391250573971456
861391255854399488
861391971243503616
861393281317470209
861393442206777345
861393536545169408
861393591247282176
861394709952036864
861394905985404928
861395225343873025
861396335316131840
861396488924139520
861396863282499584
861396965854195712
861397052701495297
861397274542342144
861397299045511169
861397393387991041
861398020272902144
861398144596271115
861398188690886657
861398190947540993
861398413912543233
861398585077886976
861398645937229824
861400856104775680
861401716138287104
861403117686059009
861403142646353921
861403250817454080
861403792826388480
861403985315549189
861404318712332290
861405736634601473
861406497389006848
861407003889061889
861407238279249920
861407607290023937
861407757492260865
861408554074374144
861408901148758016
861409567447666692
861411111056404481
861411951691399168
861412419578589184
861412535450435585
861412601376501760
861415554783039494
861416461662867456
861416746032533504
861417655047270401
861418302941396992
861420639957041153
861420798371921920
861421257836945408
861422154897920000
861423341462278144
861424351643676672
861425085344862209
861427295181033473
861427588274823168
861428065766866945
861428169856962560
861428271937933313
861428776680517632
861429074719277056
861429213391355905
861429461237080064
861429687247044608
861429991808135168
861430474241134592
861430570550784004
861431159233892352
861431674340610048
861432187798859776
861433979710451715
861434808995545088
861434917670064129
861435583972900865
861436198694395904
861436309084221440
861436744255799296
861437058266607616
861437334327369728
861437368401842177
861437389717295104
861437510022561792
861437681997402112
861437780156706816
861437844522491904
861438083077689348
861438117819166720
861438263583748097
861438295661740034
861438573022781441
861438767730761732
861439008399818757
861439010413191168
861439080785211392
861439124691202052
861439522558533632
861439711616872449
861440001552396288
861440419237953537
861440461608714245
861440652478992385
861440676323631104
861440750550208512
861440786138845184
861440899775070212
861441039801962496
861441236565209088
861441400239509504
861441579554410498
861441656456871937
861441660361814016
861441779547217920
861442643062120448
861442838298583040
861443057488506880
861443167241072640
861443304608718848
861443450440478720
861443604514058240
861444021838897152
861444276177313792
861444623486550016
861444822477021185
861445293744812033
861445494144471040
861445554282385408
861445565011431424
861445783584989184
861446095116939264
861446238776037376
861447026785087488
861447168468627456
861447292582322176
861447792774066181
861447858159046656
861447892023873536
861448431621074945
861448473748660224
861449103158411264
861449246008107008
861449334109425665
861449350320463872
861449372072017924
861449544218890240
861449770774261760
861450001284780032
861450177852444672
861450464075886592
861450465850032130
861450544384282625
861450615708422144
861451051286900736
861451217234526208
861451936683438080
861452082934554624
861452096373239809
861452162005696513
861452690018234368
861452710943576065
861453118227320834
861453196841144320
861453471186288640
861453555894497284
861454348332785668
861454376371712000
861455038635425792
861455249797664769
861455318173306880
861455363568275456
861455567541456896
861455759590268928
861455847884558336
861455882437238785
861455910098677760
861456036603080704
861456278874447874
861456370499031040
861457025208922112
861457166154256385
861457217391923200
861457485491785728
861457638068039680
861457653024817156
861457909129109504
861457916917940224
861457969019596800
861458086330019840
861458145834672128
861458286406762496
861458287346233344
861458693807886337
861458903791435776
861458958057394176
861459021143912449
861459283359272960
861459374996434944
861459484161527808
861459532970643457
861459803629113344
861459815025049602
861460016305504256
861460082017566720
861460136581365760
861460186367709185
861460208157065216
861460420434907138
861460457772732416
861460554963181568
861460668502900736
861460749637619712
861460793912688641
861460943745818624
861460993209233409
861461480553762817
861461507380588544
861461557213093888
861461854094327808
861462131761324033
861462424238653440
861462517717053441
861462526374158336
861462824522063873
861462875986169856
861463055884070912
861463101316763648
861463185299308544
861463286470119424
861463306925735936
861463559192141824
861463596722683904
861463781980987392
861463907025793024
861464021081493505
861464083375296512
861464111170940928
861464200522149889
861464218419200001
861464226686263297
861464335205507072
861464344583966720
861464389798547461
861464711929450498
861465059867869184
861465158933073920
861465161122623488
861465228026007552
861465248397758464
861465487594729472
861465492397207552
861465498114039808
861466110125801473
861466308545839104
861466441857605632
861466450279706624
861466560518660098
861466565279182848
861466582073188352
861466656257822724
861466789653491713
861466843441233920
861466930066194432
861466956393840640
861467026321268736
861467188787597312
861467213697560579
861467266461970432
861467289094434816
861467311886225409
861467356127784960
861467381935329280
861467564106366976
861467619798503424
861467713151135750
861467858760593409
861467997835108352
861468179608064000
861468358289391617
861468698263080960
861468751258058752
861468816328491008
861468914961829889
861469015822225408
861469021316812800
861469358022963200
861469360652681216
861469675003281408
861469702308188165
861469831673122816
861469856910241792
861469940599181313
861470020072820736
861470119440068608
861470119838400512
861470194824351744
861470229767086083
861470340551233537
861470343202000896
861470406716346369
861470684827930624
861470718986518528
861470781141864448
861470874901393408
861471020636569600
861471038563115009
861471056682471425
861471125234212865
861471474263175168
861471617549041665
861471623035183104
861471698691993600
861471716123582464
861471746775556096
861472293603692544
861472339233558528
861472350830813186
861472383441547264
861472680196923392
861472758022246400
861472952381865984
861473291411869696
861473413235265537
861473466985455618
861473503819812865
861473583452893184
861473642550579200
861474018704187392
861474232202653697
861474289702273026
861474475891716096
861474525439029248
861474636583665664
861474833896546304
861474862224875520
861474908160888832
861474993066180608
861475020379484160
861475154953723904
861475319617900544
861475405731123201
861475505006096384
861476064836636676
861476096403021825
861476132000075776
861476973150973952
861477068248420352
861477312893779972
861477339183689728
861477409186566144
861477453016989696
861477663877341184
861477699549888513
861477712317345792
861477905435643905
861478025396965377
861478076546334720
861478153314865153
861478438703685633
861478539450888192
861478571147239424
861478588679409664
861478593519644673
861478790794444801
861478865138593792
861479146718932992
861479236586045440
861479323848585216
861479343419162624
861479367783960576
861479423064887297
861479450197852160
861479522750918656
861479799096782849
861479831250382848
861479849051009024
861480006765223937
861480092777816064
861480107977953280
861480123891154944
861480151183478785
861480182921781248
861480293580120066
861480423456747521
861480436370898944
861480475449274369
861480677035978752
861480737693880320
861480804312121344
861480853276422144
861481047753674752
861481107061166080
861481363429576704
861481395000160256
861481406266003456
861481417519370242
861481452889833472
861481563049127936
861481776060956676
861482166504624128
861482196670009344
861482600266944512
861482623373385728
861482638120554496
861482703056769024
861482732991414272
861482766080372740
861482920078344192
861482978303655936
861482995982753792
861483040694050816
861483156272283648
861483162911686658
861483194377527296
861483296097800192
861483364188028928
861483414477832192
861483468462706688
861483517104070658
861483598163173376
861483771454947328
861483820482256896
861484005904003072
861484206450327552
861484251585400833
861484261060300801
861484293423587328
861484300352573440
861484328731234308
861484428073332736
861484458939232257
861484564979433475
861484685725229056
861484707258695680
861484815299657732
861484938582872066
861485034238345216
861485205714087936
861485248730845184
861485416297504768
861485424908414977
861485444223074304
861485487114137600
861485491148832768
861485538024579072
861485643825807360
861485747974615041
861485759596855296
861485793109475330
861485835392299008
861485837485318144
861485852186132480
861485968284581889
861486034269483008
861486078154473472
861486164158631936
861486306370740224
861486379817201664
861486454505185280
861486779077144577
861486779169464320
861486934073520128
861486956194275328
861486985520844800
861487032975183873
861487085215252480
861487104823578624
861487294389387264
861487302559879169
861487517375266816
861487566058598400
861487730852810756
861487742580133888
861487815871385600
861488034314932225
861488186928898048
861488338108338177
861488463903948800
861488692074094592
861488709283303424
861488883527299073
861488893849456640
861489139090432000
861489146254295040
861489239485284353
861489294996901888
861489364118929408
861489448072208384
861489610991566848
861489746656342016
861489749969817600
861489865946542081
861489969176739840
861490018363330560
861490035182456832
861490088093634560
861490146054688769
861490273402146818
861490332764078080
861490380830896128
861490509608615936
861490539602030592
861490679071092736
861490804816326657
861490862278180866
861490863758860289
861490890048720896
861490991177576448
861491036178329600
861491062526922752
861491179799662592
861491203732320256
861491243100065792
861491289619091456
861491416131923968
861491517495681024
861491741756706816
861491877752619008
861491910799765504
861491935722295297
861492001929400320
861492017590919168
861492038793125888
861492084645277698
861492119168573440
861492170892750848
861492200143822848
861492274290720769
861492334369935361
861492389365641216
861492438535458819
861492453974695936
861492610602500097
861492680962002944
861492810410713088
861492807562915845
861492815032877056
861492846565699585
861492924726616065
861493144118067200
861493184031068160
861493197385740288
861493229216296961
861493297180758016
861493367582142464
861493554400591872
861493571626598400
861493889814994945
861493899189252097
861494098552901632
861494161450704896
861494299778854914
861494372562591744
861494382628814849
861494386693197824
861494423812788225
861494437767258112
861494477227208704
861494496504295424
861494556256350208
861494566658166784
861494571544571905
861494666344222721
861494717409832960
861494739895504897
861494782090252288
861494867293351936
861494963288363008
861495003276877824
861495012785360896
861495032775401472
861495046071353346
861495067101601792
861495120889352192
861495152245964800
861495249075568640
861495258458333186
861495299617017856
861495326485749760
861495367661211648
861495462733414400
861495478122409984
861495497240059904
861495669659283456
861495685509730304
861495713389322240
861495715389943808
861495762718478336
861495847397228545
861495902539853824
861496056072335360
861496084102873088
861496093946916864
861496184959102976
861496283026132993
861496585997430784
861496644897914880
861496663638237185
861496700556521472
861496777303887872
861496961203146755
861497137665761281
861497180770648064
861497421792235520
861497476263669760
861497506496212994
861497519884435456
861497523420246016
861497627707355136
861497665158344704
861497668652195841
861497689405620224
861497963197206529
861497967475347458
861498043018989568
861498121544765440
861498477628575744
861498672261079042
861498738535280640
861498813055422464
861498855887646720
861498993003593728
861499101409619968
861499106816126977
861499110783930368
861499129020678144
861499241595895808
861499249334390785
861499338299777024
861499404171259905
861499471867379717
861499492209745920
861499556864958464
861499641019412481
861499844841570304
861500078636367872
861500180063014912
861500189437292544
861500296828211201
861500300242366465
861500315782328321
861500395130159106
861500425169760256
861500446934007808
861500487903969281
861500580904218624
861500798727069696
861500936472195072
861500994806534144
861501069809123328
861501209500372993
861501269726429184
861501287891959808
861501424454205440
861501531211825154
861501653941407745
861501657884098560
861501713475174400
861501729292132352
861502122508115968
861502206276775937
861502257392693248
861502261624684544
861502387802054656
861502508694474752
861502624260083712
861502731114221568
861502901885259776
861502938283483137
861503015064391680
861503058542460928
861503154185281537
861503158668886017
861503248573792257
861503321705775104
861503486344781824
861503758890655744
861503794688995328
861503909357027328
861504023656116225
861504026743099392
861504043541307393
861504094661378049
861504216262692864
861504330716807168
861504378267738112
861504384034910212
861504642223656960
861504679120961536
861504742027034625
861504851519385602
861504910482866177
861504914866020352
861505080046047232
861505093853749249
861505236824977408
861505393142497280
861505503062630400
861505510545207296
861505596138409984
861505677482749952
861505798865924096
861505816247054336
861505821557108737
861505959629398016
861505965530677248
861506031905415169
861506103120670720
861506182657265665
861506251586498561
861506328661041153
861506594013630464
861506630487289856
861506769079734272
861506821395292164
861506957890519040
861507058339901441
861507158457937920
861507202493947904
861507281963421696
861507340889190401
861507347914645504
861507357636997121
861507369876041729
861507373290180608
861507376976994304
861507433352581120
861507494476120064
861507535999840257
861507568379809792
861507615028903936
861507628484235264
861507792015962113
861507810189770754
861507895254503424
861508016901951489
861508085160050688
861508290227785728
861508303246983168
861508317235097601
861508420507025408
861508425938739201
861508483862188032
861508692864368641
861508738322247681
861508743191810048
861508812112633856
861508815191252994
861508836619952128
861508859894091776
861508873383022592
861508874456756225
861509093814620160
861509105437085696
861509185820905472
861509248689295361
861509437986680832
861509506362212352
861509625073602560
861509705688023042
861509706149396485
861509731373993984
861509754643939328
861509823560601600
861509874567479296
861509910978338816
861509912354062336
861509947863031808
861509965126807553
861509976103276545
861510027609296896
861510034299211778
861510069099352064
861510090595209217
861510146882777088
861510162141650948
861510176146427904
861510267351453696
861510526333067265
861510583157501954
861510665672028161
861510757883805696
861510852561838080
861510907150688256
861511095412035584
861511282981208064
861511341244284928
861511542566789120
861511689862361090
861511739099230208
861511799862161408
861512110639112192
861512195292618755
861512219141582848
861512261818617856
861512328583532544
861512341762043904
861512398204784640
861512431973138434
861512438239420416
861512650487992320
861512650102104064
861512671316897792
861512679470641154
861512709988331520
861512727080165376
861512741491757057
861512771510439936
861512789206151168
861512943372046338
861512972857946113
861512993535926272
861513097915314177
861513120501583872
861513165762375680
861513267314819072
861513307349544960
861513487507480576
861513502254653440
861513533678288896
861513581401186304
861513583401762816
861513608014028800
861513608949362688
861513635612549120
861513644701609985
861513693233766405
861513863472308224
861513908024213505
861513979281014785
861514048193560577
861514061862907904
861514066950574083
861514112391663617
861514128200015874
861514172722556929
861514177034289153
861514230452932611
861514344810651650
861514512163364864
861514594178789376
861514617713029120
861514783618498561
861514878128979969
861515022119440384
861515048191238144
861515082014089222
861515116029857792
861515153120145408
861515183755341824
861515215380381696
861515325044662273
861515500421099520
861515560143777792
861515649285226496
861515654347841536
861515797654642688
861515805141467136
861515865552015360
861515879581982720
861516012893724673
861516028114849792
861516029008248832
861516061727961088
861516084620533760
861516184864346114
861516183882936320
861516307237396480
861516327013560320
861516350132453376
861516446500868098
861516601811759104
861516690542153729
861516761279205378
861516786726055937
861516796117098496
861516856078868480
861516879856369664
861517069606670336
861517129467744256
861517201270067201
861517272124452866
861517375983804416
861517386712854529
861517427787669506
861517436486594560
861517547161702401
861517717635051521
861517806847840256
861517806600368129
861517810543079425
861517904478707716
861517992437460992
861518112423907328
861518164559097856
861518189380988928
861518292476997637
861518325389701120
861518333736300544
861518366728704001
861518495292502017
861518568030130176
861518585113522177
861518774100471809
861518804140126208
861518821340962816
861518845965729792
861518850059374592
861519042850549760
861519063901761536
861519109644746752
861519131316817921
861519133359394816
861519197435777024
861519294211010560
861519488986083329
861519657609678848
861519910421360640
861520024598716416
861520119398268929
861520126608322560
861520140969627648
861520216702033920
861520407630893057
861520525834801152
861520566246928384
861520589609201664
861520599344189442
861520732391657472
861520792663805953
861520825765310464
861520835781242880
861520974738599937
861521068774879232
861521073686409218
861521162941210625
861521169513623553
861521189423816704
861521243471835137
861521257644404736
861521295489499136
861521387680387072
861521404394696704
861521415203323905
861521451530190850
861521556979286020
861521560418570240
861521565204324352
861521596825128960
861521615456059392
861521668736528384
861521691721302018
861521817864941568
861521848969957376
861521872231464961
861521873800228864
861521903516864512
861521965223469057
861521985792290816
861521995573362688
861522037994643456
861522111654973442
861522136292372481
861522236766859269
861522241300963328
861522399056936960
861522405591662592
861522408133378049
861522416438132736
861522422956150784
861522425166520321
861522427494318081
861522428186558464
861522429759201280
861522517592203266
861522568645419009
861522597493825536
861522611393757185
861522633593991168
861522720810520581
861522733397680128
861522764066414593
861522916915257344
861522957511819264
861523046301085696
861523047337136129
861523084527915008
861523173795409920
861523289885290497
861523566331822080
861523656429752320
861523672200302592
861523776730693632
861523778769235969
861523781185150976
861523854438670336
861523856191836162
861524065311498240
861524103907467264
861524231317803010
861524325844865024
861524352361279489
861524408745250817
861524444854067201
861524504530604033
861524513783259136
861524635967475712
861524747598876672
861524769111498752
861524857665851392
861524982735699969
861525042190061568
861525043674832905
861525136725483520
861525143302135808
861525187140911104
861525215871938560
861525259236909056
861525403105624066
861525501692850176
861525506847629313
861525536157442048
861525589357993985
861525604331552768
861525687961890816
861525703166230528
861525767330639872
861525785387118592
861525847664205824
861525867738091520
861525870497980416
861525923149094914
861525972474093568
861526023120334848
861526049875742720
861526055361925120
861526055022153728
861526062014058497
861526153403785216
861526161461043201
861526228985143296
861526230411161600
861526247142285312
861526255547666432
861526294198177793
861526300879671297
861526328021045248
861526390306467841
861526458459721729
861526599837077504
861526633110437889
861526722314985473
861526865735016448
861526887948046336
861526891802628097
861527056961687552
861527057536339968
861527084031770624
861527120077611008
861527320947019776
861527350923735040
861527487817428994
861527491541946368
861527492968013825
861527582365417472
861527599939559424
861527627324174336
861527644084604930
861527734333435904
861527783855591424
861527791518568448
861527809948254208
861527833922981888
861527838037594112
861527906761232384
861527938688323584
861527948960182272
861528092908683268
861528093391040512
861528123208331264
861528198223462400
861528243773599744
861528247305203712
861528302791655425
861528369476784128
861528370781184000
861528394080673793
861528396404097025
861528398966906880
861528411226898433
861528436682174464
861528468110049281
861528612041895940
861528937842737152
861528942578204672
861529040963985408
861529179170500608
861529312335364096
861529345071992832
861529453159231488
861529508066840576
861529539926687744
861529729949732865
861529838380879873
861529935873286144
861529985990971394
861529996015398914
861530093943959552
861530099878907904
861530106271019008
861530142694404096
861530269681164288
861530327256322049
861530327415738372
861530460496830465
861530492285456384
861530493271121920
861530613366566912
861530648145793024
861530747508862977
861530771374395392
861530799870533637
861530833756327936
861530949451997184
861530963855257600
861531117081546752
861531185197051905
861531235176329216
861531241530757120
861531276892831745
861531340780564480
861531443155152896
861531499023257600
861531503582433280
861531544997040128
861531547740065792
861531597329313792
861531672407396352
861531734713794561
861531785569722372
861531960518352899
861531968395239429
861531981619892224
861532007037358082
861532111421022208
861532189787377665
861532223211700224
861532227032797184
861532347208011776
861532382528237569
861532387297153024
861532415470252032
861532451595857921
861532532772306944
861532560358334464
861532564556845057
861532593661104128
861532607087071232
861532888847839232
861532914911195136
861533047354781697
861533251051151360
861533293220691968
861533384039952384
861533462859218944
861533687128748032
861533720129544192
861533807484305409
861533916020310016
861533964820938753
861533995191996417
861534070580420608
861534134203756544
861534171918938113
861534202407374848
861534252021710849
861534276453621760
861534278177497089
861534459090395136
861534497245986816
861534552136839168
861534580196691968
861534586488184832
861534669933867008
861534687432511488
861534765119414272
861534773776457729
861534892341030912
861534916219211776
861535147107241984
861535186063773696
861535192992944128
861535208281038849
861535249674776577
861535278816690177
861535356826472449
861535411176448000
861535417497202688
861535474292215808
861535493913268224
861535531389390848
861535678538141698
861535683298689024
861535686889000960
861535698586828800
861536016435486720
861536045631983616
861536368316624898
861536466165432320
861536544192172032
861536574521192452
861536631609843712
861536652489052160
861536710131425281
861536733565005825
861536756964970496
861536763126448129
861536769816354818
861536784215355393
861536822287007744
861536858861424640
861536983813955584
861537095239823361
861537107462029312
861537233580511232
861537328296341504
861537380683132928
861537411037265920
861537544961392640
861537593707687944
861537626964283392
861537771000913920
861537874759516161
861537892992155650
861537903796736000
861537930442977281
861537935048536065
861538007467393025
861538020314550272
861538022906626048
861538042611466240
861538046700900353
861538151139074050
861538289605640192
861538293644746757
861538301072814080
861538462335414272
861538462805233665
861538476218609664
861538484275884033
861538494283427841
861538543696588800
861538567528558592
861538595802370048
861538597773725696
861538623212179456
861538656858910720
861538667285942272
861538682741952514
861538725582573569
861538819983761409
861538860756586496
861538896223580163
861538901915250689
861538901365850113
861538952083369984
861538954750959616
861539063265931265
861539064054468608
861539150406852608
861539255310569473
861539366371504129
861539416120143872
861539471732486144
861539503101575169
861539518524030976
861539540368056320
861539578095775744
861539651391238145
861539924360777728
861540009421221888
861540017306574848
861540025166704640
861540051355873280
861540135401377793
861540217907548162
861540279224061954
861540350636240896
861540553170792449
861540616664215552
861540631885295617
861540635660222465
861540636268384256
861540641247027201
861540662696607744
861540690853076992
861540746549227520
861540862303535105
861540873225502720
861540895220535296
861540962203566082
861541050413862913
861541070164963328
861541148606779393
861541192756064257
861541228541816832
861541276294025216
861541345298665472
861541349132300289
861541368358998016
861541455688601600
861541462718128128
861541481441624064
861541516510208000
861541540765806593
861541549771042817
861541570822242304
861541580511084545
861541590984261632
861541595031752706
861541803190890497
861541844697657344
861541892915331072
861541937546964993
861542069726306308
861542101649158144
861542127167262722
861542154711248896
861542182569857024
861542183182241792
861542258025406464
861542259765981185
861542444592181249
861542458433425408
861542497448755200
861542507678765056
861542531770798080
861542546207592449
861542634648743936
861542637479833600
861542665707565056
861542716144066560
861542813804220417
861542883450597376
861542910793306112
861542919685238784
861542939587162113
861542945060794372
861542960407736320
861542971044499457
861543123092217857
861543217350791168
861543263865630720
861543302797156352
861543538793820161
861543597442781185
861543655475224576
861543791840419841
861543801747365888
861543830625157120
861543855715430400
861543881124577281
861544080827985920
861544199182798848
861544204484444160
861544394780012545
861544689886912512
861544847215382528
861544847534174208
861544880786550784
861544982108184577
861544983966269440
861545007446204416
861545009526349824
861545009484627968
861545011694911489
861545016560427008
861545053789048833
861545057014427648
861545061561053185
861545060575457281
861545136613969920
861545228129447936
861545370433835008
861545389647855616
861545435781115904
861545443062419456
861545539804028928
861545544279359488
861545550038126592
861545568513994753
861545666098728960
861545683928719362
861545691478413317
861545841567436802
861545925516374017
861545965769154560
861545971465035776
861546068223422464
861546253104054272
861546260339339264
861546272175652864
861546318866591744
861546447539404801
861546533736640512
861546595334201344
861546617232646144
861546620739084288
861546676384931840
861546786686730240
861546801295392768
861546867179610112
861546924062715904
861547028664524800
861547056724406272
861547142426619905
861547265244221440
861547388875542528
861547402209222658
861547699790897152
861547883274829824
861547916787421188
861547947166707712
861548058932367361
861548099428388864
861548163026571265
861548207213510658
861548357826879489
861548362436358145
861548389850337280
861548455193391104
861548479788838912
861548481428819968
861548488001294336
861548537661853696
861548557916155904
861548597715881988
861548643278610433
861548672521297921
861548673808912388
861548726887829504
861548789882081281
861548837785260032
861548932324892672
861548983470227456
861549085597343748
861549122825990145
861549208427520001
861549223204007937
861549308990050304
861549391802384384
861549477525680128
861549625999839233
861549699588902912
861549736456835072
861549762906116096
861549784179625984
861549805394440192
861549812554104832
861549817453064192
861549952924778497
861550032029450240
861550068167565312
861550172609945601
861550306152284161
861550471210835970
861550540211322880
861550542409150464
861550547803021313
861550611522834433
861550614798639106
861550639121354753
861550655034490885
861550767571906562
861550771216822272
861550789491392512
861550876686782464
861550877987016704
861550880503599104
861550921129611264
861550952398151680
861550957406113792
861550974279835648
861551010355044353
861551052793024512
861551131838885891
861551166894768128
861551217079705600
861551268875173889
861551283668430851
861551343462490113
861551400819576832
861551416460161027
861551434021654528
861551585360576512
861551661357182976
861551662485426177
861551725303529472
861552051322585089
861552129206571009
861552160064118786
861552177617281024
861552195392688128
861552320462684162
861552329522282496
861552331057397761
861552459495419904
861552507675451392
861552523198517248
861552546510491648
861552834042626048
861552836139790336
861552863679586304
861552879966068736
861552897053655040
861552898936897538
861552909577850881
861552938925174786
861552979169693700
861553059532615681
861553071414968320
861553122166091776
861553143590662144
861553194660507649
861553209353043971
861553248469233668
861553304328974336
861553443760209922
861553474558992384
861553481580244994
861553547787350016
861553548882051074
861553587364737024
861553747830460417
861553782512951297
861553837320134662
861553912800739328
861553913136394240
861553949471629312
861553995156000768
861553995281780736
861554086474379264
861554164106702848
861554259321643011
861554283350827008
861554455606693888
861554617095737346
861554645600280576
861554684749852673
861554700742742016
861554768275230721
861554799916888065
861554810876833793
861554866824642560
861554879256567809
861554880942616576
861554893458477056
861554905345122304
861554966271582208
861555026979934208
861555027948818432
861555031010668544
861555035179814912
861555268701835264
861555376457740288
861555384032604160
861555601695846400
861555648768692224
861555675834482688
861555731312541696
861555747288748032
861555754645549058
861555776682426368
861555795091238912
861555843493494785
861555865375080448
861555966143328257
861555986426974209
861556007717281794
861556031012442112
861556039157678080
861556144715829248
861556145105891328
861556176391200769
861556222205583361
861556399901421568
861556472139919360
861556531762012165
861556739518451715
861556772141715457
861556874096914434
861556972264542209
861556979629686785
861556999724642304
861557022831017984
861557182285979648
861557216981209093
861557256747442176
861557395595694080
861557493411065856
861557604048392192
861557630254419969
861557660482772994
861557781073100800
861557799687528448
861557843249549313
861557891546861569
861557900128505859
861557929396326400
861557946416848896
861558020681158656
861558060770316289
861558082404458496
861558127874932741
861558141544255488
861558143058407424
861558379885596676
861558404757819392
861558454795763712
861558491596693506
861558531195011072
861558599050506240
861558610580697088
861558613076303875
861558640402194432
861558718193946624
861558736447561728
861558815115837444
861558892790153216
861558938604589060
861559107886731264
861559147820666880
861559359733673984
861559397008408578
861559424007241729
861559438158778373
861559450968236032
861559524196528131
861559565216866305
861559678945374209
861559701393330176
861559765100527617
861559760591695872
861559774856478721
861559778899877889
861559798407589889
861559828514263040
861559864824401920
861559865755521028
861559973750251520
861560028389679104
861560138750189569
861560151362482179
861560215027757057
861560242123014144
861560310850887680
861560318220226561
861560362105270273
861560491365281792
861560524873584641
861560606599589890
861560631320772610
861560632382033920
861560655752699905
861560711582973952
861560750636236800
861560757091258369
861560821805178880
861560862313775104
861560957532811266
861561033885970436
861561084678983685
861561189310050305
861561220905795584
861561338451050496
861561340464427008
861561341290598401
861561351818231809
861561354418741248
861561393811791873
861561444843884544
861561559486779393
861561562254934016
861561586443530240
861561681130000384
861561698926415875
861561726491340800
861561761639673858
861562035288592384
861562044398669824
861562056163680257
861562175231586305
861562181535617026
861562202976923649
861562263962038272
861562281129279489
861562317376507904
861562327287701504
861562337421127680
861562448473714688
861562568149786625
861562592682291202
861562633291485184
861562641898246144
861562680041250816
861562764275445760
861562769077940224
861562853702193152
861562880356909058
861562950112489472
861562968936468484
861562989694078976
861563112624934916
861563157495599105
861563174738382848
861563201720332289
861563285266673664
861563357387776000
861563400714891264
861563411888574464
861563436752416769
861563486018703361
861563505316696064
861563546232131589
861563670559678464
861563706366464008
861563806878760960
861563877330493440
861563884452413442
861563919013482496
861563933135699968
861563972063031297
861564017336352768
861564067621871617
861564095237169152
861564104573689857
861564177676161025
861564369284608005
861564412372676608
861564496086806528
861564581629628416
861564732695879681
861564782205423616
861564841852579840
861564931262623745
861564954280898560
861565024682336256
861565102344077312
861565113828077569
861565281474424833
861565320133324800
861565398025723905
861565433966678016
861565490119954433
861565505416699904
861565517248819200
861565600547602432
861565747373510656
861565763802583040
861565837932511234
861565915615428609
861565991398060032
861566010385739776
861566088659730433
861566129453584385
861566205185978368
861566291756371968
861566316242755584
861566328653656065
861566427882561536
861566491459768320
861566505917575169
861566518743760897
861566548993077248
861566561072676864
861566593851166720
861566605234458624
861566608396910593
861566707147706368
861566730296053761
861566734448431104
861566775837765632
861566925796782086
861566945237323776
861567033997230084
861567231272136704
861567342937034752
861567395479117825
861567399430107136
861567417893388291
861567435853496320
861567445450055680
861567562366234627
861567592657506304
861567668385714176
861567690216964096
861567724450967552
861567745267302400
861567795678650370
861567862904946692
861567864330997760
861567901190336513
861567930378719232
861567994257965056
861567996187336705
861568066802647040
861568075140878337
861568124474314752
861568151846232064
861568276832415744
861568527190380544
861568615421751296
861568622078164993
861568649819246592
861568856401293312
861569018637029376
861569070214377473
861569123758862336
861569125881176064
861569146139619329
861569292940308480
861569296627097600
861569307632914432
861569307611975680
861569413526548480
861569502043140097
861569759661436930
861569880599998466
861569960606412800
861570154538438656
861570164986400768
861570277670621184
861570456880644097
861570463222386688
861570497670250497
861570755154378752
861570802981982209
861570854249009152
861570889741066240
861570908456136704
861570974701035520
861571384824254464
861571433457217536
861571510045167617
861571757735628800
861571792326062080
861572098430570496
861572354568327170
861572507136077824
861572661511639040
861572677647159297
861572681468129280
861572757615783936
861572895277010944
861573012637835268
861573087564886016
861573092816162817
861573512494026752
861573532483936256
861573542999199745
861573659290464260
861573684405972993
861573741037355008
861573833748135936
861573909342277632
861573965017481216
861573987419254786
861574010735407105
861574097142239236
861574097607766017
861574174250344448
861574220786139136
861574408359604225
861574415091474432
861574453205114885
861574546218000384
861574574412107776
861574606288760832
861574655148163073
861574703043006464
861574723343441922
861574800141168641
861574832839962627
861574841668952065
861575022657273858
861575046845911045
861575081574768641
861575094103150596
861575093859778561
861575134003556352
861575248604516352
861575526258966528
861575553161318401
861575647336050688
861575680454270976
861575791775186944
861575855440629761
861575862491242496
861575911304564737
861575925682622465
861575941667082240
861575988307779585
861576029873242112
861576088723611651
861576155022974976
861576331288612865
861576455553245184
861576522032979971
861576551439237120
861576553100173312
861576646171774976
861576793295384577
861576842200920064
861576898694049792
861577021717086208
861577271928397825
861577275065630720
861577534227578880
861577545707376640
861577565974089728
861577568222302210
861577571099594752
861577576069779456
861577585142231040
861577604054351873
861577705799548933
861577776968675328
861577800477814784
861577869960650753
861577916798443521
861578007173050369
861578040652042240
861578040056451072
861578116124332034
861578254691573764
861578301105725440
861578307749507078
861578469012066304
861578531813326848
861578549148483584
861578632560562176
861578634481610756
861578723795099650
861578773355012099
861578805852463104
861578815621001216
861578914187149313
861578960982990848
861579096828063744
861579159465865217
861579173407731712
861579204256833538
861579299148771328
861579301375930372
861579311664570368
861579351426572288
861579365179695105
861579408456503300
861579420125081601
861579510147407872
861579591676309505
861579637046030336
861579661339439104
861579725466161153
861579757271609344
861579915086487552
861579929644929025
861579933377867776
861579934778740740
861579939849662465
861579940482961408
861579980253343747
861579985395560448
861580028399812608
861580072112857089
861580102215229441
861580125636308992
861580169273905153
861580231894847492
861580391391662080
861580409834004480
861580437386399744
861580501508870144
861580661504790528
861580680349855744
861580725509861377
861580776630099968
861580927088066560
861580940988092416
861580961108172800
861581044025360384
861581182701535233
861581264356347904
861581344702332932
861581346271088640
861581406253830144
861581427422441473
861581431876833280
861581444786900992
861581457101344768
861581617269284866
861581625280344064
861581680439697408
861581804331032577
861581862459912193
861581864989057025
861581881053257730
861581888762380288
861581957536391173
861582027518349316
861582138226786304
861582142374944773
861582144614707200
861582162830786560
861582418301550593
861582546504740864
861582581028065280
861582649147748352
861582692143558656
861582729447694336
861583023871074304
861583028056936448
861583086810746882
861583173226024961
861583222458785793
861583434342445056
861583510712324096
861583600638017536
861583652542705665
861583667973509121
861583917052297217
861583932550152194
861583949230989314
861583959154733056
861584006206246912
861584175475941376
861584204974444544
861584212931088385
861584262629294081
861584328320577538
861584337506115584
861584363103940608
861584368548139008
861584386378141696
861584440006520833
861584524882432001
861584569937645569
861584623163330560
861584632864804865
861584769544585216
861584901384134659
861584969898000384
861585117436940288
861585147669434368
861585338770362369
861585353370734592
861585393455640577
861585436573093888
861585484434296832
861585502574608385
861585553988440064
861585717306195968
861585916154060800
861586108794236930
861586250356191232
861586377607176192
861586432011489282
861586431080357888
861586481646850048
861586759515295745
861586788179210240
861586856068120577
861586960757948417
861587066416750592
861587130245689345
861587255441444864
861587286538014720
861587301171900418
861587440376696832
861587603392520192
861587610992599040
861587754005737472
861587807965515776
861587851707895808
861587910952456194
861588023166849029
861588216096448514
861588275970134016
861588281548525569
861588420279324672
861588441842286592
861588476852137984
861588538831384578
861588552563478528
861588555411410944
861588666766032896
861588667571286016
861588776317063172
861588823611977728
861588856268873728
861588920009723905
861588939735486465
861588942222753792
861588972895698945
861589006525620224
861589058832740352
861589100503195648
861589113954336768
861589122967797760
861589176206098432
861589215456481280
861589261715484672
861589302093991939
861589372046643200
861589445568540672
861589455928532992
861589507791089664
861589608433405955
861589613986623488
861589617350512640
861589618566758401
861589649248202752
861589662825160705
861589724447870976
861589876759724033
861589922595184641
861589930945990662
861590030871134208
861590036613132288
861590048541638656
861590074344955905
861590083031511040
861590097782870017
861590172818784257
861590197737226240
861590219300196352
861590290062340096
861590319019720704
861590380663324673
861590393850388482
861590557986103302
861590559600914432
861590651464540160
861590708167344128
861590758406721536
861590777474019329
861590809707241472
861590813826052096
861590897842151424
861590926577283072
861590960874172416
861590962644111361
861590993489068033
861591037583732738
861591071591215105
861591141610815488
861591191082684417
861591263623225344
861591414723022849
861591503508033537
861591660593020928
861591708907315200
861591734291247105
861591738863022081
861591827534708736
861591955213606912
861591973370658816
861591974972973056
861592012268732416
861592074910617600
861592130158022656
861592249649565697
861592331002273792
861592493371965440
861592565061218304
861592620811911169
861592658778697729
861592674247352320
861592681100845056
861592827490439169
861592940598239232
861593040779190272
861593115219693568
861593191887273985
861593206542266368
861593225617920009
861593334506295296
861593431084339200
861593468858249217
861593477586571265
861593607203155968
861593618036948992
861593642041044992
861593675494830082
861593705567989761
861593720726196224
861593732839346177
861593779106705408
861593810127769601
861593862837612544
861593944580403200
861594017590542340
861594046908837888
861594064587808768
861594064839467008
861594098939174912
861594117163421696
861594123115139074
861594166157070336
861594173098557440
861594212306956289
861594332448555009
861594348122771456
861594391512743936
861594450728026113
861594576297091072
861594623768231936
861594655292522496
861594664067096576
861594738385981440
861594804228157440
861594854748549120
861594877490057216
861594878857400321
861594916627132416
861595000097964032
861595381146292224
861595438151061506
861595624181026816
861595689138233344
861595712672468992
861595718133403650
861595734491181056
861595745744506880
861595845074014208
861595930633662465
861595959037440000
861595970898886656
861595979375673344
861596222393634816
861596234708119553
861596264793866242
861596301926043648
861596341008551937
861596344707727362
861596377872302081
861596377507344384
861596436340899840
861596473548558336
861596497615478785
861596550841217025
861596633200558080
861596705585844224
861596759490940929
861596789824159745
861596830542438401
861596893670932480
861596897605189634
861596964051353600
861596977343201280
861597116644429824
861597156494495744
861597159224991744
861597176409067526
861597220495405057
861597269761683458
861597312140939265
861597313495642113
861597316112936960
861597328913956867
861597448044720128
861597493246742530
861597609747779584
861597618526466052
861597655415259136
861597708792074240
861597752010178560
861597760327368705
861597763926208517
861597780481126404
861597811284070400
861597882218106881
861597887414902784
861598137273774080
861598206521507840
861598208539082752
861598210384568322
861598211026427911
861598236074704896
861598240591892481
861598257474146304
861598274226094081
861598586068287489
861598721284468736
861598769753796608
861598786908561408
861598952709378052
861598970723880962
861599013593911296
861599116522127360
861599222092713985
861599293530144768
861599334013521920
861599423100596224
861599437931630592
861599583197175808
861599601656299520
861599623995170816
861599706559938560
861599729112813568
