934934808224034816
934935121001680896
934935333636071424
934935404637249536
934935437201805312
934935469288247296
934935570161307648
934935700306386944
934935746120765440
934935946814001152
934936887021666304
934937431576645632
934937789287645184
934937915024723969
934938020251340800
934938327454695424
934939155527806977
934939512861372416
934939590325968896
934939591953354752
934939718462173184
934939797201850369
934940073715367936
934940078618456064
934940240740888576
934940269195165697
934940287008477186
934940748264427520
934940771907702784
934940843303165954
934940950450835457
934941165971001350
934941540027207680
934942056539217920
934942243215101953
934942543132938240
934943034034311168
934943072382799877
934943138132750336
934943959914352640
934944127699116032
934944148121161730
934944200050737152
934944498647486464
934944780047577088
934945169656467456
934945245728473088
934945312623550464
934945329413345281
934946434037768194
934946825034977280
934946932748898307
934947342398164993
934947561143721984
934948157678637061
934948386717028353
934948527091875840
934948575037001750
934948628036292610
934948809611804672
934949575298768896
934949979776585728
934950172664193024
934950476327604224
934950703537246208
934950993770446848
934951276378501120
934951593820254208
934952249012441089
934952618681565184
934952993228754944
934954102404124678
934954609054859266
934955223415775232
934956628239151104
934956645087567872
934957047887597568
934957261369290752
934958046547271681
934958506595307521
934959643096358913
934959889247539200
934960579302879232
934960741529960448
934961281651630081
934961317278048256
934961732635815936
934963249606426624
934963582390988801
934963746555998208
934963907894087680
934964150379401216
934964776526123009
934964836987035648
934965906144448512
934965948343373824
934966629644906497
934967926981124096
934968388157353984
934968732367097859
934970950130466817
934971746079227905
934972545379561474
934973000440537089
934976326984798209
934978657482764288
934979411476017152
934980273388658688
934980561369780225
934980893491445761
934981549392613376
934982215359913985
934982692621488128
934984051726929920
934984644394717184
934986003089108994
934986468564635648
934986654598787072
934986854113226752
934987188810534913
934987404611588096
934988268503957504
934990416843296769
934990918612119554
934992193277906945
934992879516254208
934993087402840064
934993990490968065
934994195315658752
934994379550416896
934995907124318208
934999154304090112
934999906053365760
935000122194321409
935000611539562496
935000949680230401
935002376695508992
935002776064708610
935002988166438912
935003253519060992
935006778462556165
935008161186172928
935008382402080768
935009228154052610
935009634410262528
935009969522458624
935011510996357121
935011668941295617
935011796200681472
935011935841652736
935012003575349249
935012128980914176
935012338054377472
935012580669689856
935012974472892417
935013141574049794
935013223660769280
935013306884087809
935013435548594176
935013609524137984
935014038492155904
935014628786081792
935015393625821185
935015601348550658
935015608915320832
935015681992642560
935016397570301952
935016407938555904
935016525320376321
935016897501974530
935017022991294464
935017046408011777
935017177543004160
935017235361533952
935017256236605440
935017505759916032
935017527297695745
935018322512490497
935018893671792641
935019051629383680
935019054359773185
935019289245077504
935019543268872192
935019685854302208
935019963110354945
935020034371436544
935020038305800192
935020356569624578
935020942765551616
935021194956427264
935021691721445376
935022144341381120
935022451616043008
935022751005532162
935023084913950720
935023995715538944
935024065227698176
935024151403925504
935025073462829056
935025405559533568
935026464570953728
935026466953351169
935026837662715904
935026854234275840
935027153770557441
935028011568631808
935028019738984448
935028112794013697
935028201289584641
935028246650998789
935028638852018176
935028956100743168
935029124837597184
935029629471006722
935029711444594688
935029898024013824
935030043922915328
935030104140365824
935030370403221504
935030767499071489
935030936315596800
935031496729092096
935031535136313345
935031796923797504
935031871590760448
935031980714070016
935032058279231489
935032141833846784
935032164655099904
935032222138208256
935032224394641408
935032417173241856
935032470235435009
935032490351357952
935032669557182465
935032831641866240
935032841230004224
935032876760031232
935033044871843840
935033168230481920
935033324929773568
935033417468731392
935033917807255552
935033993199747072
935035136692838400
935035258914959361
935035319858102272
935035376716144640
935035477362708480
935035494664212481
935035675602071552
935035847379963905
935035942905307136
935036349622648833
935036372322308097
935036391897038848
935036453125607424
935036460423680000
935036599058026496
935036812594212864
935037070837518336
935037078898991104
935037150688575488
935037158313906177
935037224114098177
935037670874603520
935037948835368962
935038215072899072
935038250212839424
935038415170670592
935038720536907776
935038731039465472
935038766087106560
935038846781313024
935038883892547589
935038987646857216
935039012284305408
935039026469490688
935039033851424773
935039247748300800
935039288651210752
935039368607207424
935039479726850048
935039619078516736
935039645188059136
935039914852446208
935039928534171648
935040022792638464
935040072826617856
935040124659871744
935040165159976961
935040619713503232
935040724290060288
935040753432227841
935041148871000064
935041150326521857
935041151668649984
935041153019265024
935041154499854336
935041329595404288
935041553734799360
935041720051408896
935041774669754368
935041800137355266
935041817325850625
935042312840900608
935042335246815232
935042503023009792
935042510753292288
935042539521851392
935042601400586246
935042643700207616
935042686503006208
935042997888208896
935043144156090368
935043203195179008
935043270429827072
935043281842589696
935043709460254720
935043904319229952
935044075153248257
935044105616404480
935044328312975360
935044604222681088
935044934054432768
935045201420214272
935045271825846272
935045335591866368
935045415774359553
935045462494760960
935045599325454337
935045787381325826
935045831165710336
935045884924059648
935045891332935680
935045935192788992
935045974271119360
935046041304489985
935046101757022208
935046132153151489
935046677739790336
935046751605665793
935046925044379651
935046951900450816
935047006581436417
935047088966168577
935047137569792001
935047149561241600
935047165809917952
935047242234208256
935047256046227457
935047336165863425
935047365672751104
935047410514038784
935048019732463617
935048061474222080
935048081732702208
935048624618311680
935048805145341952
935049237666107392
935049272487276544
935049300706504704
935049439860940800
935049571570417664
935049576251260928
935049762109378561
935049763325730817
935049779427414016
935050232907292672
935050460599271424
935050621299953664
935050861436383232
935051055938842624
935051353193361408
935051452006797312
935051590658154496
935051689924747264
935051714553663488
935051957487722496
935051990996078592
935052037993172994
935052061741162496
935052064413114368
935052164438937600
935052215714304000
935052275021635584
935052361894068224
935052718309281792
935052775481860096
935052877348950016
935052992851726336
935053219532804096
935053250058784768
935053262339936256
935053387145646080
935053475922227200
935053536194367489
935053691568173057
935053713407868928
935053895587557376
935053983609180160
935054082766721024
935054245346402304
935054257329442816
935054597722435584
935054763959504896
935054902375612416
935055103844868096
935055138586267648
935055267477176320
935055271298297856
935055393809682432
935055421076733952
935055442232987649
935055533949751296
935055604128931840
935055624920059904
935055639797223425
935055650786332677
935055781652819968
935056082325688320
935056089321803777
935056148058836993
935056177653780480
935056420084633602
935056507909148674
935056642609111041
935057002514075648
935057107560230912
935057109435138048
935057160354099206
935057338725056512
935057662177312768
935057783740698624
935057811133882368
935057846806425600
935057900795564033
935057954381975553
935057976184000512
935058138667024384
935058313745756160
935058513956655104
935058815128662016
935059492357771264
935059903772839936
935060243352117249
935060490874707969
935060813093666816
935060817388728321
935061136013185024
935061302095024128
935061328565223424
935061330066894848
935061444453904384
935061506852454400
935061570161446912
935061588800868352
935061605888471040
935061726487224320
935061752307486720
935061789934530560
935061899762454528
935061914639654912
935062195918049280
935062265753165824
935062333738516480
935062401178787841
935062842423828481
935062905124544512
935062964360613889
935063004881850368
935063115766616064
935063130425741312
935063139120422912
935063291998720006
935063318452154368
935063355793879040
935063590524002305
935063641069637632
935063878949519360
935064183607046144
935064218558136320
935064307515248640
935064443947569153
935064509026390016
935064546129186816
935064575640326144
935064590618103808
935064765734453248
935065332124753920
935065535951331329
935065632869158912
935065657447677952
935065739991638017
935065743972069376
935065920640299009
935066095773302784
935066150328823808
935066340372697089
935066430189469697
935066502948184064
935066509151539200
935066517414252545
935066586649636864
935066649857798144
935066668291776512
935066786193604608
935066937113051141
935066996999409664
935067026242113536
935067058382962688
935067082227683329
935067143909060608
935067250121412608
935067407613419520
935067470414733312
935067510952681472
935067566267125760
935067769191698432
935067809595478017
935067832571789312
935068309132734465
935068311250800640
935068386559700992
935068417362743296
935068520756514816
935068890211803136
935068926383460352
935068926584737794
935068940224663552
935069146894741504
935069329686532096
935069592690610176
935069619806720000
935069704779173890
935069791261483008
935069955309096960
935070011789664256
935070287682572289
935070358884909056
935070494780542976
935070506851749889
935070510374965249
935070530037837824
935070620802519040
935070703354867712
935070799261773825
935070848368726016
935070866769096705
935070917692133376
935070980078211072
935071084323500032
935071100123222017
935071192410497024
935071196726677504
935071214061662208
935071258005463040
935071358282878981
935071721643798528
935071761766469637
935071779772665856
935071907170398208
935071981958963200
935072002980896768
935072009700208640
935072055200043008
935072118378848256
935072282082512896
935072296099860480
935072337732481024
935072384624799744
935072394569543680
935072617400295425
935072841841758208
935072996628226049
935073035798896640
935073171459530752
935073343509803008
935073375101341696
935073392826441728
935073411071660033
935073532588863488
935073566277750784
935073585391177728
935073627900440576
935073762780831744
935073771609903106
935073794615541760
935074076070240256
935074090431459328
935074237542432774
935074263660408832
935074300977205248
935074500730859520
935074548231344129
935074579546103809
935074649595035649
935075012779835393
935075157483380736
935075165066747905
935075181449633793
935075185790726144
935075323175194624
935075781272891393
935075904304291840
935075932150345728
935076098681065472
935076147519479808
935076322426146816
935076370606186497
935076448007806976
935076550575144960
935076568816345088
935076622952222720
935076720964718592
935076721312792576
935076778040811521
935076811574337536
935076967283650560
935077112175874049
935077135236108289
935077423611183104
935077470067445760
935077529093853184
935077583309467648
935077651802415104
935077753073827841
935077855293296640
935077871961468928
935077912755105792
935078130045288453
935078257921286145
935078355459887104
935078520019148800
935078696926547968
935078785241796608
935078891839946752
935079003068780544
935079038577672192
935079085159706624
935079125789880320
935079157398196224
935079198342959104
935079266999418880
935079630477938689
935079893473353730
935079954672422912
935080062122065920
935080104442687488
935080421678657536
935080523029913600
935080591841726464
935080665342709761
935080698800721920
935080796813250560
935080822469734401
935080975993798656
935081108282023936
935081109033050112
935081380329017344
935081509941399552
935081610575339520
935081664690212864
935081693941256192
935081956848689152
935082017602940929
935082126348824577
935082132325654529
935082269236170752
935082329126658048
935082350362361856
935082507950788608
935082546626523136
935082732274814976
935082785420857344
935082801040379904
935082865750048768
935082982259527680
935083201512529920
935083234911817728
935083295867654144
935083358127820801
935083413106823168
935083634754752512
935083641805393921
935083649267060738
935083944994918400
935084190709755904
935084511771136001
935084576770265088
935084598597431299
935084677462835200
935084851929255936
935084996611764225
935085098852147201
935085214371631104
935085320231628800
935085390846763008
935085425819037696
935085428822233088
935085451974709248
935085458140291072
935085499911417857
935085554332569600
935085627489517569
935085738533761024
935085784130031616
935085802022989824
935085866401361920
935085894238916608
935085895816007680
935085949876359168
935086047930617856
935086059683184640
935086119036833792
935086149491740672
935086157095989248
935086177744576512
935086191078232064
935086252101177344
935086313795026944
935086334888300544
935086413883887616
935086572164321280
935086577235116033
935086643207221248
935086649226285056
935086650081804288
935086657153486848
935086721036845058
935086747620462592
935086915065466880
935087015154081793
935087043453050880
935087138860920834
935087414229467136
935087450296389632
935087490263683073
935087511126323201
935087665808117761
935087960109744128
935088102963589121
935088220236283904
935088255418159104
935088282215514112
935088330265579521
935088385055690752
935088491234562048
935088510813401088
935088527875993602
935088538923753472
935088573149216768
935088782159724544
935088836702597120
935088836148940802
935088874002448384
935088984786591744
935089310210121728
935089416086917120
935089415763976192
935089699680669696
935089784288096256
935089855931002881
935089862847401985
935089898696183808
935089961061232640
935090018049232896
935090154469027841
935090465266962432
935090521613197313
935090576898355200
935090582053060608
935090666023129088
935090823649284097
935090904154738689
935091037634048000
935091086376218624
935091203963531264
935091244518313984
935091483216146437
935091637147009024
935092070225797120
935092084704448512
935092326380302336
935092377341001730
935092425646895105
935092449038528512
935092693478379521
935092725879361536
935093025780400128
935093143611105280
935093154218500096
935093352537706496
935093446884413441
935093476303175680
935093599011819520
935093924011610112
935093996489248768
935094021080469510
935094166329192448
935094168665382912
935094169298718720
935094263389523968
935094345111359488
935094364308721664
935094377948463104
935094430901723137
935094649206792192
935094818736291840
935095160374824962
935095330420424704
935095398443769856
935095401350402049
935095479448342528
935095491657961473
935095521907109889
935095649586032640
935095858403729409
935095880486719489
935096147156373504
935096284846927874
935096314177601536
935096437397966848
935096563600420864
935096624023588864
935097059945873408
935097076102389761
935097291635023872
935097602546262017
935097698058997760
935097933065867264
935098131590602752
935098353725079552
935098503247876096
935098596457840641
935098644943876096
935098794609430530
935098832446214149
935099139230011392
935099185598271488
935099312190738432
935099353374568448
935099480680038400
935099544815194114
935099560543838208
935099773639643137
935100101760077824
935100108202565633
935100192382160896
935100249588289536
935100252583092225
935100351157620738
935100364738752513
935100555214561280
935100665214455808
935100707639787520
935100761863872512
935100998481309696
935101328577236992
935101423414644736
935101497372749824
935101756429815809
935101765892100096
935101835232337920
935101838952730626
935101954715475968
935102101839077376
935102156344053760
935102218776301568
935102252565614598
935102312825217024
935102422560755714
935102608175280128
935102668204158976
935103353423572993
935103410281635843
935103438706397184
935103857964744704
935104031655124992
935104311620702208
935104399545962496
935104513446465538
935104547684569088
935104750441205760
935104762923704320
935104807127396352
935105249009983490
935105285978513408
935105481097453568
935105483123200000
935105563100352512
935105586982617088
935105747683246080
935105784748367872
935105958027685888
935106196113149953
935106393836851200
935107046063726592
935107253010685952
935107327253983232
935107356496678913
935107460918063106
935107622830608384
935107659551920128
935107685715980289
935107735905071104
935107833485582336
935107875898261504
935107951215263744
935107982144061440
935108269093281792
935108623491108866
935108635826511872
935108675756322816
935108772338520064
935108844992258048
935108893084135424
935109247117025280
935109307590496256
935109480982962176
935109532572729344
935109540378562561
935109870050824192
935109912555868161
935109921065992198
935110000040493056
935110263275184128
935110345777131520
935110425292746752
935110604154703872
935110624916340737
935110816465948672
935110837085249536
935110840394702848
935111276216414208
935111571763879941
935112191757438976
935112223617355777
935112435769495552
935112479524474881
935112499527110656
935113034703495168
935113217784807424
935113308394475521
935113373334884352
935113376602165248
935113378774896641
935113774960402432
935114187436683264
935114543101108225
935114547966496768
935114595928297472
935114740627513344
935114752031895552
935114806654271488
935115151119929345
935115163413364739
935115167830106113
935115171156160512
935115320846618624
935115611461517316
935115652062314496
935115802075742208
935115809474695169
935115825140310016
935115838570590208
935115965196652544
935116001401810945
935116188979552256
935116312384364545
935116497063763968
935116772671414272
935117184216518656
935117227241689088
935117475938750470
935117577193508865
935117792315142144
935117891816624128
935117914092523522
935117937907785728
935117943461044224
935118072704323584
935118122872393729
935118181596913664
935118249389277184
935118266904715264
935118316456284165
935118325108969472
935118421183860736
935118488041152513
935118553761632257
935118589048344576
935118657767669760
935118660456407040
935118749845413888
935118781738901504
935118881512939522
935119088266903552
935119197197275136
935119373500583936
935119811465633792
935119950519271426
935119978432413698
935119984279384065
935120219768360960
935120281873547264
935120660317208576
935120665404956673
935120691443122177
935120736716337162
935120738461237249
935120739924975616
935120742051495937
935120743603486720
935120746011025408
935120748263358464
935120750486228993
935120751937708032
935120755099963392
935120775279005697
935120852617760768
935121131245367296
935121179102334977
935121230105104384
935121599031898112
935121625409875970
935121626651353090
935121656514740226
935121989718724608
935122338395369472
935122471942021121
935122481437851649
935122495274930178
935122531731804160
935122600728068096
935122725177139200
935122875614240769
935122885148102658
935122888943906816
935122904085336064
935122948813410304
935123032280051712
935123150324555781
935123313533349890
935123329673060353
935123351697313792
935123590818574336
935123644061290497
935123731097141248
935123797195329537
935123833299918848
935123890640248832
935123901297954816
935123926027513856
935124059595173889
935124074002567168
935124085172002817
935124108504895488
935124120924192769
935124171641802753
935124187223539712
935124188892864512
935124190176391168
935124192256712705
935124193527472128
935124195121360896
935124247353098240
935124304894857216
935124357969596417
935124388034293760
935124420410183680
935124515444621312
935124770110300160
935124835105230848
935125084683022337
935125170389471232
935125214601637888
935125574372265986
935125716496105473
935125763640061952
935125953927368704
935126029173186560
935126150401097729
935126379603156998
935126590887006208
935126790707863552
935126828947247104
935127053992628225
935127094409027584
935127299925643264
935127328635719680
935127522840281089
935127553974685696
935127737567666176
935127862033747968
935127965075111936
935128345192419329
935128430588387328
935128470497005573
935128502399127553
935128502860500995
935128672197103616
935128847854522368
935128857593593856
935129030071865344
935129123948810241
935129190755643392
935129235970314242
935129332711800833
935129381990797312
935129494947614726
935129557455245312
935129579114717189
935129609603035136
935129664191950848
935129715509268480
935129923827699714
935129965628149761
935130003628367873
935130027020124162
935130036386123777
935130036742606848
935130073727979520
935130146536939520
935130269098459138
935130309028433920
935130367601848320
935130402884341761
935130471155068928
935130487907082240
935130696330481664
935130750923431936
935130887674621954
935131094906802176
935131271142948864
935131314226909184
935131347106091008
935131732780748800
935131760446377984
935131779186544641
935131850351226881
935131985881772032
935132286105690117
935132301268275200
935132450010869761
935132501265203200
935132599596576768
935132642361651201
935132667955351554
935132681750409216
935132743192760320
935132759940624384
935132991227129856
935133245263540226
935133346623098880
935133457478496256
935133642833235972
935133827588067329
935133835947278336
935134023323738114
935134181235060736
935134223379419137
935134268610744321
935134343906910208
935134380082819072
935134481266171904
935134550170025984
935134624069668865
935134675730948097
935134692239728640
935134726779756545
935134796501614593
935134870476656646
935135494140243969
935135557184884736
935135621110263808
935135895493206016
935135973586878464
935135975533043712
935136036983894016
935136059457003520
935136154122440704
935136223127134208
935136320460013568
935136421819625472
935136467055235072
935136489662550016
935136562848944130
935136656545501184
935136687075848192
935136771586887680
935136972208836608
935137043650289664
935137078010138624
935137167772471296
935137181663940608
935137207173738496
935137399495188480
935137584132640768
935137584056958976
935137789733228544
935137808179531777
935137914362777600
935137969802969088
935138068285313024
935138084047405057
935138126128975878
935138191945891840
935138221352280064
935138391204814848
935138501720461312
935138551737577473
935138644179996673
935138661859037186
935138739927638016
935138772181757953
935138783690969088
935139051501481985
935139057117618176
935139093578698755
935139183433322496
935139195139575810
935139239234293766
935139265876496385
935139282234195968
935139334407286784
935139376929038336
935139410651295744
935139604382076928
935139645574254593
935139645767208960
935139869633994752
935139977318584321
935140088144650240
935140099146289154
935140119123841024
935140211855589382
935140311596240896
935140685778386944
935140790551977984
935140819144646656
935140853688995840
935140920189599745
935140961142951937
935141050011848704
935141162519793664
935141272356040704
935141286151155713
935141337317376000
935141384604078080
935141401070919680
935141412219375617
935141421077745666
935141436319846400
935141439335317504
935141439746592768
935141782706380801
935141884527247361
935141939619487745
935142155458433024
935142158876725248
935142186676563968
935142203638329345
935142249641402368
935142299540975616
935142306453352453
935142582010679297
935142618413109248
935142646762393601
935142704798978048
935142769055580165
935143073306333189
935143159222415361
935143210019680256
935143220291559425
935143262469357568
935143305641373701
935143374927130626
935143574953517056
935143629626265600
935143713390710786
935143733724680194
935143744009048064
935143789835976705
935143881435435008
935143890616799232
935143910158061569
935143968010104832
935144027321708544
935144039996907520
935144054270189568
935144090047598592
935144090970210305
935144152039378945
935144285338341378
935144364875100161
935144427227615237
935144485377409025
935144485352345600
935144491782205441
935144609818095621
935144659927601154
935144747282419712
935144785723166720
935144816651927552
935145068943564800
935145104540602369
935145285520674816
935145404710248449
935145424956133376
935145544070127616
935145680921858048
935145768297598977
935145851525021696
935145902276333568
935146280849952768
935146658752548866
935146718454272005
935146880962519041
935147047442886657
935147059430215681
935147215269584896
935147258475175937
935147431523770368
935147491896332288
935147544883204096
935147584422907904
935147593021104128
935147710516285442
935147720532217856
935147755307192320
935147819131748353
935147912136478720
935147976611303424
935148418120503296
935148429080014848
935148545568632832
935148670097477633
935148878478712832
935148920019316736
935148969050521600
935148978445963264
935149137175068673
935149170930999296
935149273217454081
935149330385784832
935149478813761537
935149654261534721
935149850655641600
935149927679909888
935150008432816128
935150124862525442
935150284233494528
935150576928808962
935150724341747714
935150815232245760
935150850300882944
935150885033746432
935150976536928256
935151219219320832
935151224550318080
935151235656798209
935151261602549761
935151319572189185
935151497494614016
935151588662022144
935151604898172928
935151632119160832
935151791339163648
935151848251691008
935151884029001729
935152051616665601
935152066837798912
935152238430965760
935152290645848064
935152377149186053
935152392710082560
935152528215494656
935152609685630977
935152686621589505
935152870630002688
935152904834449410
935152913814573056
935153058023116801
935153146136993792
935153298667200512
935153328224215040
935153376228147203
935153407337275392
935153496533487617
935153586715201536
935153748846006272
935153754025820160
935153880274522113
935153934984982529
935153970774933504
935154013523402752
935154053235044353
935154139390271490
935154272777404416
935154314405924864
935154512775602176
935154639623917569
935154697245200384
935154864983822337
935154959892602881
935154967496855552
935155035507449857
935155039651364865
935155065161244673
935155093166608384
935155234921381888
935155295365541890
935155382762303489
935155393029959681
935155395424899072
935155473451433984
935155486256697344
935155524080951296
935155671816982528
935155682000756736
935155832592969728
935155851429638145
935155924305506304
935156053863534594
935156169651388416
935156243169271808
935156348462956544
935156463688826883
935156576595398656
935156609155821569
935156762428215297
935156818971635712
935157045912899586
935157097465106434
935157149113765888
935157223487131648
935157273881608192
935157395592044545
935157615700660224
935157967003029504
935158014960701442
935158117763026945
935158128752185344
935158610203697152
935158624036540416
935158649516969984
935158658845020160
935158753695027200
935158766806454272
935158885912002561
935158967763914752
935159050874052608
935159094134104065
935159160328552448
935159197548900352
935159238292361216
935159314410541059
935159343795900416
935159364079546369
935159598629126144
935159675795976192
935159679935639552
935159979757178881
935160014834225152
935160422478565377
935160476316598272
935160511779311617
935160549146492928
935160950604402689
935161139855593474
935161698884947969
935161789515468800
935161825175523328
935162092532809729
935162095796027392
935162098899869696
935162148673683457
935162252377968640
935162341150339072
935162572059348993
935162590753443840
935162681467850757
935162780465762304
935162781728460800
935162783049510912
935162784626589696
935162811780554754
935162977866543104
935163028193939456
935163141478076417
935163235011055616
935163380687671296
935163806468268033
935163940744544258
935163959241347073
935164145661440000
935164318517260288
935164378487443456
935164465875705856
935164601204920320
935164626312028160
935164801780781056
935164841723158528
935165095478484992
935165119373414400
935165136515375104
935165204224024576
935165244300840961
935165277960056834
935165495958962176
935165569673940992
935165819893542914
935166007559315456
935166075628605442
935166102488997890
935166218503360512
935166243258105858
935166279379402752
935166315140182019
935166456291119106
935166493431685121
935166999147184128
935167122363375623
935167132307877889
935167142454071296
935167164012814341
935167338218967042
935167602132955136
935167886640889858
935167991263780870
935168010913955842
935168029297725440
935168106363842560
935168150202650624
935168152375308288
935168187922112518
935168352649129985
935168448388370432
935168632681828352
935168700776439808
935168825871556613
935168882712698883
935168980037324800
935169013578993664
935169017836224514
935169020835319808
935169024064765952
935169086790799360
935169196991934465
935169268664082433
935169570205261824
935169602530791425
935169928293945344
935169930391179266
935170004512686081
935170006165237760
935170007671095296
935170008967086080
935170010258980865
935170011970150402
935170025140510720
935170146792083458
935170159920275457
935170184003899392
935170286009438209
935170368930709510
935170725664776192
935170798284832769
935170848268398593
935170913376534529
935170994209263621
935171016053071872
935171108545982466
935171109535862784
935171260593639426
935171267363303425
935171270811045888
935171345952006145
935171413643874304
935171430098104321
935171524109258753
935171662655475713
935171678262480896
935171699175251968
935171759367626753
935171784428703744
935171811809079297
935171890712326144
935171907674091520
935171962778914818
935172149442154496
935172427067412480
935172436047417344
935172546529513472
935172573226258434
935172650346958848
935172938244001793
935172960385675264
935173039305777154
935173272043491328
935173413454471168
935173653817446400
935173681755680770
935173724541718528
935173852732194816
935173937251737601
935173958999166976
935174055078121472
935174080927617024
935174162448109569
935174263736119296
935174289338155009
935174432133451778
935174429394563072
935174447174168576
935174492497825793
935174508989775872
935174538819710976
935174606121562112
935174642901405696
935174646269448192
935174684039053318
935174691647557632
935174768399134720
935174831557005315
935174859952402432
935174986859298816
935175032971677697
935175249611689984
935175294629052416
935175385007960064
935175388187197440
935175423129989121
935175507422801920
935175510631608320
935175725547753474
935175769319493638
935175826244620289
