882388571549831170
882388730929197056
882388815658307584
882389066322522116
882389341988958208
882389457726582785
882389536961069056
882389798559899649
882390146246733824
882390361984966657
882390468658700293
882390600586326016
882391096017522688
882391141781573632
882391185138044929
882391218369462272
882392088687460352
882392517404229632
882392651408035840
882392854299127808
882392885685080064
882393199335149568
882393477979549696
882393540734705664
882393610410393601
882394120622362627
882394228474753025
882394412457881601
882394505957310464
882395003770810372
882395158024794112
882395271585558528
882395397616005121
882395789712007168
882395936827342848
882396041592680451
882396426680098816
882396444661035008
882397686376398848
882398490340597764
882398751087886336
882399643887431680
882399700829294592
882400232268607488
882400848239874048
882400920402833416
882401033535803394
882401123281383425
882401321185423360
882401644587225088
882402851120529408
882402852387209217
882402852936732672
882402854220177409
882403105848963072
882403107161767936
882403745270607872
882403798198607872
882404332884328448
882404483090788352
882404623948054528
882404785848242176
882405187939438593
882405273733922817
882405698801479681
882406088318046213
882406309299191808
882406878361382912
882407356885282816
882407653061926913
882408435572248576
882408678724435968
882408843501764608
882408955657498627
882409529882943488
882409927507148804
882410030217166848
882410162698559490
882410344597127168
882410432438325249
882411318128644096
882411342493253632
882411668927590400
882411968858140674
882412048210112513
882412659387375616
882414261506539526
882416813895766017
882418277867180032
882418277816819712
882418281621188609
882418542821421058
882420059804758017
882420233650282496
882420331725697025
882420456481050626
882421167713374208
882421982184255488
882422388582789120
882422871112462336
882423288760344579
882424047321186305
882424367346405376
882425731711733760
882425960049528832
882426634686664704
882428237367971840
882428575818936322
882428813459804160
882429107811778560
882429443955802112
882429891794395139
882430862738022401
882430870245838848
882431444857081857
882431802375372802
882432215975690240
882432438789705729
882434271771844608
882435277549170690
882436653113016320
882438370483466240
882440225921826817
882440237410123776
882440409867223041
882440425822453760
882441197385637888
882443550704664580
882443590668083200
882444068936089600
882444346913689600
882444564786814976
882444616259313664
882446328629997568
882446569253068800
882446844827238400
882447011433377792
882447050981429248
882447167260151808
882447396139147264
882447519304830976
882447877129347072
882447995962359808
882448104527728642
882448177349230592
882448287705554945
882448930713346048
882448966989860864
882448972190806016
882449031057879040
882449091556515840
882449492456333312
882449493790138372
882449495132258304
882449555350016000
882449934020222976
882450275814060036
882450520035782657
882450926312841216
882451017706680320
882451720445599744
882451781112004608
882451916118163456
882452201330925568
882452438288150528
882453053768687616
882454147152392193
882454262248337409
882454306401779712
882454641044324353
882454966476132353
882455000001196032
882455683425292288
882455706196217857
882455773917442048
882456138536685568
882456737227440129
882457458979078145
882457691666436097
882457805558620160
882457813523550208
882457899276136448
882457931719094273
882458083783520256
882458114875904001
882458159708876804
882458228734525440
882458461061210118
882458580632440832
882458680200974336
882458834870165505
882458841828470784
882458976805425152
882459086868107265
882459258373197824
882459380884660224
882459397523472384
882459727942352900
882459740814618625
882459799887245317
882459947312828416
882459967550353409
882460024580313088
882460064153522176
882460648722006020
882460931401416704
882461565529796608
882461741317226496
882461754332246017
882462160663793664
882462259859124224
882462510263263233
882462847476932609
882462862119231489
882462902275510272
882463673708683266
882463848443326464
882464075095187456
882464202513936384
882464605125001217
882464913511391232
882464953021722625
882465032864452608
882465035632685056
882465071280005120
882465072668213248
882465074119561216
882465292755976193
882465421869408256
882465602073395201
882466032048365568
882466571087749120
882466844237594624
882467454349447174
882467629050548224
882467791508525061
882467956797689857
882468501683916800
882468537679437825
882468561750556672
882468659452628992
882468756118753280
882468938730401792
882469067776544768
882469076081283073
882469178434650112
882469271913287680
882469455737081856
882469546736721920
882469662512099328
882469813293076480
882469844330975232
882469847640276992
882469982189342720
882470080658984960
882470127781990400
882470215262633984
882470379754860545
882470580494192640
882470747976892416
882470812384735232
882470860573069312
882470862376493056
882470892663709696
882470987639476224
882471091213664257
882471242728693761
882471341001236480
882471349419220992
882471386832412672
882471532244619264
882471850260955136
882472351593635840
882472405544960000
882472759326113792
882472855224672257
882472956466737152
882473093641404417
882473203700027393
882473471145652224
882473501805998082
882473566696034304
882473749265735680
882473831767699457
882473869168300041
882473910062788608
882473956623745024
882473961325572096
882474102807830528
882474213159972864
882474538122006528
882474664190148609
882474896995102721
882475153980096512
882475477172195328
882475481735540740
882475629190533120
882475707665973248
882475823332306944
882475852541329408
882475915514716160
882475926327619585
882476315928141824
882476335276404737
882476515425955840
882476605414625280
882477059917979652
882477064124805120
882477069032189954
882477219670523906
882477228898103296
882477325320949761
882477431864610816
882477481688801280
882477621220659200
882477668943482885
882477680930770945
882477719451299840
882477750258475010
882477902817890306
882478017309802496
882478033776541696
882478215557677056
882478336412352512
882478509612032000
882478599181406208
882478612817084421
882478695214071808
882478995798970369
882479032545271808
882479058457702400
882479069434179584
882479108684427264
882479165391417344
882479281208774656
882479444262309888
882479462046203905
882479948962963456
882480107650244608
882480155712770049
882480177170853888
882480230404947968
882480323208065024
882480363494309888
882480471162183680
882480516787732480
882480694647062528
882480696626880514
882480698266853376
882480961434288128
882481172185591809
882481447256436736
882481516617531392
882481580601561088
882481711476494336
882481786156134400
882481814715203584
882482016188600324
882482434889089026
882482465998348288
882482477029359616
882482587125649408
882482788703907840
882482814339473409
882482909189472256
882482935382908929
882482967381245952
882483014781079552
882483124743135232
882483148675796993
882483197887598592
882483640558649344
882483737006661634
882483848981999617
882484094617231361
882484325958246400
882484451011420160
882484464600977409
882484500571336704
882484525900713984
882484624085143552
882484633786613761
882484774111260673
882484843053015041
882484887244206080
882484949802250241
882485017942818816
882485085710295040
882485135496622080
882485231734972421
882485557548523520
882485593392984064
882485683788681220
882485695624990720
882485725568147456
882485918392885252
882485968728543232
882485985375813633
882486004514516992
882486011766460416
882486075293401088
882486332551032832
882486407746523136
882486409986224128
882486559907426304
882486566521905152
882486602982977536
882486714027192320
882486889403621378
882486896777199616
882486901470617600
882487033440108544
882487049282101249
882487199740153857
882487305763794944
882487340199022592
882487374529351681
882487378174255105
882487379122167808
882487463977013248
882487498596909056
882487510357733376
882487672035520518
882487837358247936
882487854231932928
882487886574125056
882487978148409344
882488105261027328
882488175331082244
882488340846698496
882488403585060864
882488437869359104
882488535122575360
882488555100135424
882488583919218688
882488596552351744
882488734985465863
882489207473799168
882489227463852032
882489368233091072
882489399510020096
882489668687802368
882489874690998273
882489900217532416
882489901731778560
882489933012889600
882490016391458816
882490072385417216
882490097635078144
882490172687953921
882490204229169152
882490286689136640
882490303915196416
882490396433108992
882490596308504576
882490641162407937
882490752508538882
882490784989274112
882490811258200064
882490838403698688
882491044721504256
882491124685910016
882491130994085890
882491343431487488
882491401954631680
882491487925264384
882491818390302720
882491904453160960
882492157214511104
882492165913444354
882492176491532289
882492179918225408
882492263481430016
882492306259095553
882492353352785920
882492503961763840
882492579702599680
882492626683011073
882492643233714181
882492728449171456
882492740595929088
882492800205545472
882493008427483136
882493039771627520
882493136278302720
882493157954527233
882493208332206085
882493273536954368
882493390176354304
882493414712979456
882493482732072960
882493511437754368
882493512675020800
882493517938925568
882493519494922242
882493659249291265
882493710348505089
882493820725809152
882493881916551168
882493909523419137
882493923192578048
882493924786319362
882493936308289536
882493971041267712
882494086673989634
882494242802806788
882494264797745152
882494262537007104
882494268610400257
882494279494623232
882494292543123457
882494420481867776
882494540564660225
882494660450668545
882494675667628032
882494696559439872
882494757573996544
882494779602472961
882494791191343105
882494803388362752
882494815027556352
882494816155774976
882494869087936513
882494922976374784
882494936335233024
882494951325671424
882495068564795392
882495084612247552
882495090047975425
882495119680827392
882495193357975552
882495205676642305
882495377374674944
882495469162725376
882495540541489152
882495653036912641
882496006432198656
882496131258777600
882496148669378560
882496150300962816
882496162795802625
882496281297338368
882496282610114560
882496283839152128
882496294748606464
882496340584009728
882496430572806144
882496442077728768
882496452081188864
882496507286519808
882496534163705856
882496563490299904
882496738111696897
882496745271373824
882496753785647104
882496757145513984
882496807170961408
882496848757481473
882496889987502081
882496897545535488
882496942768631808
882496979548426242
882497046497959936
882497330657853440
882497414128652290
882497613806923776
882497690805948416
882497732069470208
882497731993980928
882497851007406080
882497948181045249
882497990245715968
882498104687308801
882498190163017730
882498241400496128
882498267849904128
882498274900537344
882498306370228224
882498314704498688
882498448335011841
882498470824869888
882498476948541440
882498511941533696
882498589641068544
882498606300889091
882498617726119938
882498621488455681
882498704695062528
882498855853588480
882498858223362048
882499051845038081
882499161270231041
882499267147051008
882499284167536640
882499283328671744
882499328220299264
882499342074077184
882499379529216001
882499413565874176
882499472722460673
882499506004267008
882499550077964288
882499550392483840
882499787056189440
882499803757805568
882499829942951937
882499861018546176
882500104606928896
882500131345575936
882500140476620800
882500266410377216
882500286828470272
882500509797683200
882500554861228033
882500584166785024
882500844926754816
882500881668878336
882501087416254465
882501333370142723
882501385652252672
882501426383130624
882501490321100801
882501601944100864
882501606041939968
882501714036875264
882501952587935744
882502016140021760
882502026416074752
882502051363782656
882502060545069056
882502091914268672
882502316884205568
882502320629612544
882502342117117952
882502567804243969
882502609952788481
882502658208280577
882502678256828416
882502755088293892
882502773924913152
882502791310213120
882502838575935488
882502932498980865
882502936412258304
882502971824656385
882502975398322176
882502999905644544
882503000320876544
882503015437127681
882503047838146560
882503100317265921
882503104670945280
882503189253246976
882503196937244672
882503202545053700
882503319037636608
882503445839785984
882503445693046784
882503598588006400
882503600810885120
882503710164865025
882503717609627648
882503742880395264
882503792637472768
882503836899921920
882504059755921414
882504090311327744
882504239121125376
882504415462162432
882504477332434944
882504479068827653
882504533234024450
882504539529781250
882504548065128450
882504560929112064
882504598250016768
882504695264182273
882504700658163712
882504752298426368
882504796103745537
882504865263517697
882504867151044608
882504943164428288
882504944439484416
882504948470231040
882504964370771969
882505072290144258
882505293585952769
882505345490354176
882505386279960576
882505474595332096
882505615972683776
882505648008835074
882505665465511936
882505695559602177
882505864212619265
882505918814068736
882506026196639744
882506035763843072
882506052155191296
882506115308818432
882506141896511488
882506143985225728
882506161857155072
882506298339848192
882506325221134336
882506435325775872
882506450135900160
882506462030856193
882506514317094912
882506520088502273
882506534084857856
882506608575688704
882506617526394881
882506693829165056
882506746849308673
882506845583265794
882506863715254272
882506873211154433
882506969743069184
882507051989118976
882507077993852928
882507136105816064
882507163989671937
882507186638860288
882507250602049538
882507404382019584
882507662394621957
882507685249392640
882507715230269441
882507723836981248
882507848864944129
882507869043687424
882507984953389056
882508145381265408
882508182786125824
882508196329422848
882508215178715136
882508286276362241
882508417377722368
882508428341633024
882508477679185920
882508535640330240
882508551771607040
882508569563860992
882508614107357184
882508616829480960
882508635917746176
882508696680624129
882508821280825344
882508932056567808
882509027565084672
882509086948040704
882509152077185024
882509263993810944
882509391496224769
882509391970189314
882509510694363137
882509525617704960
882509545389654016
882509653581496321
882509815528009728
882509901028831232
882509902433964032
882509942586044417
882510029844357120
882510134790025216
882510148526374912
882510159309934593
882510191593476097
882510249420304384
882510289626910721
882510511937597440
882510564949463041
882510571635134466
882510960048656384
882510997017305088
882511057868214272
882511149165576192
882511187530969089
882511216719138816
882511235169886208
882511245345247232
882511253939384321
882511291188903938
882511397002911744
882511406305857536
882511431207464960
882511459137277956
882511508034523136
882511516305588224
882511549482586112
882511609394069504
882511767800250368
882511769197064192
882511855817818113
882511874394394624
882511906145148928
882511908183474178
882511910452711424
882511963384934401
882512013615878144
882512049829531650
882512054481035264
882512353874542592
882512422149525504
882512477057142784
882512519587393536
882512529259474944
882512726173650944
882512775473500161
882512821677903873
882512977286512641
882512994013458437
882513042201825281
882513142336679936
882513179070177280
882513193536540672
882513290395623424
882513344447610882
882513402937176064
882513512031031296
882513525641551872
882513683104051200
882513782454591489
882513788293046272
882513789941411841
882513804667613184
882513828893863938
882513901119844353
882513957587759105
882513962088239108
882514012747034624
882514105046794242
882514195924881409
882514260139659264
882514314468483073
882514322500538368
882514349096673280
882514374430162945
882514440716828672
882514521478373376
882514589497294848
882514595373621248
882514617343279105
882514638801428480
882514701879582722
882514801003565060
882514929722564608
882514977826930689
882515058907111426
882515121968472065
882515248326029312
882515274544631808
882515348272152580
882515367494660096
882515421018169344
882515471135903749
882515633707118593
882515641491652608
882515773956259840
882515834140315648
882515882030895104
882515918206717953
882515918231711744
882516038876876801
882516145139535872
882516203834683392
882516227209482241
882516353978183681
882516445799870464
882516510044020736
882516581078761474
882516646547644416
882516707235024898
882516728592441344
882516776101261312
882516842174087168
882516842102837248
882516877272023040
882516896821780480
882516928023207937
882516954367619073
882517052606488576
882517070142996481
882517091835924483
882517121435144192
882517123628769281
882517144818331648
882517227140001792
882517245003476994
882517329858449408
882517337294995457
882517494572998656
882517535974936576
882517539569487872
882517585371308032
882517599489327107
882517632456511489
882517686198075392
882517851818647554
882517866364502016
882517939093635072
882518025097883649
882518036917493762
882518037768929281
882518076444508160
882518086812880896
882518105158803456
882518133164167168
882518134246313984
882518278442299394
882518337443561473
882518351435661312
882518578418909184
882518611239239681
882518630612815873
882518696098443264
882518712699453440
882518730886053889
882518813404790784
882518876701044736
882518988944756736
882519023648419840
882519113255571457
882519328167526400
882519339097784320
882519576902324224
882519581591523332
882519659039387648
882519701766778880
882519721148600320
882519764479991808
882519783647973377
882519840237506560
882519871627698176
882519874072981504
882519920294211584
882519947666223106
882519969883402240
882520036698673152
882520061919080451
882520103857860608
882520125705945088
882520169829982209
882520188784082944
882520225006145537
882520269914505216
882520288646320128
882520333332475905
882520333311393796
882520349220507648
882520357873356800
882520381713788928
882520401712226304
882520418837508096
882520431437250561
882520497858252800
882520576597819393
882520633577541632
882520721032974336
882520799642517504
882520811986456576
882520836216950788
882521046032801792
882521071890681856
882521092841144320
882521123476393984
882521227809742848
882521226316566528
882521283451289600
882521300018876416
882521341353746432
882521356008660992
882521439085219840
882521470668296192
882521481846169600
882521509998284800
882521669830680576
882521765234307073
882521767226601472
882521807659651072
882521831558840320
882521900425064448
882521911024070656
882521954120593408
882521991244382209
882522019576909824
882522020910649345
882522034311507968
882522037553688580
882522064082653184
882522071720497152
882522166213976064
882522167329665024
882522223336140801
882522241673510912
882522295595667462
882522302285524992
882522524852113408
882522657505374208
882522660051312642
882522661901017088
882522816675024896
882522926096011264
882522939316293632
882522974187925504
882523053456060416
882523330451914752
882523379231838208
882523401939820544
882523426178641920
882523476086710272
882523539642953728
882523543522750465
882523654868938752
882523682035425281
882523761228042240
882523838994673665
882523958259658753
882523965239021568
882524224174379012
882524299453751296
882524310384062464
882524324309192706
882524325601054720
882524442294984704
882524457251856384
882524545273475072
882524563690725376
882524612973780992
882524804531834881
882524826451271680
882524977714659329
882524982110298112
882525109692583936
882525111412305920
882525182342176768
882525276575498240
882525365809418240
882525454829326336
882525580595412992
882525618675601408
882525650942398465
882525796002406400
882525807058575360
882525842680709121
882525946389123072
882525978806845441
882526046352019456
882526090597724160
882526145928982528
882526148118421504
882526150945259520
882526169492488192
882526203126718464
882526319283752961
882526361432203265
882526409784164353
882526563060916224
882526679855501312
882526693201768452
882526779176620032
882526812928188417
882526826152828928
882526835388686336
882526844918091776
882526874722807808
882526889977446400
882527009208926209
882527052112515074
882527064888410112
882527073440587776
882527140272644096
882527234971639808
882527487133143040
882527494644969472
882527513435570177
882527608797356033
882527639898132481
882527662257864704
882527936917778432
882528000646025217
882528082091003904
882528099233132546
882528115108569088
882528129935446016
882528278258618368
882528295820152832
882528306968612864
882528408495849474
882528599898595329
882528637580222464
882528651551678466
882528716261347328
882528773366743040
882528912982642688
882529270756757505
882529314385866752
882529324506767360
882529369301938177
882529432761761793
882529452034584576
882529458921590784
882529461291409408
882529520879894529
882529535182372864
882529567155646464
882529578757095424
882529582687113217
882529583823818753
882529658968973313
882529680557002752
882529741244424194
882529810756644865
882529815471017985
882529818180558848
882529925277900801
882529958370959360
882530014142447616
882530142735785984
882530163011072001
882530163610791938
882530274122313729
882530464518610945
882530497137700864
882530505073115137
882530520483188736
882530580843425792
882530698007019520
882530752633720833
882530775828226048
882530814839459840
882530861287174144
882530896720666625
882530918493237248
882530980237647873
882531031810809856
882531056796278784
882531056129277952
882531097611030528
882531098626011136
882531118955843584
882531245242142726
882531376817479680
882531375034892288
882531425492271104
882531470618877952
882531474758656000
882531563573006336
882531585920073729
882531688517169152
882531730745413632
882532009146544128
882532011046514688
882532013051437057
882532039035162625
882532157272576001
882532314475094016
882532334997733376
882532380346601475
882532505949282304
882532524685242368
882532676598734848
882532872434978817
882532923378892800
882532967318474753
882532982556381184
882533003251077120
882533014621876238
882533044124618752
882533070599073793
882533092422029312
882533113154371584
882533143227641858
882533241332391936
882533244377464832
882533253705543681
882533260496187392
882533299217981444
882533320512479232
882533346353577984
882533437017645056
882533465673150464
882533469397671936
882533486577561601
882533503279276032
882533626528837633
882533764630499329
882533769361620992
882533785107132417
882533864446603265
882533904904839168
882533998219677696
882534062975483904
882534209616842753
882534214389911552
882534236825243648
882534266445418496
882534334548389888
882534353573740544
882534356237078528
882534417931153408
882534540207677440
882534589180387328
882534610323812354
882534723670728704
882534780788723712
882534967619842049
882535171928576000
882535180623392768
882535279004975106
882535358746984448
882535377642430464
882535392653824000
882535467731865600
882535521850884097
882535528100495360
882535564972634112
882535562716073984
882535590738132992
882535602419359746
882535693200879617
882535727657078784
882535734628036608
882535755826049024
882535902249177093
882535909647941633
882535988303720448
882536057593630720
882536136387825664
882536209452589058
882536235809599489
882536297457254400
882536316130512897
882536436360249345
882536493402787842
882536509571727361
882536617147281410
882536752841449476
882536753617358848
882536807761661952
882536811024797696
882536829249093632
882536842368864256
882536909750317056
882536916998123520
882536955191361538
882537088943439872
882537092672356353
882537271228080128
882537288269529089
882537304677593088
882537392875417600
882537443030859776
882537583196196864
882537588879478784
882537662506311680
882537727891197952
882537825585041408
882537907721871360
882537973929177088
882538078090530816
882538086562922497
882538163352326144
882538233741160449
882538239231275008
882538290955644928
882538381162541056
882538441761751040
882538555435872256
882538577997025281
882538659169390593
882538707386941441
882538799187841025
882538799565328384
882538853109833729
882538863666843650
882538910659870720
882539036983926784
882539070819364864
882539083221921792
882539115094396930
882539375799787522
882539449644613632
882539528615067650
882539575805173761
882539619799224320
882539667069050880
882539677173112832
882539677869379585
882539679194722306
882539694076153856
882539802633097216
882539812674310144
882539841426247680
882539905250938880
882539937324773376
882539988352741376
882540015603023873
882540070238138368
882540087313125376
882540094015627265
882540143546183680
882540172545581056
882540187766665216
882540353034874880
882540362828455936
882540368734105600
882540370248257537
882540445858922497
882540451659739136
882540465819725824
882540473285574657
882540522023383041
882540563538595840
882540573294563328
882540632421650432
882540682828795904
882540741351919617
882540789506744320
882540793315110912
882540853142724609
882540933312598016
882541025750921222
882541054729342976
882541220517609473
882541227622756352
882541249332432900
882541269691641857
882541296228999168
882541308069498880
882541311009488896
882541331909947392
882541339505766401
882541435454713856
882541586650992640
882541597195468800
882541887135076353
882541932152594432
882541947252092928
882542026532716544
882542029284286464
882542056274624513
882542141981028354
882542225653026818
882542274168717313
882542319680933892
882542409112014848
882542469577154560
882542485016387584
882542646295658496
882542769314693120
882542876386881536
882542908305530881
882542987615633408
882542997266739200
882543055974412289
882543073984753664
882543080276209664
882543270320103424
882543277852983296
882543398456111104
882543437375053825
882543701863649281
882543726480035840
882543947293351941
882543975248384000
882544018617507840
882544027463286784
882544091459756032
882544245881659392
882544257378246656
882544307466534913
882544464543264768
882544502728257536
882544556591501312
882544589114048513
882544698849718272
882544761013403648
882544765144903680
882544951728492544
882544999065432064
882545043411742722
882545049745014785
882545156762865664
882545324836913152
882545379790782464
882545589921173504
882545669801742341
882545682678255617
882545696464920576
882545789410713600
882545832280686592
882545898546503681
882545948362235904
882546157460783104
882546190914641920
882546262507220992
882546343658622976
882546388273377281
882546432149946368
882546550513258496
882546571845480448
882546598588424193
882546619832565760
882546663218442241
882546689957134338
882546696743407616
882546731447201792
882546764900962304
882546788745588736
882546822266466305
882546826766888960
882546840373219328
882546849730768897
882546949290938370
882546954135273472
882547078873968641
882547105402900480
882547111367237632
882547111283347456
882547206942752772
882547271967150080
882547389097181184
882547549583716352
882547590604222464
882547622845743104
882547899955113988
882547904669528064
882547980859047938
882548064380231682
882548189383053314
882548200590241792
882548366076514304
882548393180094464
882548480958488576
882548562797756416
882548567524749312
882548677050585089
882548700672696320
882548806960676864
882548814749609985
882548818843246592
882548958140272640
882549019796533248
882549031834185728
882549071898169344
882549073559130112
882549075324923904
882549170577584133
882549199493111809
882549464631738368
882549483816538112
882549493236944896
882549544243867653
882549552204718080
882549853649338368
882550041445117952
882550101683712000
882550117680762880
882550149381324801
882550150882893826
882550182642151424
882550323520430080
882550326355787776
882550400569790464
882550427681730560
882550438230462466
882550512050221060
882550552810446848
882550596791918592
882550633278177280
882550642560073728
882550724000874502
882550860693348352
882550960593227776
882551055757840386
882551144500707332
882551182581002241
882551252210466816
882551311220256774
882551320967864320
882551427922407424
882551448638296064
882551680348368896
882551685398368256
882551772128186368
882551912234708994
882552052823535617
882552061665185792
882552068023693313
882552089146163201
882552098809933829
882552111086567425
882552116287614977
882552166698942464
882552221359067137
882552265919401984
882552305748279296
882552315164725251
882552348069027840
882552454570803205
882552659537952768
882552667620466688
882552711476064257
882552748197072896
882553043014832128
882553096781647873
882553107217092608
882553116771721216
882553169544437760
882553215363014656
882553333357187073
882553520204984321
882553608562257921
882553674379264000
882553702585962497
882553704855064577
882553949911482368
882554075652534273
882554110918221824
882554149505839104
882554167730073601
882554188181450754
882554222474145792
882554233735794689
882554278249988096
882554285514518528
882554397833744384
882554450975617024
882554482906849280
882554624066146304
882554793553784832
882554796586225664
882554799765442560
882554803821400064
882554864152322048
882554950181683202
882554982574301185
882555005907214336
882555136316510208
882555216532471808
882555309134405632
882555385583984640
882555387026829315
882555416479137792
882555446997004289
882555517847175168
882555542622830593
882555591398490113
882555676358299648
882555692250349568
882555698751647744
882555726853533696
882555759334182912
882555769920651265
882555808772435968
882555905329508352
882555932231823360
882555990222221312
882555991786762240
882556056630702080
882556105787928576
882556342136909824
882556350911438848
882556461431353344
882556475440336896
882556521330200577
882556568163803140
882556625181192192
882556867058290690
882556870040449024
882556997308211200
882557007793983488
882557183166205953
882557268914470912
882557305996312576
882557369594646528
882557424175108097
882557477115625474
882557506496626689
882557575409041412
882557614567051265
882557686935670785
882557708683051008
882557731458232321
882557816212508674
882557863775883264
882557866833580032
882557953521446912
882558047545110528
882558141795364864
882558179497963520
882558193783775232
882558368971358208
882558400298659842
882558579479371777
882558853862346752
882558878457704448
882558915526971392
882558916894314496
882558966328414209
882559334152114177
882559338325442562
882559380641767425
882559421527842816
882559534774071296
882559539618480129
882559591023824899
882559746225520640
882559752294805504
882559759802650625
882559786935611393
882559827729403904
882559898059452416
882559963973005312
882559980007829504
882560016720572416
882560059334643712
882560124795191298
882560147960336384
882560197956337664
882560240142753792
882560241556172800
882560290054963202
882560369310486528
882560388876914688
882560416777416705
882560428408262656
882560503775678464
882560543839727616
882560597061193730
882560636240236544
882560786639585280
882560791345586181
882560803274190848
882560857149931522
882560900733030400
882560925047414785
882560968299077634
882560977677451264
882561029514944512
882561059076407296
882561067058114560
882561199073787904
882561271203278850
882561310927581184
882561313720995841
882561436609912832
882561464745156609
882561485066686464
882561581502132224
882561795000500224
882561802500018176
882561805767389184
882561901565292544
882561915561574404
882561955508228096
882561961740963841
882562032171659264
882562047044714497
882562048592424961
882562152875405312
882562163021422592
882562179173679104
882562195095257088
882562305686466564
882562375177601026
882562455083384836
882562727927009284
882562821841707010
882562839537483778
882562970366169088
882562981690847232
882563055388946433
882563122124533762
882563135156211713
882563158312837121
882563172909056000
882563179406077954
882563183071952897
882563197601013760
882563347190829056
882563394913566724
882563423871041537
882563448172883968
882563507371335680
882563522399543296
882563615244550144
882563637520498689
882563661134540800
882563782240858112
882563810199994368
882563831758761984
882563856203173896
882563861756465153
882564176689991680
882564193882427393
882564270055182338
882564269954523136
882564352657764352
882564433532272641
882564442067787777
882564503510159362
882564636587028482
882564657629802497
882564664533626880
882564695118548993
882564777838620672
882564783333158913
882564835581579264
882564856595050497
882564912224112640
882564974295502848
882565026053332992
882565040548827136
882565125504368640
882565148317282306
882565182958034944
882565288419635200
882565568301322240
882565607174152192
882565628510580740
882565952537317376
882565967976566785
882565988314755072
882565989753344000
882566089623965696
882566140714774529
882566141901668352
882566140928684032
882566218904895488
882566231919910914
882566349666611201
882566356444557312
882566455082061824
882566621717553153
882566626280955904
882566662746251264
882566667787808772
882566812411494400
882566936340684800
882566972084559872
882567081513943042
882567086777618433
882567143572873216
882567232005517312
882567312217387009
882567412360597504
882567447563427844
882567505109233665
882567560989954048
882567595710435328
882567629529120768
882567644557316096
882567719454945280
882567956655460352
882568200092876801
882568351272382464
882568417517195264
882568419853389824
882568443886743552
882568465449615360
882568495208300544
882568613542100992
882568630726254592
882568652515573761
882568655636226049
882568736724721664
882568763010416640
882568808506023936
882568813413269505
882568866303496192
882568905901867008
882568908112355329
882568915657924608
882568973144993793
882569028262383616
882569053843451904
882569060025737217
882569115466166272
882569150375354368
882569165348929537
882569240062066690
882569271850803201
882569309196877824
882569336921128960
882569426553450496
882569433625092096
882569449987092480
882569533189443584
882569559294738432
882569603771240448
882569605071462400
882569612335906816
882569632816799744
882569657328291840
882569666635472897
882569697564274688
882569701364310017
882569752069234689
882569762718572545
882569760579481600
882569765964959750
882569798848262144
882569837733609472
882569880125485057
882570100393607169
882570151903866886
882570243427766274
882570268123725824
882570303582470144
882570336302247937
882570536169213956
882570621116436480
882570654956085248
882570662015107072
882570732517167104
882570756139384832
882570776087580673
882570796367052800
882570804843753473
882570927162216448
882570935404036097
882571028383227905
882571088240267265
882571094250713088
882571093449551873
882571098491150336
882571155651035137
882571428343799808
882571435797090305
882571525735555072
882571631180357633
882571878484914179
882571891340398592
882571895769583616
882571917789720577
882571940556353536
882571950945689601
882571987121573888
882572217028157440
882572238511378434
882572340915310592
882572341942898688
882572430086201346
882572490396102657
882572576681336832
882572642758340608
882572651876823040
882572710752260096
882572741240606720
882572941338267648
882572968903266304
882573088872910850
882573264089952257
882573285573218305
882573435242721280
882573499403046912
882573573889687553
882573669687545856
882573675404431360
882573679854538752
882573689061072896
882573700855459840
882573729808736257
882573816697937920
882573872582754304
882573891201355776
882573973556428800
882573973640359938
882573977998282752
882574067664015360
882574069249449984
882574071732383744
882574073632497664
882574077457817604
882574117379219456
882574140682711040
882574250753884160
882574250762276864
882574265387806720
882574271473737728
882574291975512066
882574412079403008
882574432346161153
882574474259943424
882574486532476930
882574492454858753
882574501195677696
882574515896766464
882574721199505408
882574759933997058
882574818175991809
882574937235615749
882575028746891264
882575097227247616
882575135164821504
882575146246176769
882575382100287488
882575456595324929
882575464069558273
882575533485281282
882575716335861760
882575719611727872
882575757201027072
882575772690644992
882575901124427776
882575909798260737
882575916681097220
882576014987206656
882576033823825924
882576049594388482
882576080212832256
882576081735360513
882576106016178176
882576135586017282
882576160655278080
882576295825215488
882576307149733888
882576472942284800
882576519276756993
882576613896048640
882576716732006402
882576802014797828
882576861007622144
882576894390140928
882576966481838080
882577036296019972
882577136753803264
882577199169245184
882577208686129152
882577359181926400
882577392660877312
882577400130940928
882577435102982144
882577464685461504
882577501696000001
882577572852359170
882577657027801089
882577671162662912
882577726715985920
882577765740027908
882577777832194048
882577901278949376
882577962905763840
882577971076358144
882578000277098496
882578043793018880
882578057873248257
882578068963020801
882578105470242816
882578218036985857
882578268049813505
882578301700763649
882578332268863488
882578386320850945
882578497746677760
882578552432074752
882578616009273348
882578642915778564
882578653439242240
882578733315633153
882578756975636481
882578756380102656
882578810142687232
882578860914638848
882578864442138624
882578870934831104
882578904069943298
882578987066810368
882579014803746816
882579110261915649
882579135977140225
882579141199056897
882579242407669762
882579272480817152
882579306282668034
882579322397130752
882579319243059200
882579341770711040
882579379443953664
882579450550005760
882579465628516353
882579494028136448
882579590274830338
882579691147866112
882579747665887232
882579836866351108
882579909683683329
882579936946663432
882580019964506113
882580053850247169
882580052990406656
882580077678034944
882580136008306688
882580249699115009
882580250772766720
882580275217047552
882580294007652353
882580297736433664
882580339268485120
882580513143259136
882580522848989184
882580603006275585
882580626217590784
882580725685526528
882580750255759361
882580780714672128
882580860393984002
882580870565167105
882581035694915584
882581102426288128
882581182038323200
882581204330991617
882581263445626880
882581311323504640
882581484141506560
882581543952297985
882581564126896128
882581594468487169
882581603486224385
882581645492195328
882581657521451009
882581689872076800
882581718779150336
882581721421688832
882581732339458048
882581866007719936
882581864447442944
882581956751495169
882582011331870721
882582053614649344
882582057356062720
882582095784062980
882582140487127040
882582167079067649
882582337762021378
882582374160248832
882582494524133376
882582572131373058
882582601114034176
882582646676754432
882582671154696192
882582689043361793
882582772170280961
882582798141317120
882582822300532737
882582826465603584
882582871747121153
882582876776267778
882582898653745152
882582925358792705
882582942131798016
882582958879780864
882582997622509568
882583014366117888
882583043592073219
882583070020382720
882583076404170753
882583239059279874
882583324337856513
882583390872010752
882583488754577409
882583504546148352
882583521545646081
882583526494928897
882583536347353088
882583537018449925
882583542567280640
882583552839254016
882583656019243013
882583732854681600
882583770171412481
882583792241827840
882583953131155456
882584001554370560
882584012375683072
882584099810152452
882584153107177472
882584160455544835
882584169838256128
882584178235232259
882584214012645377
882584281368977409
882584320023691265
882584384339095556
882584436382072832
882584495337099264
882584496951840769
882584706453262339
882584745074360320
882584747628785664
882584792642048000
882584879594123268
882584938524139522
882584975954104320
882584987563958272
882585039632048128
882585077401702400
882585126282113025
882585229734621184
882585236999163907
882585243089342465
882585264589344768
882585301939617792
882585416137945088
882585444453625856
882585633436336128
882585641745350657
882585647525003266
882585648259104768
882585666990813185
882585751296385024
882585793612713984
882585826596671489
882585909497135104
882585953386209280
882585973250502656
882585985464373248
882586004946812929
882586049226174464
882586170475126785
882586176204439553
882586254025641988
882586336690962433
882586336905056256
882586369670995969
882586442324729856
882586587657371648
882586625582260224
882586647539441664
882586678455676928
882586697128660994
882586735238107137
882586785498443776
882586807338192896
882586813096964097
882586818054680576
882586818037809152
882586868725854209
882586910144835589
882587116294852609
882587163166199808
882587168128065536
882587312647008256
882587322633433090
882587349426765825
882587398345019392
882587433140969472
882587437305929729
882587437498867712
882587481476083712
882587511201173505
882587588393144320
882587611474395136
882587669175390208
882587685789020160
882587730689093632
882587883676340224
882587958725025792
882588006762373123
882588063096090624
882588084419821570
882588216448122880
882588258257047552
882588292960727043
882588400230027268
882588448678440960
882588477350703105
882588562654408705
882588590575939584
882588603888660480
882588651468845059
882588673044348929
882588734117613568
882588789486518273
882588833304502274
882588852011053056
882588896210636800
882588933401587714
882588941051977728
882589172967538689
882589399761989632
882589401364049920
882589402538672129
882589403075403777
882589554796089345
882589641345552385
882589669535383552
882589690553139200
882589701038899200
882589780428677120
882589790012624896
882589818898845696
882589872141328387
882589890956972033
882589893125427201
882590007147581446
882590030249721856
882590072138326017
882590095899062272
882590116438585347
882590184600199168
882590303433129984
882590306729951232
882590308793544704
882590323138076674
882590339395190785
882590339269365762
882590350967222278
882590389844234242
882590402821357568
882590473780699136
882590479237435392
882590516382240768
882590540243619840
882590568358055936
882590612217876480
882590653506609153
882590714621820929
882590749598134274
882590764328525824
882590818003017732
882590823107502080
882590844741722112
882590891894079490
882590944436072448
882590998840344576
882591031182667777
882591054909890562
882591057724264448
882591069443166208
882591073679400960
882591158274273280
882591235185266688
882591314344198144
882591337316483072
882591364952752128
882591405025177600
882591460272558080
882591547769987072
882591571220320261
882591584650440704
882591635703549952
882591662555320322
882591733124608002
882591755690029056
882591756851830785
882591767119396865
882591771741609985
882591824770215936
882591874283966465
882592089640501248
882592138093096966
882592197517783040
882592242355011584
882592263687352320
882592289872334848
882592313586974721
882592329177079810
882592404251004928
882592406260125696
882592414321565697
882592416439705600
882592459162755072
882592473213796352
882592474220376089
882592526053629952
882592654277660675
882592732631511040
882592790542262272
882592820539904000
882592862688477185
882592869739057152
882592877972467712
882592884565868545
882592910390288384
882592954589859840
882593005412200448
882593033614766084
882593082147053568
882593096512491520
882593107497410560
882593120550084609
882593227907444738
882593227882336256
882593227420954626
882593304877162497
882593359264706560
882593399462821889
882593426193223682
882593532963368960
882593574759563264
882593638152273920
882593768498528260
882593774047834112
882593902481592320
882593963978477568
882594135261282307
882594136121110528
882594137350033410
882594138197299200
882594299749294080
882594304266575872
882594335216332800
882594350408114176
882594363368366080
882594377981452289
882594399607296005
882594419601485824
882594496361492480
882594532856090624
882594585859555329
882594601403654145
882594610777923584
882594611285422080
882594680747286529
882594684484411392
882594732727312385
882594802784763904
882594826822221824
882594870208192513
882594875874717696
882594892014387201
882594934867537922
882594969596329986
882595083215925251
882595149565612032
882595165600444418
882595203701497858
882595250535006209
882595267643662343
882595331103481857
882595379669291008
882595416524587012
882595644019486721
882595741365129216
882595753578909696
882595790379679744
882595791734546434
882595811837837312
882595906465484801
882595913419640832
882595921565016068
882595926686265349
882595997968420864
882596003253293058
882596070949363714
882596085075771394
882596149307338752
882596161764327424
882596239790964736
882596251895812096
882596263602073601
882596286742089728
882596302474948608
882596349572767745
882596500211105792
882596500198576128
882596506964037632
882596508650156032
882596608575238144
882596644990177280
882596658911080448
882596686475952129
882596693845438464
882596710798815232
882596726976249857
882596822170161154
882596862796025857
882596886552727552
882596909243916288
882596941481336835
882596956585041924
882596992194666496
882597024213938176
882597049329471488
882597061841088512
882597089569628163
882597105889673216
882597182918070274
882597200731222016
882597222948495360
882597229537755137
882597251293601792
882597252145065984
882597311456718848
882597359481475073
882597390817136640
882597392427646977
882597481980342273
882597496354111488
882597615380180992
882597699861835777
882597698855108609
882597739619651586
882597912198381568
882597935330062336
882597941344600064
882598010601050112
882598025691934720
882598030431719424
882598039860518912
882598076405469184
882598157867257857
882598174690553856
882598220693729280
882598237051527168
882598288725340160
882598359416152064
882598398418972672
882598466622562305
882598483861135360
882598536684212224
882598540672937984
882598591591837696
882598593701584898
882598618737332227
882598784907325441
882598849742876672
882598914960052224
882598965354672129
882599161291526144
882599171018063872
882599194585960448
882599216757059584
882599238609317888
882599284704673792
882599401243463683
882599637110140932
882599644911611904
882599705506709504
882599741275725824
882599870984355840
882599967193526272
882599997233090561
882600234400067584
882600236383739909
882600238950764544
882600248107040769
882600266318712832
882600269162401792
882600314385387520
882600383704641537
882600433348423681
882600477514489857
882600487438168065
882600616744411136
882600656539979777
882600687766568960
882600755668058117
882600796394835968
882600821627793410
882600842142023680
882600879576240130
882600888677928961
882600912669335553
882600951542157312
882600997801123840
882601136188002305
882601191171129346
882601347065028611
882601469555478529
882601515189456896
882601588501688321
882601588501733376
882601612040171520
882601625289936896
882601653974831104
882601722039992320
882601743099588608
882601777002160128
882601860045176834
882601923152666626
882601933361557505
882601941326606336
882601957755682817
882601975900237824
882602191516827649
882602212945514496
882602213897580544
882602217840291841
882602257451294720
882602335146565632
882602390205206528
882602557281107968
882602661572464640
882602707638521857
882602748721721344
882602790194774017
882602834142916608
882602843731095553
882602864543244288
882603002690928640
882603027747745792
882603137827299328
882603236506693633
882603335240626178
882603419348996097
882603434343628800
882603501066608640
882603549825388546
882603573523210240
882603596579311616
882603611506839557
882603617865388033
882603647468802048
882603668842926080
882603692733726721
882603726103613440
882603763395153921
882603942764564480
882604099035774976
882604165226258432
882604227981443073
882604283534995457
882604288610054144
882604371921567744
882604394382061568
882604443308400641
882604445527400449
882604454448680960
882604466561855488
882604474702991361
882604520617988096
882604533502922753
882604571910131712
882604597935779840
882604614020980736
882604672447631362
882604682081914881
882604746015723520
882604750323298304
882604763208196096
882604844145668096
882604846783881217
882604896599584769
882604912244269056
882604913628389376
882604926052032512
882604943831699456
882604955114328069
882604962613780480
882605001360769024
882605055135944704
882605062794739713
882605073586683904
882605109246648320
882605186908377088
882605193086554112
882605211667320832
882605216474025984
882605247369228288
882605254587682820
882605314415243264
882605315816140803
882605352348405761
882605362590908416
882605508611461120
882605540517478400
882605609484464128
882605624961445890
882605636093177857
882605685279797249
882605697489350656
882605710881771520
882605719509446656
882605885033467904
882605886593789952
882605889022283780
882606011793776640
882606015023329280
882606023504220160
882606139690676224
882606148792315910
882606191783944197
882606195340652544
882606239838068736
882606250604855297
882606296733806592
882606323887513600
882606355227566081
882606495367647232
882606646152888321
882606650485592064
882606685688401921
882606718554918912
882606736363978752
882606832371585024
882606939838050309
882606964001443841
882606966559965186
882607134436884484
882607164375785472
882607250208153601
882607303886766080
882607347461484544
882607369041084417
882607461085188096
882607496891961346
882607535441793026
882607618489032705
882607742288101376
882607757291134976
882607811515080704
882607840120254464
882607844406816769
882607921909182465
882607986518183937
882608010157314053
882608227090825217
882608236788056064
882608385325236224
882608389783769088
882608401473298432
882608403511742464
882608467097382917
882608558134640640
882608608571273216
882608740951830528
882608812192145408
882608819276218369
882608889312817152
882608989153964032
882609296646787073
882609345036419072
882609379811393536
882609433767030784
882609669285531650
882609693775994881
882609728001626113
882609730174283776
882609752257306626
882609771580358657
882609784020582403
882609808041496577
882609919685513219
882609983698997248
882610025977356288
882610032503906305
882610084697837569
882610148497399810
882610162137255936
882610164603473920
882610166671265792
882610287752478721
882610480329707520
882610531177287682
882610541176516609
882610692834111488
882610750182887424
882610754066763777
882610864058232832
882610946056876033
882610991623802880
882610997323870210
882611110142201857
882611134070738944
882611212655226882
882611273296433153
882611318389428224
882611458860765184
882611628688199680
882611706500755456
882611732899930112
882611785483915265
882611890253438977
882611906175000580
882611931571298304
882612126644359168
882612204574461952
882612248086274048
882612290733961220
882612309012754433
882612385567125505
882612521995292673
882612549895811072
882612552789880832
882612589766856704
882612681668272128
882612682502885377
882612719567998983
882612730854862852
882612736126894080
882612742825398272
882612744037556224
882612792238505984
882612859238219777
882612886916476928
882612893950382080
882612960128061440
882613101664796672
882613151468064768
882613208120528896
882613339679019008
882613354359119873
882613363099881472
882613405991022592
882613456016470016
882613457027297280
882613521338572801
882613533195857921
882613601625710592
882613657242411009
882613708278706176
882613740289499136
882613755225542656
882613797298556928
882613894006657024
882613908686741505
882613957336461312
882613965020377090
882613965611614208
882613989590675456
882613998339768321
882614021832278016
882614036633878529
882614051205001217
882614080397352961
882614220843569152
882614229089624064
882614268885168129
882614278628401152
882614282067873793
882614308487737345
882614340066693125
882614417036369921
882614449261162496
882614531083689984
882614550167785473
882614549903495168
882614592224075778
882614593733799936
882614665645346816
882614677108346881
882614702769090560
882614709463113728
882614771522170881
882614823716098048
882614864547651584
882614872026087426
882614892439584768
882614919102832640
882614937201364992
882615020475080704
882615041387773954
882615056546103297
882615087588048899
882615182756892672
882615199903121408
882615243985215489
882615246300618752
882615279167123457
882615431332278272
882615491713478657
882615590178832385
882615592099864576
882615594352164868
882615634294657024
882615709049790465
882615730319093760
882615886846230528
882615934950703105
882615966496116736
882615997387165697
882616008376299521
882616009655549954
882616207614062592
882616311976775680
882616428297408512
882616446836252672
882616563471396864
882616628353126402
882616664482873344
882616800671928321
882616814156607489
882616840559742977
882616862655303680
882616882439835648
882616935246069761
882616977726078978
882616978623647746
882616980142010368
882616997921607681
882617051474513922
882617064581738497
882617068549541888
882617178222198784
882617323928125442
882617444237537286
882617572046368772
882617623086813184
882617683564429313
882617704003358721
882617704422789126
882617717567750144
882617743563948037
882617758516752387
882617769384177664
882617775457546240
882617823494901761
882617832277540864
882617842423746560
882617849843462144
882617914473545728
882617957007802369
882617975001554944
882617981938827266
882618044022968320
882618075673178112
882618145680363520
882618182963515393
882618212885647361
882618259836592129
882618311581851650
882618342934274048
882618397070168065
882618402862452739
882618438882963456
882618509632602113
882618546009800704
882618598417739777
882618726557921284
882618801405218819
882618946037440516
882618954543493120
882619049607299072
882619065323401218
882619136987320321
882619248287395842
882619282340884481
882619310639808513
882619316654546945
882619336401309696
882619392953118720
882619480307879936
882619487761117184
882619593185009667
882619611346333696
882619704124243968
882619715977457667
882619770855710720
882619794125709312
882619812383522816
882619909892710400
882619957141315584
882619998665048065
882620033654038528
882620055573454850
882620213241552897
882620264466591744
882620288990674944
882620301682642944
882620307273654273
882620387464540160
882620461334626304
882620462735527936
882620560102105088
882620724313194501
882620803442933763
882620837135863809
882620837819502592
882620871789101056
882620905247186944
882620919532761088
882620984515334144
882621054761529346
882621069668085761
882621105088774150
882621209879486464
882621288602378241
882621505963798528
882621604122861568
882621766287360000
882621800361984001
882621824596557827
882621832033173505
882621879319658496
882622027135201281
882622053702152192
882622055832842240
882622058940813312
882622145217429507
882622344962990086
882622400252321793
882622460427939840
882622470708187136
882622482133295105
882622630746103808
882622654372564992
882622772484112384
882622898770522113
882622916696920069
882622935642591234
882622981427646465
882622984669863939
882623028470976512
882623142547599361
882623149581508608
882623284386385920
882623287582482432
882623332868403200
882623361129615360
882623396617629697
882623508995608576
882623575680839680
882623592176996352
882623629137203200
882623692601262085
882623706291462147
882623794015285248
882623877058367489
882623904954626054
882623971006570496
882623995035754497
882624024941133825
882624070415781890
882624145724289025
882624151873302530
882624195540242432
882624200254599170
882624203773669376
882624244173205513
882624319888687104
882624352650506240
882624486146805762
882624597530685441
882624635380039680
882624663674904576
882624668972265476
882624900716015616
882625010925436928
882625072061665280
882625096329965569
882625105402224640
882625170879508480
882625217385943042
882625265121341441
882625285937655809
882625298214387714
882625314039504898
882625394389778432
882625428170702850
882625605317136384
882625649667657728
882625723080507397
882625778789298176
882625814591832072
882625886754918400
882625894099103744
882625917658550272
882625937719873538
882625965653884931
882626080879849472
882626173938913280
882626217769406465
882626243715268609
882626394035015681
882626451329175552
882626494429892612
882626522657415168
882626610549182465
882626616890986497
882626632321826816
882626642077556736
882626714773450752
882626770289041408
882626853130956801
882627031128723457
882627172745322503
882627231020978176
882627300960948225
882627396112920582
882627435237437440
882627468577910787
882627538715107329
882627634043244545
882627782408384512
882627790780207104
882627840197496835
882627849978601472
882627861663928321
882627947517140994
882627984544473088
882628035790471168
882628105713725442
882628125053657088
882628159409180672
882628203671691265
882628242900910080
882628268364632064
882628287029276672
882628349922656256
882628366343389184
882628432412254208
882628435063050241
882628446341431296
882628495620308996
882628522942095361
882628679741919233
882628690861019136
882628756745183232
882628778081611776
882628806032359424
882628850693394437
882628882318229504
882628891336159232
882628937712619525
882628962354069508
882628973213167616
882628981916389376
882629171926753284
882629196522115076
882629209084100609
882629383730712576
882629406413524993
882629414323974144
882629452626354176
882629529235316736
882629595203334144
882629762317000704
882629837872971776
882629903765712896
882629949764579330
882629960854319104
882629999026741248
882630052302794752
882630124205637632
882630227725340673
882630334344450049
882630346331877376
882630454603649026
882630482495754240
882630598371704834
882630607213395969
882630669121146880
882630670589100032
882630672732610560
882630678558511104
882630711911616513
882630755230330881
882630844233519104
882630864387047425
882630903608086528
882630946763231233
882630958914183169
882630960101158912
882630966270992384
882630996323180546
882631005823262720
882631132164042752
882631158592176128
882631160035024896
882631161960308736
882631208798179328
882631240251265024
882631268340518912
882631276125204480
882631350485995520
882631353946185728
882631380903112704
882631389929189376
882631473500749824
882631497257279488
882631502718283777
882631506350526464
882631591687802880
882631733463724032
882631863722020864
882631868084097026
882631877777137664
882631893405097984
882631927202799618
882631988716425217
882632075689504770
882632104131125255
882632115761930240
882632163526664193
882632207122259969
882632218220408833
882632239170723840
882632275036442624
882632297538781186
882632327096147968
882632403013038080
882632431299383302
882632434755526656
882632454418440192
882632550337970176
882632580193017857
882632590628409351
882632603806945280
882632638321774592
882632720115011590
882632875358728192
882632906539229184
882632929947643904
882632933688975360
882632935035330561
882633064312180736
882633082670592000
882633152983912448
882633174291034113
882633179370225664
882633205291126784
882633216577949697
882633221439094788
882633257057124352
882633272018296832
882633454810038273
882633525190701056
882633567775469568
882633570128449539
882633578730991616
882633580173811712
882633588235284480
882633641674846208
882633680258203649
882633703742156800
882633710952226817
882633824412237824
882633985750433792
882634016121335808
882634030704930816
882634045980631041
882634050044932096
882634064490057728
882634106999365634
882634145784098816
882634177308495872
882634182656237568
882634188293369861
882634258883465218
882634266127073280
882634330245345280
882634371462815744
882634379952082944
882634399501701120
882634414504726531
882634462932193280
882634558595792896
882634668033662976
882634679777726466
882634765698048000
882634771033186304
882634823097077765
882634935940657154
882634951266627586
882634992060387331
882635060536635392
882635095609356291
882635146289172480
882635205789585408
882635212664041472
882635246189129728
882635253365473280
882635271644250112
882635527735963652
882635532265816064
882635613408776193
882635646120099841
882635724041990144
882635765594959874
882635804379680769
882635828815593472
882635896549494784
882636094680031234
882636096416477184
882636157342932992
882636331079348224
882636349257527299
882636395243851777
882636402097258497
882636412348223488
882636542598156291
882636549501988869
882636679684796417
882636699469303808
882636723397775361
882636811671154688
882636847377031172
882636855736504321
882637029661708290
882637050377363457
882637065166487558
882637123127476225
882637126008848384
882637131151179776
882637175795453952
882637217398751235
882637240047992833
882637270829981701
882637272402866176
882637297900036097
882637473683296256
882637489143521282
882637604079972354
882637641648414721
882637748280098817
882637772581994496
882637840273821698
882637941868285952
882637962600751104
882638023195738112
882638100781912068
882638116623921153
882638252062232576
882638288246460417
882638327521955840
882638462322712576
882638484028215296
882638684767563778
882638699070205953
882638756175589378
882638989630611457
882639028113346560
882639066629591041
882639083272634371
882639106764877825
882639146250100737
882639166114287616
882639190206418944
882639239611121664
882639304241160192
882639383354101760
882639393206521856
882639446314815488
882639467646988289
882639485372166144
882639542481821697
882639586777858052
882639637470203904
882639723428237312
882639723386347522
882639873718595584
882639989749817345
882640003133788160
882640029494935556
882640152706904064
882640172738891777
882640232159617024
882640280012435461
882640280167612417
882640473223024641
882640476209389569
882640500431433733
882640614067761153
882640647336984576
882640651300597760
882640662839033856
882640697567977472
882640701909065728
882640729440268288
882640759572373504
882640763288473601
882640763401711619
882640783798665217
882640795693719557
882640846910312448
882640963885293568
882640996798017540
882641060534640640
882641110136389632
882641114712469504
882641137596596225
882641230177464320
882641414630363137
882641443017379840
882641516157693954
882641522805665794
882641608260431872
882641708802068482
882641726036480000
882641772765171714
882641782256926722
882641955024506880
882641975526207489
882642096351531008
882642112310779905
882642114424832002
882642115532083200
882642116102455296
882642213443969024
882642299708223489
882642436534796289
882642458139557889
882642493677895680
882642522228629509
882642620677316609
882642692160860160
882642758909009920
882642798792638466
882642809139998720
882642921186611201
882642975926493185
882642983149023232
882643033946169344
882643034437021696
882643061389578241
882643081081880576
882643124660654081
882643210912268289
882643227941240833
882643344945545216
882643383218581505
882643392500518915
882643422984712192
882643472930361345
882643469738680328
882643496078893060
882643617441079296
882643654212550657
882643815676465152
882643823863767041
882643839915360256
882643879610265601
882643924514480128
882643935377715200
882643979338207232
882643997671469057
882644088511754240
882644112222158849
882644115388850177
882644171340877824
882644211073503232
882644221974458370
882644252064436224
882644348470472706
882644395593433088
882644538942267393
882644561616556032
882644596743909377
882644602368512001
882644675341012992
882644823316025344
882644875040223232
882644927523540992
882644953876320256
882645035010936832
882645248702386177
882645251973840897
882645285519802368
882645335360679936
882645366784569346
882645393007366145
882645629079613440
882645643562541056
882645649749135360
882645676051582976
882645695634735104
882645741780566017
882645753835003906
882645763066671104
882645811632381952
882645853453897729
882645874240868352
882645876811993088
882645998564257795
882646002162966531
882646019963588608
882646074422423552
882646128407310338
882646251090653186
882646282707374080
882646395316043777
882646446549471233
882646454908727296
882646476760985600
882646508167979008
882646526853382150
882646529315545088
882646531173515264
882646630176083968
882646631904137216
882646805653094401
882646832177872896
882646863467474946
882646865774166016
882646882656415745
882646891095347201
882646958023856129
882646985509146625
882647023962521602
882647024256024578
882647037870841856
882647110264520705
882647111518625792
882647256993759232
882647326002745345
882647345795661825
882647524695212033
882647548204388352
882647584355086338
882647677934161922
882647683617390592
882647723870212100
882647729591246848
882647796968554496
882647808981049348
882647861388771329
882647940828983297
882648007405174790
882648033665708032
882648045875232773
882648079282917378
882648128062730241
882648128020779008
882648170219659265
882648186736783363
882648211198029824
882648266214707201
882648281070936064
882648300767391744
882648427166932992
882648628111839233
882648669853495297
882648684944654336
882648713881149441
882648745397059585
882648829966905344
882648867539431427
882649007599878149
882649146716545025
882649146758496262
882649186189139969
882649236856352769
882649374232379398
882649555396956160
882649603602087936
882649648594333696
882649697986523136
882649781255974912
882649783285972993
882649783684485121
882649893629767682
882649949976113153
882649975657816064
882649981060075522
882650122080923653
882650263584223232
882650296547250177
882650321226477576
882650367267352577
882650369754640384
882650439690354689
882650543730163713
882650552223625216
882650623514210316
882650642673741826
882650644464771073
882650804825534468
882650856943955973
882650874136473600
882650891643432965
882650902712078336
882650909687336960
882650917375496192
882650972350283776
882650972446752768
882651062615846917
882651088641568768
882651154940907522
882651289401864200
882651300038672384
882651363406172160
882651403549896707
882651435548233728
882651491084972034
882651498697633792
882651558055432192
882651766705324032
882651769809108996
882651777639829504
882651861412720640
882651908959342592
882651962101116929
882651973027110912
882652014471196673
882652076681113600
882652082335043584
882652146025541638
882652179315789824
882652201612693504
882652292482297858
882652391518109696
882652475777589248
882652552571039744
882652639061790720
882652674482720768
882652682791596040
882652820813565952
882652947666153474
882652965324107785
882653016188268544
882653015785832448
882653072966766593
882653175878213632
882653208245612544
882653293658427392
882653339112144897
882653354064830464
882653566049103874
882653609099448320
882653640397385729
882653666317975552
882653684286533632
882653685712662528
882653689177149440
882653698954014722
882653746035077120
882653748845199360
882653909701062656
882653942106206215
882653944987738112
882654063757844480
882654144959524870
882654164014309376
882654176089649154
882654249733193728
882654266040737795
882654309044891650
882654350816014336
882654447117242368
882654450682400769
882654474375966722
882654508580569088
882654535352811521
882654536707567616
882654761987616769
882654782946717696
882654803653996545
882654834494722048
882654875875766272
882654909589577728
882654984780820485
882655016665919491
882655037381586948
882655183058153476
882655354181394432
882655425824534528
882655588609556480
882655621337796608
882655634407206915
882655691533565952
882655767106596871
882655859783979008
882655878624751621
882655905258622976
882655985583697922
882656020727771137
882656074536505345
882656110011920386
882656149979443206
882656166404395010
882656186348318721
882656192966864905
882656244393103360
882656499209777163
882656546517331972
882656633314258945
882656682198880256
882656709679882240
882656734036283392
882656741737062401
882656809986555904
882656930396852224
882656969999265794
882657009102934016
882657020368826379
882657056213348357
882657128908898305
882657161154895872
882657208936407040
882657254708826112
882657329824575491
882657373403443200
882657376897249283
882657463299854336
882657512050356225
882657525534994432
882657542899462144
882657592018821120
882657604874510336
882657815306715136
882657834403606528
882657884097703936
882657892733558784
882657945363853317
882657960924721154
882657966851325952
882658021725417473
882658045863620608
882658063785832455
882658119041650689
882658192257363972
882658231746736135
882658240315699208
882658341226401792
882658350546243584
882658379885424640
882658395463065601
882658472327749632
882658480544468992
882658705828872192
882658746777952256
882658748715507712
882658952412049409
882658965305389056
882658986071293952
882659004807294979
882659016052273157
882659035866177538
882659043025838081
882659054098808838
882659060113448960
882659080531259392
882659083966459912
882659123770339328
882659130393018368
882659154732527617
882659158226546690
882659268163448849
882659277181243392
882659304024748035
882659309389324290
882659365177765889
882659394168729606
882659440553537541
882659459344060416
882659469007757312
882659473835339776
882659521612656642
882659552067497990
882659574796263424
882659584082661376
882659588612530179
882659639820783616
882659657378136064
882659687442907137
882659701623750656
882659753477976066
882659809484517379
882659851788267527
882659876194967556
882659884973600769
882659896025464832
882659901423718401
882659933015031809
882659967894822916
882660101768785924
882660128415035393
882660126699728911
882660131707727872
882660196736266240
882660285013733377
882660332048658443
882660360599240704
882660371252649984
882660422301691912
882660448029597696
882660487380512770
882660507219578881
882660537976446977
882660550106329091
882660552996204547
882660697003499521
882660701122252800
882660726044860416
882660732705419264
882660745858691075
882660756432572416
882660783594897408
882660791782182919
882660792973262848
882660795909144577
882660818130698242
882660869313789954
882660876981030912
882660912620064768
882660943565598731
882661024880447488
882661029284642816
882661064529326080
882661078173458432
882661122528215040
882661255265300488
882661274198220800
882661289440489483
882661293009842176
882661496286785548
882661635848056832
882661640994308097
882661646333816840
882661740433084417
882661791809105924
882661826965626881
882661896133980160
882662000152768513
882662010244259841
882662134672437248
882662146299047950
882662190192439303
882662231900598274
882662246630948864
882662249797746688
882662269758263296
882662271377330176
882662272899792896
882662276624461831
882662327639781382
882662344723226624
882662360472858624
882662361336758272
882662444082049032
882662465175269376
882662490475294722
882662501803933696
882662509483831297
882662668968095744
882662687683088384
882662692514926597
882662748852822018
882662754380898306
882662754657677315
882662765575450633
882662793643778049
882662895590486022
882662905220562944
882662927618191369
882662936648527876
882662978331578371
882662997264482305
882663021293826048
882663026154983424
882663076113387520
882663082534686720
882663096388653057
882663163283550214
882663185102319629
882663251103719424
882663261270880258
882663350718660608
882663468607909888
882663509192056833
882663604398444544
882663764348338176
882663838797238276
882663883038756866
882663904320598016
882664011023622144
882664014844760069
882664014790230016
882664024617496577
882664047367385088
882664064727515138
882664088454791172
882664107010162688
882664259322359810
882664320429064192
882664322845089792
882664426175942658
882664439018803200
882664472678191105
882664519218192385
882664527199973376
882664545801707520
882664564646707207
882664623358361600
882664712009383936
882664718313422850
882664721471725568
882664754350870528
882664778384015360
882664909351288838
882664992620687360
882665000892059648
882665047486582785
882665069427003392
882665068445528065
882665127404687360
882665158904082434
882665186808737792
882665230672834564
882665231322951680
882665289372098560
882665326181318658
882665421299748865
882665514853466112
882665516451610624
882665526635483136
882665611448524802
882665698312544263
882665757938733056
882665797872648196
882665860606951424
882665962205581313
882666026537631744
882666047064559616
882666085585223680
882666093348868096
882666105994661888
882666158167601152
882666218695663617
882666243601444864
882666369623314432
882666401068199936
882666424157839365
882666450057650178
882666548758020096
882666602948329472
882666622217056260
882666652747399169
882666753016217601
882666879420178432
882666900848771072
882666936345210880
882667029823709185
882667049889222656
882667058860838913
882667061213843456
882667078930616320
882667104792530944
882667126066208769
882667221620842496
882667232874180608
882667245327060992
882667247868706816
882667262238482432
882667275865686017
882667351300296708
882667404245045248
882667427124854784
882667430195187712
882667430312644608
882667498038059008
882667559769612290
882667599485702147
882667685489889280
882667687356370946
882667694289498113
882667725851693058
882667731497226241
882667749448835072
882667825558638592
882667840259731460
882667854084100097
882667872727715840
882667929392828416
882667993922236419
882668047072448513
882668064071929857
882668155398762499
882668233119211521
882668255508389888
882668264647573504
882668341499838464
882668383195590657
882668443111227394
882668446915416064
882668468746760195
882668472999837696
882668487721664512
882668553937309696
882668578658553860
882668620542816260
882668727963144194
882668756257972226
882668846175440896
882668849845456896
882668856241795072
882668948889710594
882668967915114500
882669016619376640
882669022357180419
882669082385932288
882669083342381056
882669218604478464
882669284190810114
882669309289541636
882669377115607046
882669399488028672
882669470262726656
882669479808860162
882669499719196672
882669518396559362
882669556040425472
882669568786694144
882669583307603968
882669723594502145
882669753915113472
882669787532406784
882669815537688576
882669821816688641
882669860316217344
882669925298561024
882669989672759297
882670030026145792
882670041543708672
882670113849315329
882670154269822977
882670154294886400
882670158438969344
882670163035926529
882670166365970434
882670176885452800
882670371027251200
882670421727891456
882670474421035008
882670546764410881
882670596894711809
882670726330933248
882670728729968640
882670741161992192
882670790088560640
882670831146545158
882670832962686976
882670841892290560
882670920741126144
882670993331728384
882671073849901057
882671096729931780
882671143450226688
882671162714673152
882671181513576448
882671233875267584
882671236823830536
882671242570072065
882671362623623168
882671410904215553
882671517326331904
882671613497528320
882671620715929601
882671738512957440
882671761149624320
882671804510351360
882671882260140033
882671957459718144
882672028809134080
882672054943850500
882672129665314821
882672156877967360
882672165295800320
882672177065205760
882672186993115137
882672248976494593
882672318564241413
882672352936460288
882672363095162883
882672363892027392
882672393562595328
882672414404087808
882672498847961088
882672538450628609
882672655857352704
882672688027795456
882672721477464064
882672736266571777
882672763495829504
882672775068037120
882672890671489025
882673173845737473
882673323682877440
882673347967975425
882673358353158145
882673362471759872
882673444592201730
882673516952342528
882673514570022912
882673611433283585
882673683185192960
882673740743573504
882673764869185536
882673828090056706
882673950052032513
882673961615716353
882673983522578432
882674022474858496
882674131170459650
882674198870724608
882674291132715008
882674327270957056
882674332111130626
882674496548855808
882674816188268544
882674886925221888
882674949961392128
882674982270226432
882674997998882817
882675022376075264
882675045876760576
882675059353018368
882675104081211393
882675115057700864
882675198310461442
882675248545529857
882675250495934464
882675258884542464
882675282234269696
882675398026215424
882675439910694912
882675451189239809
882675470428450817
882675537973567488
882675554612326402
882675616293806081
882675640847261696
882675994343157760
882676067844186113
882676105865555968
882676182940094464
882676185389568001
882676469691957248
882676475220176900
882676481788448768
882676487090040833
882676556790890500
882676559961837572
882676605109374977
882676720196870145
882676722923167746
882677017791123456
882677135445549057
882677165074120705
882677179208916992
882677221223170049
882677258787409921
882677272553160704
882677282816610304
882677350227464193
882677350571196416
882677351364132864
882677365008191488
882677467281997824
882677472214601733
882677475599364097
882677499360157697
882677505349623809
882677678909911041
882677680306606081
882677715282821120
882677717426196481
882677742180810752
882677791694704640
882677816566927360
882677836213084161
882677840927481856
882677857922801665
882677165074120705
882677179208916992
882677956308594688
882677857922801665
882677990928269312
882677993604341764
882677994422194176
882677989376446464
882678098688344065
882678155936497667
882678093437173760
882678175947292672
882678171002445824
882678206112944128
882677987266658304
882678392373563392
882678503296159744
882678537689456644
882678609382690816
882678609735028736
882678622087237633
882678633537703936
882678634863001600
882678836604923904
882678854963400704
882678871426035713
882678157857501184
882678956394074112
882678969778270209
882679046357831681
882678467644575748
882679085394268164
882679092235128832
882679168990932994
882679246543630336
882679248582049793
882679257297821696
882678832872005632
882679287995920385
882679302273331200
882679353112489984
882679357390692353
882679386809536513
882679399325339650
882679456627871744
882679322024267778
882679372347559937
882679470204887041
882679518057697286
882679571832766465
882679590564630528
882679602811871232
882679609162174466
882679687205531649
882679695329943554
882679702317658112
882679703886278656
882679824392888322
882679937441964032
882679963278856193
882680030358384640
882680032065458176
882680037706805248
882680044946149378
882680061157093376
882680068589400064
882680074205614082
882680172973101056
882680192950558720
882680264954138624
882680369564266504
882680370268975104
882680386417025025
882680435221950464
882680445288288259
882680480587448321
882680484244934656
882680623965646850
882680659839528960
882680686951444483
882680725677506566
882680731834691586
882680775413563393
882680883676934144
882680991399026688
882681009094918144
882681016527269888
882681027260547072
882681047837810688
882681082214219776
882681108894277632
882681111691898882
882681135649697792
882681151135109123
882681245192290304
882681271062855682
882681316415860736
882681328248008705
882681328851968000
882681357704593410
882681404877934594
882681527741665280
882681557500211201
882681673409855489
882681680594710530
882681691877384192
882681737368801283
882681765520953344
882681811154984960
882681910404755456
882681935113441281
882682004701143041
882682210758905856
882682275648942080
882682277335097344
882682372738699264
882682385539706881
882682419937259520
882682466405888001
882682606143361024
882682641748828162
882682641836896260
882682647876710401
882682689308033026
882682743892652032
882682751509557248
882682767401725952
882682839678013441
882683010398769160
882683166166847488
882683181966794758
882683290909540353
882683322077466626
882683367929634816
882683399214952448
882683431389470720
882683520459710464
882683553259167744
882683587748917248
882683593608355842
882683620967809027
882683639099797508
882683647865884672
882683651548475392
882683678731759620
882683713225621504
882683917161164802
882683918985695233
882683919124049923
882683938275303425
882684076116684800
882684100590669824
882684186548719617
882684199320379392
882684247085117440
882684285462904833
882684298742124545
882684377808896000
882684377200828417
882684428081823744
882684440941670401
882684496323149828
882684544624754689
882684686417440769
882684699583414274
882684819032993792
882684871113670657
882684901845323776
882685012574916609
882685034683039744
882685036256010241
882685060188708866
882685138374725637
882685152232603649
882685222134980611
882685239872675840
882685276656676864
882685351797694473
882685463118721024
882685474669834240
882685483477856256
882685617439744001
882685651929505793
882685807592697857
882685853725798400
882685853327339526
882685960290525186
882685967198543874
882685968561700864
882686158014218240
882686179027582976
882686228289769473
882686289375617024
882686292043190278
882686458548682752
882686509874327554
882686603793240064
882686707757449216
882686756365225986
882686847968837632
882686849361354753
882686889978974209
882686894525566976
882686954894233602
882686964612435968
882687116458721281
882687116580446209
882687118744727554
882687144472580099
882687192035983360
882687198319038465
882687220704006144
882687300551004161
882687308587311108
882687353432702976
882687424341651456
882687438023528448
882687529023090689
882687538632302592
882687561432518659
882687606273826816
882687643858939909
882687727711514624
882687822511177729
882687833378623488
882688025725206534
882688035397275649
882688095711264768
882688111234473984
882688202896809990
882688209267949573
882688269754015750
882688312603021313
882688313446060033
882688347742900224
882688350867607552
882688415258554368
882688430462906369
882688453217058816
882688470673739776
882688472611532810
882688545239990272
882688610276966406
882688619227566081
882688728719917058
882688774945337350
882688950095183872
882688961457639428
882689027178102784
882689054868996096
882689080588476416
882689103191519233
882689162045947905
882689190458163201
882689234984988672
882689243541381120
882689274843410434
882689365574549506
882689503533694976
882689552175030272
882689581530959874
882689686862532608
882689696060583936
882689696014499845
882689742780944385
882689810397364225
882689821088645122
882689832698470402
882689899731849217
882689965142011904
882690085103292416
882690106364243971
882690161934577664
882690346160926720
882690358366392320
882690360589287425
882690360492908547
882690548070535170
882690735962820612
882690741335715845
882690781521350657
882690836487602176
882690856272232448
882690888237027329
882690890900402176
882690892884316160
882690922080866304
882691013936066564
882691049587699712
882691149332447232
882691160053075968
882691202495205376
882691243700088832
882691253141471232
882691269658648580
882691299450781697
882691309877768192
882691384393834500
882691420968153088
882691452815462402
882691582885072896
882691613750951936
882691802968600576
882691857645490176
882691954626220032
882691984619708420
882692026843766786
882692184431972352
882692203428143104
882692207727325185
882692240791015424
882692243781550081
882692490062680070
882692517283729408
882692525017968644
882692562774966272
882692772888801280
882692918204608513
882692953478660096
882693031626932225
882693051885473793
882693056918687744
882693092553502721
882693146576080896
882693189399924736
882693235386306565
882693312901259264
882693433390968832
882693480392294401
882693529864155136
882693545496383489
882693595416862720
882693596645695488
882693598189199360
882693632674770944
882693644398071811
882693666799837189
882693747858919424
882693769069514753
882693789571305476
882693794537275392
882693912112005121
882694113623244802
882694117813256192
882694135248855040
882694154295312384
882694178173583360
882694218942119936
882694252534300673
882694267831037952
882694277389848577
882694277553369089
882694279524646914
882694290929070082
882694391391023109
882694443354120192
882694472760528896
882694474559868928
882694487620956161
882694615689830400
882694620899102721
882694759671791616
882694762205151233
882694838780604416
882694851766235138
882694864718225408
882695098202562560
882695131622768645
882695133598281730
882695153122762753
882695487501070336
882695505733709826
882695561266253825
882695637455818753
882695871212728321
882695944822808576
882696022182555651
882696074917556225
882696092097421312
882696151509725186
882696185693315072
882696192009932801
882696293302378496
882696314089218048
882696345345286144
882696362302812160
882696378937479168
882696590296850440
882696651600785411
882696664687013890
882696725374304256
882696803073785862
882696811839934464
882696999103078406
882697035891322881
882697047551483905
882697113154588675
882697201142689794
882697291261292544
882697355140759553
882697401252892672
882697413412237313
882697517690957824
882697531850936321
882697621055451136
882697633848061952
882697693977600001
882697736210010112
882697757345140741
882697788986978306
882697808515661824
882698177203376132
882698192369963008
882698296820727809
882698381428240385
882698389066063872
882698391624593408
882698422263980032
882698501540499456
882698504195502081
882698530984513537
882698584176472066
882698588601675777
882698603441135616
882698678586277888
882698697682890752
882698816671100928
882698879535386624
882698886405644288
882699099992203264
882699158167199745
882699347707781122
882699385045479424
882699415726764032
882699476695232516
882699479794634752
882699488477011968
882699597327499267
882699652965044225
882699660791599104
882699717456560128
882699762012696577
882699841842937857
882700099033419776
882700257934671873
882700306919940096
882700478332768257
882700558376849408
882700607374733313
882700611296399360
882700616677642240
882700658515816452
882700843010543617
882700873616502784
882700878293192705
882701278316564481
882701479446016002
882701558860963840
882701661730476033
882701732618399744
882702056896724993
882702119442055168
882702195401007104
882702218851471362
882702233288278016
882702235343491076
882702239571345409
882702280377733120
882702310492839936
882702319774830594
882702371041759232
882702474326540289
882702513656475649
882702553871507456
882702702073053184
882702824009805824
882702882432098304
882702950853996544
882702991853326338
882703031741108225
882703090755018752
882703201669140484
882703318954463232
882703323912183808
882703341561593856
882703404975378432
882703483123752960
882703556708622340
882703575687852032
882703601675759620
882703686199279617
882703748379934722
882703770261565440
882703859952517123
882703864599891974
882703888754909186
882703958678089728
882703974427758592
882704007189467136
882704044241952769
882704102676934657
882704133756788736
882704172839260162
882704254905012224
882704341957783553
882704371733155840
882704419565056000
882704422928863232
882704462548172801
882704560686583808
882704563127635970
882704568378945536
882704577224740866
882704581947531264
882704612947615747
882705096961929217
882705142562291712
882705148551852032
882705154163781633
882705254093119489
882705293217550338
882705371164545024
882705456623497217
882705463699279873
882705611233738752
882705645757227013
882705652572880896
882705666158333956
882705672609169409
882705677571026944
882705762895769600
882705886615044096
882705892386394112
882705902641565696
882705911143428096
882706112411291649
882706128450318336
882706204753100801
882706211690487809
882706301419212801
882706330934550529
882706337087590400
882706419820232705
882706438702989312
882706469308817409
882706551395553281
882706652818014208
882706796124700676
882706819998777347
882706855557988353
882706975531966465
882707143744421888
882707280046821378
882707362343256066
882707411819167744
882707445184962565
882707454580097024
882707479301431296
882707502286155776
882707508535734280
882707530220175360
882707575917219840
882707591712976896
882707627913998337
882707647010668548
882707665578754048
882707715503599616
882707803512680449
882707849700421632
882707935536787457
882708031095623680
882708041262616576
882708049558941696
882708194975510528
882708341721628673
882708413096001536
882708498487922691
882708499750367232
882708515969748993
882708620235993088
882708639185817600
882708659167473664
882708756894822402
882708836670373888
882708863782354944
882708892949655553
882708934984835072
882708951485304839
882708993034125312
882708997282963456
882709029579051008
882709087141625857
882709414523875328
882709433154973697
882709445951750144
882709532941705216
882709597450063872
882709600226729984
882709642010390529
882709714643165184
882709971791740930
882709986438152192
882709999239274496
882710132114763776
882710224792170496
882710236695547905
882710248238219266
882710271424331777
882710416442499072
882710431692992512
882710459287089152
882710504166260736
882710768818556928
882710793489457152
882710823373877250
882710854122094592
882710923802267649
882710950016692225
882710976885383169
882710990734974977
882710995235467264
882711047936856064
882711073551523841
882711079159291910
882711130908614656
882711137950859266
882711418918772736
882711472542973952
882711501609586688
882711576687632384
882711589375397889
882711618198659072
882711756757499905
882711764319776769
882711772762968066
882711775254384640
882711913846767616
882711963540885505
882711971342274560
882712015386685440
882712022227570689
882712039881408515
882712080389984259
882712109435559938
882712217916977159
882712306299404288
882712359458009089
882712497433833472
882712521777438720
882712522134089730
882712601700044803
882712620356317185
882712689579106304
882712716233846784
882712764069945346
882712770231361536
882712808441434113
882712891165728768
882712913294893056
882713044354293761
882713079389327360
882713206728404994
882713277276532737
882713318766596096
882713389193101314
882713403512455168
882713445736624128
882713541811331072
882713629673623552
882713705896718338
882713712259411972
882713734115938305
882713759961284608
882713800142708736
882713803116466176
882713978648100870
882713994515054596
882714127948541953
882714147691143170
882714384883212293
882714402364981248
882714464570757120
882714473924055042
882714567058608128
882714576592228352
882714630082224130
882714717613162496
882714728279265281
882714738257534980
882714811259289602
882714839323463681
882714960081686530
882715043628036097
882715076607848449
882715142856876032
882715538358759428
882715607636090881
882715635419160576
882715828592021505
882715831045685248
882715887316463617
882715897466683394
882715964659441664
882716023027380224
882716069231824896
882716254536171523
882716253315637249
882716285729214470
882716298706378752
882716325638008832
882716389651472384
882716399713607680
882716498174803969
882716536112390145
882716539086098433
882716566105796611
882716567838085121
882716574016299009
882716622053617664
882716625169993729
882716645508173824
882716648888774660
882716661866008577
882716884327698432
882716974110912512
882717067245387778
882717142977847299
882717182643326981
882717220287262722
882717373618417668
882717517273337856
882717584985964544
882717614027526144
882717758307303426
882717987085660162
882718075312906240
882718084150304768
882718165846896641
882718215918551042
882718267130994688
882718308163874818
882718344926724096
882718379311804420
882718410370691072
882718434232070144
882718579120107523
882718769868656641
882718978434531330
882718983279054848
882718986806472705
882719008369324033
882719178804932608
882719200019701764
882719369184378880
882719503246872578
882719615767498759
882719769702617088
882719900015489024
882720013676883968
882720065698889730
882720302563811329
882720320146243588
882720327545102336
882720410210643969
882720498035175425
882720525558194184
882720540854824961
882720590959976449
882720610324971520
882720620752117760
882720647096479744
882720663139528704
882720685059174403
882720802377957381
882720891658014720
882720894875037697
882720949321302017
882720981294436353
882721016690167808
882721022495129600
882721152954662912
882721164572971009
882721170747006977
882721178904907776
882721206348206085
882721213902184453
882721271297056769
882721335268528128
882721343472631809
882721399764287488
882721402830434304
882721414083727360
882721537148805120
882721579456765952
882721695731032064
882721766992465920
882721836504580100
882721844444483584
882721867517263873
882721931077836803
882721993044480000
882722130181464064
882722129996808192
882722162863468545
882722227673759744
882722232002371585
882722273924444160
882722417357058049
882722430543855617
882722631090413570
882722730688344064
882722809562243073
882722860967624704
882722914306596864
882722945491243008
882722996997300224
882723528050704384
882723561085042688
882723567057719296
882723733584138240
882723744132759552
882723786742796288
882723822528548864
882724032336068608
882724075801640961
882724099155529728
882724115874017281
882724198958977024
882724232815403008
882724402437160960
882724466127667202
882724526550904832
882724570297503744
882724586063880192
882724726896029697
882724736022831108
882724807346925569
882724838753935361
882725072376672256
882725072158511104
882725122620227585
882725130442559489
882725259128041472
882725336659656707
882725454792335360
882725497632956418
882725501370077186
882725557066223616
882725560388079617
882725890714722306
882726040266846208
882726107023163392
882726140284162048
882726331502514176
882726375433568256
882726554446565376
882726560423346176
882726568795222017
882726799687376896
882726982504648704
882726984270450689
882727097294364673
882727135282114560
882727213849882624
882727288101642240
882727460021907456
882727642759409664
882727708685369344
882727762867474432
882727832312532992
882727907449241600
882727914097307648
882727967356370948
882728028752707584
882728068229541888
882728201801302016
882728269887549442
882728333951344643
882728442403463168
882728520119705603
882728543343579136
882728718937989120
882728719839875072
882728758926508033
882728760222642177
882728790425825280
882728826148720641
882728832549224449
882728858079907840
882728930100355072
882728999906136064
882729010970624001
882729159197429761
882729292127449090
882729494146166784
882729581119143936
882729587884601347
882729743677882369
882729791434235904
882729843095470082
882729871293730816
882730029662261248
882730089372422146
882730161652813824
882730286857031681
882730406084268032
882730535298240512
882730604042874881
882730774113529856
882730884985638917
882730911376310273
882731019131994113
882731029592670208
882731071456071680
882731071644815360
882731086303961089
882731102611394561
882731160215932928
882731181359472645
882731290541379585
882731295541010434
882731357050470402
882731412213960707
882731513598619650
882731522939375616
882731541079654401
882731549585788930
882731636114305024
882731648504262656
882731650651652097
882731685527375872
882731808282083328
882731857456111617
882731905392803840
882731929707175937
882731944840224769
882731965077741569
882731993666125824
882732073563324417
882732135039324160
882732164655329280
882732219755884544
882732270532132864
882732382922694657
882732406746345473
882732440908857344
882732499318829056
882732508877660160
882732539005345794
882732608957952000
882732688179949568
882732705665994752
882732744282955776
882732788478169088
882732816634609664
882732836784046080
882732838004682752
882732854089744384
882732868262297600
882732872184078336
882732923241328640
882732931080441858
882732968653070336
882733009241288704
882733056779583490
882733230826426368
882733289076924416
882733359918665728
882733361252503552
882733406773276673
882733483629654016
882733542551244800
882733599145033728
882733775695818753
882733780263464962
882733839600283649
882733885850882049
882733952343171072
882734039878205440
882734056215064576
882734131070681088
882734281214353408
882734374013292544
882734739383357440
882734882664927232
882735033144004608
882735035543105536
882735058020388864
882735075955290114
882735140123922432
882735161233858561
882735567141777408
882735670615322624
882735743852040192
882735847287771138
882735935271686144
882736000312717313
882736032831164416
882736111344373760
882736363501748225
882736702510567425
882736705681403904
882736945734012928
882737081218457600
882737139536056320
882737180019490816
882737258612371456
882737282880606208
882737325591207936
882737356993957888
882737445749624833
882737581431148545
882737648225464322
882737798696103937
882737894519181312
882737899493625856
882737898893848577
882738031756808192
882738118213939200
882738164586172416
882738287743561728
882738406303956992
882738505352450048
882738521244651521
882738547022868480
882738563808468993
882738657488228352
882738755194548224
882738824937439232
882738826829078528
882738898488766466
882738938678530048
882738966935613440
882739170116022273
882739397409505280
882739456540856320
882739545506238465
882739587822620672
882739637051162624
882739750863605760
882739888331816960
882739929406730241
882739958661996544
882740543058579456
882740653905645569
882740862698098688
882740917593133056
882741207713165315
882741251459739648
882741296980533250
882741380698710017
882741409199124481
882741411250147328
882741958007033857
882742394843803648
882742473595998208
882742496744402945
882742630353965056
882742682677907457
882742803280924672
882743103177805824
882743357268779008
882743525028134913
882743907255283713
882744108871274497
882744235128221696
882744410882154497
882744510077423616
882744590159286275
882745065248104449
882745080871780353
882745546456354817
882745673753522179
882745809233727488
882745937726246913
882745994164699137
882746344632459264
882746494771752960
882746617547436032
882746671779729408
882746787764858880
882746907457671169
882747321297100800
882747385008578560
882747406244249602
882748157163188226
882748363057360896
882748555273752576
882748858723434497
882748995440754688
882749004240564224
882749171220000773
882749329164951558
882749453286899712
882749745017630721
882749982956290050
882750172358483969
882750340935888896
882750509085368320
882750779110674433
882750807627759618
882750810299543552
882750819468103680
