873691262817357826
873691290046693377
873691314809917441
873691488407998466
873691621375791108
873691629802094592
873691700249677824
873691843380248577
873691883549143041
873691910589874177
873692089560813568
873692112285511682
873692132917350400
873692156065665028
873692216144744449
873692330481651713
873692391726874624
873692438040326144
873692466641240064
873692510140469250
873692708413603844
873692751367458816
873692769532993536
873692821584216065
873692825543725057
873693039713300480
873693192205606915
873693614748172288
873693762177949696
873693837549596672
873694007834144768
873694053182963713
873694165208633344
873694251053436929
873694470281342977
873694489549967361
873694527701352450
873694583024226304
873694645586472960
873694781553205249
873694784627642369
873695011111653381
873695104699179008
873695161888514048
873695258852380672
873695542181847041
873695661593698310
873696068126617607
873696121343758337
873696243616231425
873697873870954496
873698091454660609
873698093472133121
873698888250687488
873698900799913984
873699100952285184
873699171139715072
873699242837241856
873699460148285441
873699599541784576
873699847437770752
873700396384088065
873700709077835776
873700848433582080
873701112561446912
873701311526703105
873701436206526465
873701568104849410
873701659821711361
873701729333858305
873701846610837504
873701985853333506
873702163356299266
873702377198637058
873702511361892353
873702925675237376
873703061461532673
873703074724016128
873703159906041856
873703329347452928
873703700891566082
873703717563846656
873704796338999296
873705049754669056
873705253094531072
873705357000011776
873705775377657856
873705858319962112
873705967686479873
873706007595294722
873706018571681793
873706021759406080
873706366812262400
873706935958331392
873707642140622848
873707778539479040
873707842724921345
873707999528923136
873708034249412609
873708283210674176
873708319915069440
873708666494607361
873708742482767872
873708980849266688
873709370479181829
873709390498594816
873709465312391169
873709470517534721
873709497797181445
873709671533735936
873709771282665473
873710061557829632
873710101466685440
873710105195425792
873710218789752836
873710549506379777
873710553000284160
873710900301246464
873710980148207616
873711265255960576
873711295689875456
873711330661994496
873711538791645184
873711638691688448
873712372262858752
873712712974561280
873712875667324930
873713106110869504
873713114256113664
873713182174588928
873713309819731969
873713311283650561
873713472433008640
873713534756114435
873713575398973440
873713626108104705
873713998943879168
873714093085134850
873714295544086529
873714303890853892
873714444500652033
873714512960081920
873714858830815237
873714905056243712
873715007783141376
873715209344626688
873715330769702913
873715527243501568
873715693321105413
873715731057315840
873715912595079168
873715917796061185
873716109786173440
873716243806736385
873716598145732609
873716758770745344
873716849657204736
873717386364452864
873717498780286977
873717573547896832
873718060988997632
873718475088424962
873718490661781504
873718788838928385
873718836855492608
873719003025420288
873719526059388928
873720155301347328
873720813458829312
873721036830855169
873721175125393408
873721436279590912
873721606559993856
873722199768801280
873722295478607872
873722540245569536
873722907914055683
873723592114044933
873724100417658881
873724141362454533
873724274481221632
873724307985375232
873724499098828800
873725537696571394
873725773282258945
873725895051292672
873726297784143873
873726373952663553
873726564009209856
873727254337114112
873727343482871808
873727470519930884
873727798917173248
873727922741420032
873728000155635712
873728121853399040
873730800461766656
873731370123616256
873731797649158144
873732079195873284
873732956153577473
873733260496580608
873733346010038276
873733504735031297
873733557566439425
873733926422007808
873734501956038656
873735640235601921
873735759953526784
873736580686639104
873736736538595328
873737388215988224
873737573419675648
873737625110274048
873737975259115520
873738156419502080
873738465866784768
873739432112816128
873739642532765696
873739997286977536
873740429702950912
873740453027475458
873741085536858113
873741110987952128
873741319713247232
873741368547569664
873741460289540097
873741501712539649
873741831057678336
873742209815916548
873742673429004293
873742993387384834
873743234048155648
873743307477790720
873744113790836736
873744175346397184
873746243721285633
873746554695319552
873746677244588032
873746992568172544
873747070074617857
873747346340925444
873747394810302465
873747626902073344
873747688826834944
873747952434634752
873748058537734145
873748327526875136
873748381918777344
873748583086010369
873748584637890560
873748653827031046
873748773133877248
873748826041012224
873748870097973249
873749255877529600
873749548799336448
873749690331807744
873749812729987073
873749988584677376
873750138279383040
873750149536808960
873750378583515136
873750448901046272
873750809258975232
873750993342693376
873751656177033221
873751981298507776
873752413798268928
873752635613917184
873752636842950656
873752936802729984
873753157532307456
873753315825287169
873753728964325376
873753921017315328
873754157785784320
873755592581672960
873755973948768257
873757732461043712
873758143339253761
873758187433938944
873759021962076160
873760207280668672
873760516837167104
873760519307632641
873761110821707776
873761766869786624
873762138745180166
873762147884556288
873762247616724992
873762351656435713
873762401497358336
873762542862168064
873762559064756224
873762636172845056
873762651347791872
873762854444437504
873762860614246400
873762981028528128
873763027476262912
873763261816209411
873763505509367808
873763603438063616
873763741694910465
873763826025590784
873763891729256448
873764173687160837
873764316448788480
873764610536591361
873764786571530240
873765430564974593
873766387143114753
873767472578560000
873768027354943488
873768535696130048
873768538221101058
873768539865219072
873769251659796481
873769898090135552
873770043536023553
873770259253272576
873770314601312256
873770623599648768
873770839086419968
873771087351472133
873771506085527553
873771596447698944
873771636318666752
873771765285236736
873772035759112192
873772107020349441
873772183738347521
873772251455389696
873772573649252353
873772729874382853
873772875987210240
873773010360127490
873773274894934016
873773446999748608
873773891491168256
873773932058488834
873774114804293632
873774215815716864
873774273814568960
873774377464197120
873774613024604164
873774665948418048
873774811348176897
873775155981561856
873775396738670592
873775669112688640
873775729535791106
873775783315218432
873776156331442176
873776237348401152
873776981116104704
873777516078657536
873777662833168384
873778040026824705
873778359033004032
873778655914332160
873779091958321153
873779118931881984
873779185910771712
873779593127309312
873779876947304456
873780004710232064
873780285845975041
873780336970403844
873780546182287361
873780779599441922
873781221502967808
873781329141399556
873781351769677824
873781358430171137
873781541398347776
873781592833044481
873781600944652288
873781857657270272
873782234913931264
873782550363287554
873782585616474112
873783080930205696
873783295871528960
873783333108555776
873784009146421248
873784031313362944
873784068646871040
873784143988965376
873784145310175232
873784146832703488
873784729761456128
873784955184320514
873785023845068800
873785925809180673
873785929592446976
873786078993555456
873786232165339136
873786891165986816
873787331127504896
873787900877561856
873787914727153664
873788088648167425
873789100779851776
873789386256789504
873790036080197632
873790341668909056
873790349315104768
873790451299622912
873790531779866626
873790695978393600
873791135222771712
873791568368607233
873791615160250368
873791909298176000
873792123170168832
873792136570916864
873792137690628096
873792316779225088
873792571155329024
873792592928006144
873792713132433408
873792699316523008
873793097670569984
873793172014542848
873793424880803840
873793534746398720
873793663268212736
873793785234436097
873793876032712704
873794117129695232
873794137979592704
873794540582445056
873794654260654080
873794673608986628
873794860536520704
873794872364466176
873794991398760448
873795247872110592
873795248706789376
873795444614324225
873795612453601280
873795618489212928
873795972832395264
873796149005754368
873796159831252992
873796270095314944
873796373476454400
873796417499869184
873796500169666560
873796721666441216
873796775114682368
873796778277171200
873796779745136640
873796930064838656
873797047983452161
873797094355730433
873797470291185664
873797499261267969
873797615942500353
873797740609888258
873797771584835585
873797958063591424
873798187143843840
873798187055800320
873798213521854464
873798283289931776
873798327623659520
873798351090835456
873799242208464896
873799370231205888
873799375163604993
873799376753147905
873799378321977344
873799980108132352
873800084399509504
873800291770138624
873800336435290112
873800542258114561
873800735925972992
873800799171866624
873801217192988672
873801324265189376
873801441722454017
873801470218514433
873802167408369664
873802175000051713
873802193115262976
873802211003953152
873802217249222656
873802505922236416
873802538268729344
873802643201810432
873802709002063872
873802782779867136
873802847955144704
873803112586334208
873803281562308609
873803285152530432
873803574182105096
873803827475959808
873803949576515586
873803995512426496
873804267269783552
873804298077036544
873804632539234304
873804732053295104
873804747156799488
873804810511937536
873804835262517253
873804896092467200
873804933757370368
873805126082887680
873805218869198848
873805224477171713
873805230424690688
873805235164262400
873805276968878081
873805479989870592
873805615688232960
873805807934210048
873805938997723136
873806125291974657
873806323774894081
873806333656563712
873806359564832769
873806454859456514
873806504331268096
873806516968665092
873806652557987840
873806754735427585
873806907189972992
873806961841758208
873806954388443136
873807298522689536
873807340901990401
873807409852149760
873807496502276096
873807553863581696
873807796248207360
873807798672424966
873808026909777920
873808105741721600
873808112016293888
873808244866678784
873808521338523648
873808587058970624
873808631300579330
873808693992857600
873808701542592512
873808803925512194
873808991129927680
873809013019996161
873809203978285056
873809240699404289
873809320059826176
873809641997828096
873809684028727296
873809745936883712
873809750655475713
873809785443037184
873809889000394752
873809947934547968
873810089613897728
873810169364393984
873810222946582528
873810236100022272
873810490090299392
873810565587755009
873810707300700160
873810709628555264
873810727777316865
873810847822467072
873810860233437185
873811006656585729
873811144397516800
873811337360666624
873811392578637825
873811450246168576
873811757827051521
873811806946545664
873811846528196608
873811899552542721
873811969018662913
873812244727025664
873812269624426496
873812333868572672
873812376897933312
873812418467704840
873812466077245440
873812632876326912
873812636248526849
873812895737323520
873813049123237889
873813086641238017
873813131516145664
873813182019764225
873813369530322944
873813441978486784
873813448488091648
873813478498291712
873813487230824448
873813495686549508
873813508575510528
873813586824626176
873813631020007425
873813686904922112
873813695423553540
873813936927330304
873813980158058496
873814089033814016
873814108587651072
873814225260609537
873814472372236288
873814558854569984
873814578303512576
873814590051672064
873814591586803713
873814592836706304
873814619319668739
873814697203683328
873814738697953280
873814871514775552
873814984723136519
873814990368755713
873815052918423552
873815279658291200
873815339905286144
873815556767571969
873815653748264964
873815675197849602
873815731380645888
873815828113891329
873815991221878785
873816072088162306
873816102941466624
873816166057349120
873816301222977536
873816359511236609
873816462879850496
873817007048753152
873817076196134914
873817082479161344
873817089022324738
873817143036567552
873817213404418048
873817217040822273
873817259709534208
873817319021182977
873817336414957569
873817384573956097
873817533584945153
873817560378204160
873817578778632192
873817645895823361
873817762942078976
873817880407789568
873817912783638528
873818049132072960
873818154602037248
873818169399541760
873818397783584768
873818542956830720
873819061834174465
873819124723580928
873819131161825280
873819234933067776
873819259406876672
873819331620163584
873819407646150656
873819512960843777
873819602677104640
873819659249885185
873819739054903296
873819799624851456
873820009411248128
873820047260749824
873820105637023744
873820224969207808
873820248432156673
873820251393282048
873820311447363585
873820320649682946
873820354787119104
873820428262834176
873820545850241025
873820637135065090
873820716214439936
873821074923954178
873821136156590080
873821143874056193
873821160185712640
873821181970927620
873821263298482176
873821610981154816
873821667130314753
873821790354763776
873822013172928512
873822133989904384
873822137672400896
873822251296141313
873822251728162816
873822327502503937
873822340253175809
873822464123564032
873822545186783232
873822775420604416
873822815883022336
873822906819768320
873822962792636416
873822998582616064
873823079838998528
873823133177978880
873823180456169472
873823196503584769
873823305895211008
873823378494324736
873823496454914048
873823733303083008
873823776525385728
873823863586656257
873823931890905089
873824094885511168
873824189693743104
873824210761785344
873824217833361409
873824302558216192
873824333113765888
873824366009753605
873824421395542016
873824556426964992
873824594049851392
873824661741744128
873824682658721792
873824890545111040
873824938578370560
873825016248496128
873825107122302977
873825354997256193
873825493090537474
873825631422820353
873825677086208001
873825930082496512
873825977914322944
873826045329367040
873826248069349376
873826330974052352
873826330974052352
873826494036017152
873826766506340352
873826790803898368
873826815994998784
873826983859412992
873827149215657985
873827218035789824
873827231642071040
873827313313513472
873827341780348928
873827550186938368
873827666885042177
873827680923377664
873827744471298048
873827774032695297
873827844136349696
873828063183859713
873828182365016064
873828231794876416
873828233933926400
873828364007735296
873828413227884544
873828429606653960
873828457725259776
873828465153368065
873828526234972160
873828575492939776
873828638822715392
873828871942098944
873829083133734912
873829195864051712
873829382506369024
873829429604220928
873829459329155072
873829742436339712
873829892781223936
873829927849689088
873829936422899713
873830116325031936
873830118434779136
873830269597491201
873830338165956608
873830453534498816
873830456244011008
873830458999451649
873830591648628736
873830645520363520
873830710297206784
873830714067779584
873830797442199552
873830887741423617
873830889754677248
873830908813508608
873830943680843777
873830983803568128
873831099369172993
873831239744147460
873831273021808640
873831344404652032
873831359533416448
873831361576095744
873831385462603777
873831549011202052
873831555923419136
873831703739084800
873831839982653440
873831901714317312
873831915584987137
873831974670143488
873832104915816448
873832126344462336
873832142333235200
873832159949316098
873832333023092736
873832451096940544
873832497972482048
873832650997469184
873832713211584512
873832717024210944
873832728734642176
873832787517870080
873832893222662144
873832908267683840
873832920552747008
873833161402314753
873833172584337414
873833209313849344
873833233414324230
873833324351033344
873833324493643776
873833449454526465
873833485932404736
873833710134734848
873833741772353537
873833779147792385
873833797091024896
873833815587815424
873833909208961025
873833975453802498
873834014427230208
873834030332096512
873834085449441280
873834114398531584
873834438353932288
873834698711191553
873834775076667392
873835067201777665
873835068027949056
873835208306544641
873835249440100353
873835448308711424
873835502977396736
873835551035719680
873835576599957504
873835618845020164
873835663241736192
873835691339382787
873835811007057920
873835845157097472
873835923074678785
873835945375682561
873835961955872768
873836022454419457
873836029182169088
873836188305678336
873836270274871296
873836291699376128
873836331809611777
873836337379459074
873836507336908802
873836514421157889
873836592007401472
873836648756334594
873836709921902593
873836724690063365
873836757741166593
873836742557798400
873836754838712320
873836785780109316
873836816285224960
873836868923789312
873836915757379585
873837047538225152
873836827756687361
873837137459806208
873837221274681344
873837246352203776
873837156841738240
873837281106427904
873837363071512576
873837399872159744
873837493984034818
873837481384398848
873837507871465472
873837602276876288
873837669788397568
873837689514205184
873837699886718977
873837717154668544
873837761060626432
873837781906280448
873837852387405824
873837868808065026
873837946096549888
873837946868310016
873837949867216896
873838092125442048
873838171674562561
873838266147057668
873838278931353601
873838321092497408
873838554253844481
873838606351314945
873838709476655104
873838766317850624
873838781455093760
873838824111181825
873838863294365697
873838888648941569
873838937785217024
873839271647510528
873839405076795392
873839427679903744
873839487113146368
873839508449615872
873839545938313217
873839587868717056
873839600258740225
873839653639598080
873839677392003072
873839681397510144
873839688200728576
873839748175060993
873839835932499968
873839905293705216
873839907743162368
873839964387241984
873839980434608129
873839988131205120
873840022688075776
873840060415725570
873840107928924160
873840167282503680
873840184076492800
873840342793170945
873840413215531008
873840569541373952
873840665129623553
873840787863334912
873840802790854656
873840872231755776
873840888887115776
873840924903845889
873841079124189185
873841205142061056
873841212071059458
873841220279312384
873841261597347840
873841283445424129
873841336520237056
873841369328082944
873841670827147264
873841698845208576
873841755308912640
873841847252242433
873841970707390465
873842083454439425
873842129478529025
873842166224875520
873842271862628352
873842336102481920
873842392092332033
873842430675738624
873842477148536834
873842648251068416
873842688025669633
873842964241502208
873843193867108352
873843234254069760
873843243296989185
873843270320869376
873843311110500352
873843658260348928
873843676493086720
873843716468953092
873843790825443329
873843971042181120
873843985739124736
873844128144121856
873844253922865156
873844352723947521
873844141804990465
873844675039424512
873844606835752960
873844509670551553
873844560010653696
873844616835018752
873844756022996993
873844767519633409
873844881621430272
873844898310623233
873844964735811588
873844993655537665
873845055223734276
873845082306355200
873845119304179712
873845093073133568
873845243711545344
873845306315689984
873845460485652480
873845497714192384
873845498938925056
873845500625039360
873845520309129216
873845561488809984
873845689297637377
873845739289489408
873845762479841280
873845820847788032
873845965270249472
873845928746258432
873846032030937089
873846040742338560
873846063240810497
873846323832926208
873846380829257728
873846392770441216
873846466086830081
873846504016027648
873846590150258688
873846691807584257
873846723927568384
873846774934491136
873846788943486977
873846792479264768
873846828701274115
873846848779321344
873846940722749440
873847054891659264
873847099510542336
873847251185135616
873847296668184576
873847407586529282
873847473332244480
873847484354666497
873847537840664576
873847801926602753
873847895136624640
873847920965152768
873847963780616193
873847965328297984
873848048341983232
873848070139785216
873848098094813184
873848109549453312
873848165702795264
873848234086723584
873848237714788353
873848271885803520
873848273580285952
873848273412476929
873848384733327360
873848409970683905
873848657291997184
873848798690369538
873848965246144513
873848989195677697
873849135769800704
873849202106912768
873849231534166016
873849288450768897
873849365777051648
873849378221563904
873849521184415744
873849530625798145
873849534501146624
873849579023867904
873849604760010753
873849694278922240
873849744547885056
873849795676446720
873849817906257921
873849849015349249
873849869374541824
873849892862652417
873850013260148737
873850080385695744
873850104507248640
873850315950501888
873850378458087424
873850395734540288
873850475556339714
873850500017475584
873850504689967104
873850565603635200
873850689184825345
873850694771417088
873850819535392768
873850830637719552
873850898526740482
873850936380321792
873850981997584384
873851173253648384
873851348340490240
873851467962228736
873851470285860866
873851569179160577
873851607208779776
873851672392499201
873851725794488320
873851791519207426
873851790034382848
873851853515239424
873851982167068672
873852029453709312
873852083895762944
873852297998159872
873852434015236096
873852460913364992
873852534930243584
873852630581342209
873852658481848320
873852672130117632
873852692355043328
873852854322294784
873852913285828608
873852960219856898
873853054902312960
873853066579259393
873853068080812033
873853087609442304
873853087475269633
873853289456160768
873853320020013057
873853355206074368
873853493702012928
873853512672829440
873853530242768896
873853556402651137
873853578640842753
873853584785510403
873853614669910016
873853643488976897
873853681942376448
873853684022640640
873853734933192705
873853863064948736
873853914273259520
873853922506665984
873853972628602880
873853974914490368
873853987996418050
873854090236899328
873854098398990340
873854107798437888
873854156276199424
873854191617413120
873854320353128448
873854415995895808
873854531246927872
873854548691079168
873854630446452736
873854659450077184
873854707441258497
873854769215004672
873854863351926785
873854873288265728
873854883262234627
873854912236572672
873854923309559808
873855008063803392
873855071360081920
873855073184624640
873855114951487489
873855168135258112
873855180147699713
873855299790221312
873855312360558593
873855365800222720
873855368400703489
873855392597643264
873855695850000384
873855768776388608
873855824724144128
873855890117586944
873855972799913984
873856017372770304
873856050130284544
873856120191938560
873856101783138305
873856165775634432
873856184234672128
873856281064484866
873856350006251520
873856368763064320
873856327742894080
873856296298192896
873856533150527488
873856577425506304
873856577836601345
873856682471952384
873856736486187010
873856760452452352
873856883391696897
873856961145602048
873856991541813248
873857001519972352
873857038090153984
873857094444888064
873857124652199936
873857155971067904
873857269900947456
873857270630756353
873857337039212546
873857345469771777
873857367913451520
873857458053230592
873857468434198528
873857550604750848
873857566991843328
873857632397864960
873857682461138944
873857706582519808
873857999479197696
873858001114943488
873858010170380288
873858017040748548
873858050867769345
873858162503409664
873858176193503232
873858240043503616
873858252584431616
873858282464653312
873858326160867330
873858351146438660
873858431316369408
873858437066534913
873858537470013441
873858541332942848
873858544801415168
873858551122472960
873858585679335424
873858649873166336
873858660224516097
873858664666472448
873858792961835008
873858804193959936
873858906442932224
873859130510819328
873859197909192704
873859203605180416
873859265768947712
873859402524225536
873859609433436160
873859674042400768
873859678031294464
873859710553817088
873859730787250176
873859796583288832
873859823569424384
873859976573399041
873859979098308608
873860052880433152
873860051143979008
873860126087802880
873860161613451264
873860350428536833
873860372272484353
873860458054393856
873860481194373120
873860582939734016
873860680029528064
873860697427410944
873860735419514880
873860737244049409
873860784446726148
873860841917034497
873860935479422976
873861087812354049
873861119470784512
873861146780078080
873861234235453441
873861289122123781
873861294407000064
873861320160014336
873861484568346624
873861641376550916
873861651853963265
873861758338949120
873861819621920768
873861891684089856
873861907769380864
873862038543622146
873862040460328960
873862115752333313
873862207511154688
873862217120313344
873862243619938304
873862258581020672
873862364139073536
873862638333308928
873862683526922241
873862701860171776
873862758936305664
873862767446511616
873862807636365312
873862838862962688
873862921822109697
873862924309344256
873862925420834817
873863112537112580
873863346768007168
873863377067679744
873863380179632129
873863392758558720
873863404506763268
873863571503022080
873863590146715648
873863636472737792
873863656353783809
873863733830877185
873863734413930496
873863769335713794
873863842748661761
873863882682630144
873863890630836224
873863990719508480
873864075419279360
873864082784387073
873864085867200512
873864157430468608
873864228519768065
873864261105328129
873864270416670721
873864282949246980
873864339958190081
873864417678589952
873864432375525376
873864468203278336
873864482987978753
873864507268976642
873864529532399616
873864599489085440
873864693382828034
873864697740525569
873864737418874881
873864788190920705
873864836358094850
873864927806713856
873865028319010816
873865028776206341
873865113270272001
873865133809967104
873865187165704193
873865223014420480
873865233009442817
873865260742172672
873865263002812417
873865389649821696
873865416535408641
873865464849543168
873865472781025282
873865514912800768
873865570663452672
873865639634624513
873865686128496640
873865719917797376
873865843301634048
873865909504552960
873865957323800576
873865972469334016
873866034792603648
873866035698556928
873866047811706882
873866090488705024
873866096780218368
873866189717594114
873866278326415362
873866295527313409
873866298354257920
873866304750575616
873866324962934784
873866343942148096
873866357221330944
873866368470450177
873866406252748800
873866492810592256
873866610129477632
873866781332561920
873866984387162112
873867060408975360
873867239983910913
873867347576139776
873867418959044608
873867444217155584
873867456858787842
873867741165473793
873867748446699520
873867763533717505
873867787168616449
873867975761244160
873868166253903872
873868239348084737
873868246222598144
873868338346287104
873868349800947712
873868431363371008
873868555967758336
873868572379971584
873868591015374848
873868717616234497
873868735597215744
873868796364283904
873868813279916033
873868894372417536
873869029802463235
873869213743673345
873869303401111553
873869428861153280
873869532170989568
873869566593699841
873869655567462400
873869680716468225
873869706847023104
873869777932087299
873869851797975040
873869921574408192
873869965950148613
873870017154207745
873870512639930368
873870601940869120
873870629090537473
873870716042653696
873870807268823040
873870860687376384
873871007567806464
873871055701630977
873871096256266240
873871131987595264
873871149981151233
873871241102348289
873871257204391939
873871288347095040
873871374753902594
873871447789248513
873871448716312577
873871467989147648
873871526109618177
873871583219253248
873871608204668928
873871691654586368
873871928540442624
873871981954904064
873872202420170752
873872259651448832
873872333064327169
873872365985439744
873872386122285060
873872455017926656
873872472038404097
873872555664228354
873872733616181252
873872798061613056
873872810921390080
873872853627793408
873872900356493312
873872931293716480
873872984045473792
873873072109080576
873873096792584193
873873117021601793
873873137120694272
873873228061704193
873873241399578624
873873284202467328
873873357002784768
873873392994222080
873873471960477696
873873624008151040
873873642467319809
873873789272174592
873873796691673089
873873813389402113
873873862550859776
873873890174521346
873873948332756992
873874039999262720
873874129446948864
873874132735098880
873874200645300229
873874233075650560
873874288360796160
873874300272619520
873874363614973952
873874426726580225
873874436528766976
873874487057502208
873874508897107968
873874592359755776
873874691253051392
873874784651808768
873874859658489857
873874940734427138
873874980651577345
873875121945104386
873875224630087680
873875277788700672
873875289553743872
873875449537073155
873875450875064321
873875564012163075
873875673068310528
873875692978614272
873875828169465856
873875850776727552
873875863254597633
873875877871747072
873875975616032769
873876047862935552
873876095514365952
873876098592985088
873876136484274176
873876137117491201
873876138208235520
873876197494718464
873876277291347968
873876326687657984
873876349827465216
873876450188955648
873876467289141248
873876467461087232
873876483432906752
873876565138055168
873876721442971648
873876776673570816
873876906998890497
873876935478321152
873877024405893121
873877031792070656
873877048225345537
873877123123085314
873877235111010304
873877279184756736
873877330250276864
873877330699190273
873877400920219648
873877428761964544
873877527017791488
873877597922504704
873877617816068096
873877835668172800
873877963455987712
873878011908677633
873878044473253888
873878045937082368
873878071459409920
873878177579401217
873878244667379713
873878269095014401
873878438582648832
873878479439360000
873878700344868866
873878731227639808
873878761892196355
873878805689102337
873878913436590081
873879032051507202
873879081569398785
873879125097930753
873879125479575552
873879129032192001
873879164855701508
873879294900129792
873879415834505216
873879424101474304
873879436046860288
873879452756975616
873879480988839936
873879495257804800
873879500211200005
873879512496431104
873879552669491204
873879575582867456
873879581308178432
873879587125686272
873879599943475203
873879646097506305
873879677701586945
873879694088826880
873879724745003010
873879732261191680
873879779971387392
873879948666208256
873880061606322176
873880086096879616
873880109236625410
873880124671881217
873880135459631105
873880182653947905
873880263352356864
873880280477704194
873880282482577408
873880462011314176
873880531376771072
873880557243031552
873880695751536640
873880697215340544
873880705578786816
873880873581596673
873881147897413634
873881182651514880
873881300939177985
873881389262884864
873881502576148480
873881555390930944
873881680024653825
873882074519883776
873882146896617472
873882209660411904
873882233525993473
873882414275284992
873882422814937092
873882493190938625
873882517526499328
873882558748135424
873882565056376832
873882568843812864
873882763094622210
873882940647907329
873883008398487552
873883019890831360
873883051343962112
873883064023359488
873883168042086400
873883261281476609
873883263194075136
873883281237975040
873883289811132417
873883609966497792
873883912233033732
873883995557253120
873884170459783168
873884174700220416
873884220040654849
873884302542426112
873884388043493376
873884427696394241
873884582382358528
873884598522052609
873884633343119360
873884707762696192
873884755086987264
873884825677168640
873884897299099648
873884927217086465
873884963149676544
873885023107239936
873885205190365185
873885290934538242
873885334119088128
873885443993067520
873885461055492096
873885483532681216
873885560850534401
873885834650451968
873885903239950337
873886019577421824
873886161281929216
873886272858853377
873886377624178688
873886695250329600
873886695506288641
873886771947466752
873886812556734468
873886985982750720
873886998649556993
873887083475152896
873887103041638400
873887118535340032
873887226580451328
873887284235522048
873887466310316034
873887488418488320
873887500221251584
873887530009153536
873887586640592901
873887602528661504
873887695424159744
873887719323299841
873887819256778752
873887859459141632
873887881617711105
873887908264103936
873887945262071808
873888020197498881
873888213139677184
873888229321211904
873888232173428737
873888452173070336
873888472049778689
873888509773451264
873888518514323457
873888546389716992
873888662408376320
873888856483012608
873888942440841216
873889062515494913
873889102957080576
873889288504713216
873889371069399040
873889438220398592
873889447049396228
873889459489697792
873889495149629445
873889540351643648
873889550967476224
873889556956893184
873889568268763136
873889610434314240
873889655384530946
873889824595468288
873890036579803136
873890134965530624
873890161507041280
873890184877809664
873890271775399936
873890305304428545
873890440285736962
873890560825847808
873890569092710400
873890576617394176
873890581407289344
873890587560341504
873890618346438656
873890642061078528
873890647215820801
873890874945486848
873890960291266560
873891024782938112
873891041820200960
873891063164944384
873891066939928576
873891186234331137
873891203044986880
873891230073196546
873891293096759296
873891346142158850
873891383177879553
873891401225908226
873891403637587968
873891454774636549
873891520297844738
873891582965055489
873891636073385984
873891715983265792
873891735138709504
873891743980290050
873891756483330049
873891989812641794
873892021198573569
873892325461708800
873892338396930048
873892425873453057
873892435767832576
873892468311425026
873892734683295745
873892791637692418
873892875007909889
873892889268563968
873892965227401216
873893013222604804
873893203958788097
873893207452418048
873893367662469120
873893398180229121
873893476173217794
873893533094203392
873893580561055744
873893585892118529
873893626404900864
873893731606433792
873893832198311936
873893837516791808
873893863328501760
873893979837927425
873894017599229953
873894086121594881
873894257601413120
873894263066701824
873894282146480128
873894301268414464
873894341164584962
873894361402101760
873894462828691456
873894671470276608
873894835580809216
873895053600714752
873895069866229760
873895170529480706
873895272065241088
873895299739262976
873895616119808000
873895885725327360
873895903299502081
873896014066970625
873896020228399104
873896067389169664
873896222930632704
873896286986153985
873896302769262592
873896336541847552
873896414350323713
873896478359650304
873896504381014016
873896554372800513
873896748028178432
873896884368273408
873897052358488064
873897180830072832
873897186601324544
873897209749753856
873897240221319168
873897258277675009
873897378763374592
873897439723483138
873897517846581248
873897575535038464
873897595416047616
873897635324858368
873897647668678656
873897705835302912
873897752354279424
873897758314418176
873897763519549440
873897850928812032
873898260561350657
873898411270881280
873898473677922304
873898513838600193
873898521551917056
873898561196503040
873898770425155584
873898777677094913
873899100311257091
873899102974517248
873899137338675200
873899143210643457
873899153193127938
873899201955897344
873899211963715584
873899224156577792
873899455837159425
873899588624629760
873899617456410624
873899713321476096
873899774801584129
873899818367758336
873899876492378112
873899910441177090
873899916292214786
873899964690255872
873899966183469056
873899978250493954
873899991307341826
873900014862569473
873900146584682500
873900285776855041
873900493101289472
873900542371737603
873900553071415296
873900572184850432
873900601255624704
873900910673526786
873901060137603072
873901061043572736
873901102936313856
873901226563424257
873901366527352832
873901474362929152
873901512002555904
873901769499308033
873901785051738113
873901819579297797
873901827410059265
873901828391542785
873901839594524672
873901882342871044
873901880304443392
873901897761124352
873901968774791168
873901992074260480
873902025150517248
873902026505244672
873902206067650560
873902305803984896
873902342575468545
873902503330422785
873902618036326400
873902621286948865
873902708310364160
873902868872347650
873902973172293632
873903023092883456
873903066780708864
873903100993654788
873903271412457472
873903402262114304
873903484617273344
873903533195743232
873903673981751296
873903760069623809
873903784019341312
873903849681166336
873903869335445504
873903887102640128
873904092938162176
873904107718922240
873904211091755008
873904231043825664
873904269153505280
873904328720961536
873904468638670848
873904485189464064
873904558539493376
873904623383347201
873904709337317376
873904831118934016
873904886928343040
873904897456001025
873905082391285765
873905084857544705
873905146429878273
873905373220139008
873905373379538945
873905425774768129
873905454161600512
873905457970241537
873905641773027328
873905883264282626
873905915237470214
873905929628127233
873905964352753664
873906160566509569
873906261284319232
873906413461962752
873906669046161409
873906825309061120
873906916698836997
873906986148036611
873907348670230528
873907359281709056
873907573866606594
873907693072916485
873907757300277253
873907828456599552
873907908144226305
873907943133114368
873907962733109249
873908038872256513
873908070908407808
873908079921967104
873908122011807744
873908205499408384
873908212889767936
873908220171091969
873908291356811268
873908440036503552
873908442410430465
873908519459803137
873908561042178048
873908562594070528
873908673566953472
873908755099987968
873908845676036096
873908911258177537
873909000039006209
873909034881081344
873909084629549057
873909173624479744
873909361608994816
873909373202051073
873909405829529600
873909437710336000
873909446614933504
873909519998386176
873909574591541249
873909617721528320
873909629490798592
873909644917440514
873909694905167872
873909771975487488
873909785489440770
873909810751844352
873909835150090240
873909887335575552
873909988602851328
873909990314184705
873910044974354432
873910148170952704
873910201233047555
873910202910875653
873910204693393409
873910464505417729
873910744819146752
873910772107288576
873910783981363200
873910855628410880
873910976193720320
873911000625557504
873911015188115456
873911095941115904
873911291160801280
873911291668201472
873911290984636416
873911311658242048
873911483603853312
873911586292944896
873911770603278340
873911794712158209
873911795148312576
873911809828409345
873911823795445761
873911838609514496
873911849514881028
873911858947817473
873911868615790592
873911879009280005
873911888584871936
873911897590050816
873911907488550913
873911916980314116
873911926983716864
873911937633046528
873911949242900481
873911963063115776
873911973251092481
873911982398857217
873912005115117569
873912014288162817
873912022873911296
873912038329810946
873912048320737280
873912057661456384
873912068008804353
873912087730429952
873912099851956225
873912123046469632
873912134614351872
873912148522651648
873912157938647041
873912163508858881
873912185356996608
873912187592560640
873912203283509248
873912215220473857
873912219955851265
873912231133671424
873912241699115010
873912259269013504
873912272430800897
873912282371293184
873912293343596544
873912306845011968
873912325501333504
873912350021230592
873912362398617602
873912375228993537
873912384942993408
873912395244208128
873912397798535178
873912405453135872
873912438957146114
873912502798737408
873912528761389057
873912563884589058
873912626564222976
873912759930552321
873912929950871552
873913101430730753
873913243558957056
873913315529031680
873913324672622592
873913440972275712
873913464514904064
873913523323187200
873913664839069696
873913787761471489
873913913817133056
873914022432829441
873914082801438721
873914261734600704
873914322040348675
873914323458039808
873914515989114880
873914668355641345
873914674223435778
873914699980693504
873914762727497728
873914878905503744
873914992197861376
873915076113305600
873915339184197633
873915346142494723
873915372386349056
873915396637810688
873915412903321600
873915470063308801
873915508369870848
873915515244347393
873915530205429761
873915577018060806
873915658131648514
873915722791092224
873915724271628288
873915749496172544
873915818513510400
873915833264812032
873915854223794178
873915876893962241
873915967000150017
873916030359412737
873916073090965504
873916082398142464
873916187750563840
873916283980574721
873916296236322820
873916366998433793
873916379929489408
873916480546623488
873916538440601600
873916575623106560
873916588868722689
873916617775882242
873916694288322565
873916758566064128
873916759170068480
873916764656205824
873916843861430272
873916854875693061
873916855244795905
873916896256675840
873916906046095360
873916996970270720
873917041220124674
873917200465371136
873917277758009345
873917361388126209
873917386839257089
873917403637444608
873917459853606913
873917473116041216
873917517097553920
873917529940533248
873917599683411968
873917657787052032
873917754918797313
873917772786434048
873917820891004928
873917902394724355
873917910863020033
873917961240809473
873918068195561472
873918075472576514
873918091239071745
873918310169010178
873918446127521792
873918472153047040
873918483221938176
873918495821639681
873918502742228992
873918533440344064
873918596115771393
873918807529619456
873918997103824897
873919019908202496
873919187730804736
873919223470342145
873919293938954240
873919323663982593
873919400990179328
873919463464325120
873919511212294150
873919512277639168
873919728489779200
873919798698266624
873919835645804546
873919917657128962
873919926708432896
873919972875137024
873919975387430912
873920014440697856
873920050297810944
873920053162455040
873920096640667648
873920201368141830
873920357320855552
873920488841588736
873920662229987332
873920799287246849
873920824583081985
873921123569856512
873921288649285632
873921330512572417
873921525212205057
873921795124072448
873922129233715200
873922139887468547
873922159894302720
873922390362918913
873922495182712833
873922586677260288
873922670215168000
873922695242686464
873922916324388864
873922954610036737
873923027884535808
873923027397992448
873923051976609792
873923080682438656
873923123309158400
873923127713177600
873923261645639680
873923314129014784
873923341056344064
873923433058492416
873923503384391680
873923585504661505
873923677003411456
873923756456062977
873923819093860353
873923884629843968
873923907430043648
873923917987147776
873923968004173825
873923974325055488
873924114574082048
873924193049563136
873924218508980224
873924251316649984
873924332938047489
873924338356854784
873924424675844096
873924503507750913
873924541902450688
873924776967811072
873924797482373121
873924842696867840
873924867242041346
873924935424643072
873925001119969284
873925020388663296
873925032216592385
873925150684663808
873925156732780544
873925216103272452
873925334227447809
873925417736032256
873925443451326465
873925444545814528
873925451936346112
873925512317607936
873925601299759106
873925610116177921
873925630169055233
873925742601621505
873925766198767617
873925771785637889
873925780081922048
873925791788261377
873925866593681408
873925880497786880
873926024811220992
873926039097004032
873926055370694656
873926082780577792
873926128603455488
873926210811826176
873926254554210306
873926277916495873
873926353686605825
873926373949272064
873926380895035393
873926388977422344
873926465733238785
873926493017174017
873926534653935616
873926564563476480
873926584620773376
873926632150618112
873926750660644864
873926854251614208
873926904797175809
873926930084638720
873927061307613186
873927155461369856
873927258267897860
873927296792616960
873927377306439680
873927424291086336
873927529106743300
873927618277642242
873927617342263296
873927690864271361
873927836821749760
873927893163921409
873927956288110592
873927959849168896
873928133585534976
873928147573628928
873928161142202368
873928228104261632
873928319431049217
873928320097955840
873928351450374144
873928364842790912
873928508002770945
873928629276770304
873928645324263424
873928654564319234
873928658217566208
873928831975010305
873928855714746368
873928857845465088
873928884479197184
873928920269303809
873928920558600192
873928933015769089
873928965748137984
873929128508100608
873929156551168005
873929202948608003
873929271433154560
873929349896032256
873929362042744832
873929416749043712
873929494670835712
873929766914732033
873929782370738178
873929854655356928
873929872019783680
873929928017936384
873930114190512130
873930122600095749
873930216720171009
873930234483101696
873930371431374849
873930455178936322
873930481783508998
873930544505135105
873930615149785088
873930621952950272
873930679653937156
873930805915127810
873930810491117568
873930920386023425
873930968482164737
873930975423717377
873930987616571392
873930988136665088
873930987243270145
873931061654376449
873931064670138368
873931131695091712
873931153971064833
873931168365903872
873931289681948672
873931516266590208
873931553080037380
873931562135453696
873931613113077763
873931625637261314
873931658684182528
873931710190235650
873931822585053184
873931863026532353
873931906030723076
873931950632964096
873931969373097984
873932031616593920
873932125879382017
873932175305060355
873932279009222656
873932413763813376
873932414707535874
873932554184871936
873932566935613440
873932570802696192
873932578507689984
873932588519497728
873932588670496768
873932661420589056
873932752764059649
873932776185221120
873933089852018688
873933156994437121
873933322459783168
873933390118039552
873933402524745728
873933408648429571
873933439589810178
873933584977072130
873933658503221250
873933690522521600
873933712991432706
873933734340317184
873933839265091587
873933912858349568
873933913969889280
873933931963453441
873933947595407360
873933998409515010
873934048934203393
873934057041776640
873934071029792768
873934126205870081
873934151845650432
873934180807094273
873934357240705024
873934419610017794
873934449767002112
873934483044659200
873934491324211200
873934530465411073
873934752398680064
873934884787585025
873934886901612544
873934936948060162
873935082733654016
873935095618523136
873935394190098432
873935516537950208
873935558938177536
873935604387545090
873935680883372033
873935731173019649
873935766551920640
873935773971697665
873935783769591808
873935845446864896
873935911150657536
873935966934839296
873936039664025600
873936083930808320
873936108987588608
873936248016076800
873936414278332417
873936443697221632
873936495832436736
873936504334290944
873936580943257600
873936604653654020
873936624731795457
873936683691016192
873936929875787776
873936966697484288
873937044648624128
873937108225884160
873937110448918530
873937183203364864
873937243534233602
873937339596386304
873937380461481985
873937474371932160
873937479375704064
873937595381821440
873937619524218880
873937653221269505
873937677221060610
873937701212483584
873937934474522624
873937999050010624
873938177244975104
873938331456983040
873938332929196032
873938361765023744
873938464395460609
873938487203987456
873938587808563200
873938636999446528
873938648512815104
873938655689289729
873938660219138049
873938759653437441
873938768637636609
873938782462062592
873938788791222272
873938793732198401
873938800879312896
873938986003292162
873939030681038848
873939033663172608
873939460391620608
873939574921342977
873939628423819264
873939669205045248
873939699492171777
873939743519776772
873939847509049345
873939863107719168
873939927632949249
873939953801154565
873940004799729664
873940031236448256
873940098248835073
873940114392657921
873940172756447237
873940377811787776
873940392869343235
873940427073880067
873940633110671364
873940688072835072
873940757098508289
873940762089730048
873940784365662209
873940866230091776
873940882722095104
873940916230389760
873940966884995073
873941064025026560
873941124729249794
873941298524422144
873941336130564096
873941394020327425
873941414597586944
873941445740285953
873941580142563330
873941736883707904
873941805271830528
873941830190157826
873941888163880964
873941915749756933
873942004656467969
873942154061774848
873942207543246848
873942319929733120
873942357640716288
873942381565022209
873942399982202881
873942430646665216
873942428012728320
873942441438662656
873942434237087744
873942587127803904
873942531356098560
873942649245454336
873942674042224642
873942676839829507
873942731424399360
873942795471507456
873942881513418752
873942821832728576
873942963361132545
873942945728258048
873943101685026816
873943101685026816
873943219393966081
873943281100607489
873943442656821248
873943444019916800
873943586433359872
873943719925493760
873943741979140099
873943786816245760
873943817996693505
873944084989313028
873944172964839425
873944285980368896
873944409510989824
873944448253796352
873944489584472064
873944533347835904
873944534966730752
873944549747458048
873944593322082304
873944615010930688
873945250414329856
873945230508253186
873945315648438272
873945302822203393
873945164821258240
873945418115293184
873945728246321152
873945640887345152
873945954931625984
873945938494148608
873946104743698433
873946104743698433
873946067594878976
873946225279733760
873946269101604864
873946227938922497
873946044840771584
873946303125966849
873946110942949380
873946422370074624
873946440426549253
873946486538735617
873946513306787842
873946569682366466
873946742533873664
873946765107634177
873946778311290880
873946815141474305
873946860251209729
873946868996243456
873946878425145345
873946954040037380
873947003121790979
873947010004647936
873946989435789312
873947072935976960
873947150081826816
873947237839142912
873947251982422017
873947304105058305
873947329086324737
873947535873855488
873947578953486336
873947608745738240
873947681516916736
873947784134578176
873947878787514370
873947915005431808
873947944831127552
873948083121528832
873948169998041090
873948195281305604
873948220652748800
873948245520781312
873948310050131970
873948352274214912
873948408226217984
873948551231012864
873948553256865793
873948627445702657
873948678079348736
873948726779367424
873948889115758593
873948892789911552
873948920111562752
873948940995002370
873949013116170240
873949160915030016
873949177411244037
873949184373776384
873949200693829632
873949245447045120
873949276191178753
873949339059703809
873949349352415232
873949357762125824
873949430029975558
873949443472674816
873949459230621696
873949497252081664
873949541439066112
873949607654559744
873949624964268032
873949713837457410
873949878736609280
873949979341197313
873949994293878784
873950062203817985
873950121024786433
873950148170321921
873950177480110084
873950209641861120
873950253795487745
873950354962096128
873950373261828098
873950470632611841
873950472075390978
873950482288578560
873950696697102336
873950698366525442
873950920966639616
873951111597752320
873951122880331776
873951167415504896
873951221622743040
873951242615214083
873951393442406401
873951721474732032
873951757495304194
873951805121732609
873951866677231618
873951885807538176
873951885887197185
873951942854066176
873951949003137027
873951998785314816
873952076040208386
873952125012803584
873952165416624128
873952200485154816
873952356815310848
873952411852910592
873952267296280577
873952482535378944
873952497651638273
873952460141973505
873952340100952064
873952481373507584
873952564588531712
873952289958055936
873952615981342720
873952796462252032
873952904494952449
873952956718096384
873953000452235264
873953028889604096
873953112003883009
873953157231120384
873953177044963329
873953178966011904
873953228366512128
873953337544232961
873953372637876224
873953423963463680
873953319420649472
873953544365330432
873953602213224448
873953587210178563
873953725257314304
873953655531204608
873953809046917124
873953607149920257
873953760812429313
873953878429052928
873953927733096450
873953924952317952
873954011434668032
873954021702291456
873954121279311873
873954148269608960
873954154015854592
873954149653786625
873954186769170432
873954254821654530
873954295615565824
873954445503148032
873954551002476544
873954627833745408
873954725489758208
873954776316342272
873954776177922048
873954834155745285
873954985670737922
873955042834960384
873955137416462336
873955212473585665
873955223672377344
873955321231921157
873955345231732736
873955356816420864
873955425628106755
873955481496297473
873955489356410882
873955492934164481
873955581421391872
873955626573074433
873955677894475776
873955697137926144
873955738162483200
873955791979634689
873955826473590785
873955830261010432
873955915195613184
873955951073796097
873955991943077888
873956122239139845
873956294641758208
873956498396905475
873956534010642432
873956581985198080
873956631628972037
873956858050093056
873956930015952897
873956956549021696
873956960839847936
873957051910762497
873957114632437760
873957223009013761
873957379968307202
873957397592588288
873957404815261697
873957448914173953
873957605064003584
873957702459944961
873957725226622976
873957813881589760
873958206074212352
873958141926543364
873958314685739008
873958338245124097
873958393102381056
873958469136769025
873958491182051328
873958532739149825
873958743070912512
873958844321464321
873958900197883908
873958933345570816
873958961678094336
873959027998371842
873959045589344257
873959070130204674
873959108344512512
873959194684268544
873959263584100352
873959313299165184
873959496648974336
873959568593874945
873959573912248320
873959573455077376
873959590609776643
873959786248757249
873959788941635589
873959805496553472
873959847431155712
873959897263722496
873959899096547329
873959911494909952
873960073269317632
873960131247132672
873960234393505792
873960302567731200
873960349325815808
873960365805232128
873960395488329728
873960504305299457
873960693116043265
873960781536219136
873960829334564868
873960837345533952
873960921797984260
873960939523100675
873960958640746501
873960988890066944
873960990118989827
873960992413286403
873960982095302656
873961017566482432
873961040404516864
873961043462152193
873961054400892928
873961092757762050
873961363139440642
873961475584536576
873961540780777472
873961620137013248
873961726970142723
873961929840226305
873961994692571136
873962002657538048
873962046202818560
873962062803816450
873962066956169216
873962157431562240
873962178210148352
873962280777650176
873962303514972161
873962339602706438
873962395294736384
873962453180313603
873962462177107968
873962470255337472
873962491465932801
873962578350878722
873962591760130048
873962709414498304
873962897789120513
873962950750613504
873962969939533832
873963046842109952
873963051048947712
873963088961196032
873963203834908673
873963328149827585
873963374119448576
873963461054795777
873963445389078528
873963471234367493
873963516079878144
873963517879169024
873963536044699648
873963570211557377
873963667779452928
873963707193315328
873963866547507204
873963921601908737
873963944574152706
873963954212659201
873963991025950720
873964067618267140
873964100367384577
873964163579695108
873964172144504833
873964174489133056
873964347877466115
873964362893058048
873964389900177408
873964399278653440
873964488378265600
873964531134935043
873964574000721920
873964611523022849
873964674609500160
873964731463331840
873964732046245888
873964748206989312
873964751964995584
873964831170330625
873964855866388481
873964872916250624
873964866104676353
873964892814020608
873964960300269568
873964999022186497
873965142932959232
873965183932268544
873965237548003328
873965398693220352
873965441919537156
873965441449951233
873965621293322240
873965709700857856
873965814336114688
873965861211688963
873965891414786050
873965932774871040
873965990341746698
873966007697772544
873966141680562176
873966186794557440
873966203584294912
873966256893952000
873966339651751938
873966341824413702
873966348078108672
873966346756907010
873966410589929474
873966476297895936
873966544769994753
873966778006851586
873966810361626624
873966835875672065
873966885108371456
873966969552285697
873966985658458112
873967004113358849
873967072916713472
873967115811917824
873967135327965184
873967140533141504
873967203174973441
873967237249585152
873967242526031873
873967247978573825
873967262423805953
873967325380317184
873967360272719872
873967435162017792
873967469001617408
873967497770393601
873967567186087937
873967593727684608
873967683020222464
873967717149179905
873967761017511936
873967813148520448
873967836628209664
873967943884959749
873967993855913984
873968041368932356
873968062596341760
873968121031348228
873968141369561088
873968145047969797
873968268519845888
873968382604963840
873968389403930624
873968418042634241
873968456919601152
873968499596685313
873968585168879616
873968638700773380
873968651170455554
873968722586853376
873968804145049604
873968828186808321
873968846650134529
873968927507972098
873968938769690625
873968943643455488
873968985506820097
873969001470230532
873969035796525057
873969130596175873
873969189748445184
873969238691786752
873969247684308992
873969274771181580
873969304613658627
873969308526718976
873969354274201601
873969373492412417
873969502026956800
873969556620021761
873969718356529153
873969727286194176
873969756377829377
873969931460784128
873970002428403712
873970014734495744
873970072884260870
873970162919251969
873970230854389760
873970232431345664
873970279076311042
873970291084587009
873970341210722304
873970361221750785
873970530378022912
873970592311115777
873970599202258945
873970631695413248
873970640029614080
873970668248936449
873970783864979457
873970792714952705
873970797404192768
873970809567461376
873970916006539265
873970924466393088
873970927310123008
873971020511797249
873971057585213440
873971144495308800
873971175663206400
873971240897216513
873971321046269952
873971403091042304
873971444220395520
873971521638846464
873971601326395392
873971621199048704
873971643168829440
873971646234861568
873971722986323968
873971791257104384
873971801013047296
873971920986935296
873971937122373635
873972088478072832
873972176415842304
873972176524890113
873972179574173700
873972187312652288
873972368204599296
873972394217676800
873972440535359488
873972564720328705
873972622748508160
873972687881850880
873972741191479298
873972903225720833
873972921844322305
873972924704837633
873972942232834048
873972973069324291
873973078430187521
873973112030855168
873973128829030401
873973359868088324
873973372153147392
873973389156810752
873973430139457536
873973503124439045
873973557373673473
873973617436000256
873973630769676288
873973639573643267
873973747065204736
873973848709967873
873973897892331520
873973902115995649
873973916716457985
873973924912123904
873973963940036609
873973970231590913
873974013747482627
873974077505118209
873974116768002049
873974116755410945
873974134371483648
873974248590761984
873974351128920065
873974387292205066
873974415440138244
873974415859609600
873974435203620864
873974448482856960
873974458679267328
873974514736144384
873974535736918016
873974553185325056
873974577814220801
873974693925093377
873974717702602753
873974843393400833
873974871507816449
873974884346605568
873974965279870976
873974968203300864
873975047853146112
873975121681297408
873975192716005376
873975283740815361
873975303265292289
873975310655655936
873975372932681729
873975399327436800
873975424853979136
873975436962910214
873975448354656256
873975483519709185
873975490721325057
873975566441082880
873975596661055488
873975636091699200
873975667859369984
873975670162022401
873975818724225024
873975951830515712
873976024979177473
873976074765574145
873976117090234368
873976131535478784
873976282404540416
873976343251357703
873976351862267905
873976389933858818
873976407852019713
873976446376718337
873976449568571393
873976471613779968
873976482837790721
873976491415138306
873976497232637953
873976505440907266
873976518128566272
873976523086278657
873976540043915269
873976552165326848
873976555143401473
873976563896909825
873976572771958784
873976608603992065
873976637456605184
873976656272269312
873976673376579584
873976690963341314
873976720818393088
873976737306210305
873976781346410503
873976799801348096
873976948267114497
873977007817863172
873977049274355712
873977072833748996
873977166807085056
873977188764319745
873977214555103232
873977267810168833
873977281634598913
873977293668052992
873977313158942723
873977325985165312
873977456239181825
873977529387843584
873977843671330817
873977850126368768
873977887111643136
873978008557690880
873978016464031745
873978091491799041
873978142570016769
873978144298061828
873978281246289920
873978285193134080
873978467058057216
873978475098591232
873978486330990596
873978495071911936
873978550151503874
873978587061342208
873978678262280196
873978689679224832
873978710474575872
873978714777956352
873978922425307137
873978926586089473
873978932877545473
873979083180445696
873979165103591424
873979249216167937
873979282627940352
873979365704556547
873979371291381760
873979416434679812
873979470398599168
873979545916932097
873979607179038720
873979610354114561
873979634483945478
873979672362659840
873979683896995840
873979732777455617
873979800825860096
873979824691458048
873979838129999874
873980014223663105
873980033781706752
873980068577636352
873980169324724224
873980294944219137
873980315030704132
873980353232478209
873980381653078016
873980457691557888
873980485407580161
873980694690705408
873980703490363392
873981004171677696
873981046831886336
873981064460587008
873981150141833216
873981165446864896
873981210275569664
873981260871471104
873981401917476864
873981442245767168
873981518087155717
873981636190318592
873981654368440320
873981667404378112
873981776951169024
873981805556322304
873981826280423425
873981833767260160
873981886787354627
873982010146131968
873982039229419520
873982299532128256
873982373645484032
873982393778089985
873982603182919680
873982654663852034
873982703242285058
873982909157343232
873982970658512896
873983017789902849
873983049809133568
873983169917222912
873983191941619712
873983266654736384
873983326587162625
873983383503765504
873983390495756290
873983461756997632
873983463862480898
873983482782994432
873983496204816384
873983508728791040
873983564752224260
873983600471027714
873983619278176257
873983694436007937
873983741357699072
873983834404118528
873983904742604800
873983978990186496
873983986896392192
873983995838513152
873984030630436864
873984052612784129
873984134351335424
873984138285658113
873984150738481157
873984227615924225
873984276961906689
873984291293847552
873984380867366912
873984411091566593
873984469065236481
873984486400294913
873984502795829248
873984842064592896
873984955067621379
873984981793746944
873985029944340481
873985157837058048
873985160827613184
873985203349463042
873985312720125956
873985316822147073
873985350603026432
873985377736028160
873985517540474882
873985515430834177
873985574721511424
873985582581637120
873985689892909057
873985696339460096
873985784357027841
873985813591322624
873985864745013249
873985908051255296
873985958840061952
873985991488528386
873986099076583425
873986109264601093
873986238801473536
873986240630190080
873986300545781760
873986562798878720
873986587075514368
873986623482023936
873986647959982081
873986728918491136
873986735633555457
873986981465927680
873987111246077952
873987217303228416
873987257287495680
873987297250770945
873987322852904960
873987430285750272
873987558451154950
873987597936283648
873987750713843712
873987912756494338
873987950442426369
873988050631655424
873988095351410688
873988138401771521
873988180344803329
873988248883924992
873988263710793728
873988294589239298
873988309864685568
873988323701911552
873988389925728256
873988408070352896
873988420913246208
873988436167938049
873988490505195521
873988539704381440
873988543173021697
873988576857513984
873988655899185152
873988715567304704
873988720017506306
873988734127136768
873988742268280832
873988749901922306
873988818789183489
873988885856047105
873988944848924672
873989008254218240
873989023496376320
873989063245737984
873989217189322752
873989336429211653
873989555778617346
873989562615422978
873989648464453633
873989797689348096
873990003583569920
873990095145230336
873990250896424960
873990414663131137
873990641809846277
873990655013527552
873990755047661572
873990926481461254
873990960094601216
873990971121217536
873990988422840320
873990998958931968
873991014658170880
873991093934850048
873991159571505153
873991163845410816
873991184682823680
873991240488026113
873991290635026432
873991315079528450
873991407668793346
873991560718929921
873991598501244931
873991749617803265
873991784669609988
873991838478323713
873991868350181378
873991887434199045
873992052643680256
873992112878104578
873992225692291073
873992253865431040
873992385264574466
873992388112293888
873992414977032192
873992431175389187
873992492823314432
873992560884297728
873992570501779456
873992670162673664
873992720540479488
873992779625627650
873992783668944896
873992805194059780
873992819907735554
873992839675486208
873993151597297664
873993237782036481
873993241523343360
873993315250819073
873993351053414401
873993603068166145
873993732147871744
873993747582918657
873993755870679040
873993778473951232
873993817753608192
873993904982548480
873993943771484161
873993947672186881
873994130644500480
873994243274092544
873994243899105281
873994254548381696
873994272864972801
873994285154283521
873994293211529216
873994414133268481
873994420647055360
873994429618638848
873994439311708161
873994483192532992
873994485411319810
873994513018228736
873994558224388098
873994585709584384
873994610196041728
873994612549046273
873994717079494658
873994778563817474
873994798180519936
873994821203087360
873994872830689285
873994970931310598
873995037297823745
873995090821357568
873995224867065856
873995236678279169
873995312100237313
873995383285964800
873995398851043330
873995436956188679
873995513485565952
873995554551992320
873995674567815170
873995718788362240
873995732319170567
873995804561821697
873995808185733120
873995848941789189
873995917392826370
873995937621962752
873996188336496640
873996246331142144
873996276106481666
873996277385756676
873996353499791362
873996356540653568
873996578968788992
873996614020550658
873996641455529985
873996650112585728
873996941805445120
873997002958417921
873997010143195140
873997170365665282
873997184932491266
873997294869377024
873997328205717504
873997415862460417
873997452365398020
873997528659841024
873997596934766592
873997640354213888
873997682297253888
873997728749113345
873997752912551937
873997862438391812
873997898471624705
873997899918651393
873997908659625984
873997954331410435
873997993992757250
873998006122631168
873998024963497985
873998068731052036
873998069280514050
873998076872081408
873998087139807233
873998117020065793
873998161085419521
873998179544563713
873998188293894144
873998222276124673
873998277078863872
873998293243756544
873998374202200069
873998374915256321
873998434474360834
873998549964521475
873998575876878336
873998627949228032
873998772879056896
873998804911091714
873998832790536192
873998873018150912
873998890411937792
873998941972553733
873998947978752000
873998989724704768
873999043344707584
873999047278940160
873999095534374912
873999106875809792
873999120817672192
873999140455419904
873999306268782592
873999316674899968
873999325545844736
873999341337415684
873999407838003201
873999418449698816
873999428633473024
873999451773382657
873999535290372096
873999631419617281
873999644761698306
873999677921820673
873999770888568833
873999793760206848
873999804178870272
873999828463874048
873999925834657792
874000104914640896
874000138028625922
874000176653971457
874000221881204737
874000235659485187
874000254672269312
874000343444619267
874000427632734209
874000448700764160
874000483081441282
874000484016717826
874000490635423746
874000496121438208
874000521237082112
874000550584516609
874000585607008256
874000591374213120
874000614652555268
874000643693969411
874000672294932480
874000695560744960
874000703068483584
874000791371120641
874000843003113472
874000875483803650
874000889291341824
874001011698008065
874001027166547968
874001066597208065
874001072653828098
874001097362460677
874001133357944837
874001160436416512
874001179528896513
874001290589810688
874001345451368453
874001382738726913
874001399532498944
874001426535632897
874001475319590912
874001500724502529
874001505262739457
874001580273655808
874001583037702144
874001627904184322
874001646669488129
874001685978468352
874001711093907457
874001821261594629
874001823669071877
874001826642771968
874001829071384576
874001859643658241
874001966166364161
874001975062528000
874002056574631936
874002094025576448
874002234647957505
874002303715553280
874002328306802688
874002462956544000
874002483680620545
874002528047968256
874002546733481984
874002622826635264
874002632863391745
874002704594501632
874002736676732928
874002880189145088
874002884966395905
874002894508503041
874002912988540929
874003025454653440
874003047944507392
874003153657749504
874003172762816513
874003224872841216
874003425943572481
874003474157101056
874003629950283776
874003656751841280
874003712905281538
874003733901971457
874003771969458178
874003792416710656
874003818974937089
874003831218155523
874003957412220930
874004059988086785
874004185859207168
874004260098277376
874004265605484544
874004468840505346
874004543683670016
874004556170108931
874004647811350529
874004726874075138
874004730896363520
874004741570916355
874004740186755076
874004772902383621
874004825939345413
874004859401506825
874005030524919808
874005037181091840
874005057947226112
874005078407041024
874005152168062976
874005155624218626
874005179678543872
874005484998668288
874005528913092610
874005627529572352
874005762510655488
874005774841851905
874005873525497858
874005904005484544
874006003150340096
874006033353633792
874006191390822400
874006297087275008
874006418109730818
874006483905675264
874006513395937280
874006530441588736
874006653359796228
874006660687294465
874006670741032960
874006681759490049
874006753121370112
874006840174051328
874006918637006849
874006969430007809
874006976874897408
874006988165967872
874007065420845057
874007193691074562
874007314793193475
874007450701189121
874007458649440260
874007478433972224
874007490123452416
874007528647962624
874007552928788480
874007665755787266
874007687264120832
874007784538468352
874007824887578624
874007865467568128
874007944408465408
874007954432811008
874008064726376448
874008112205836288
874008189485953024
874008243911233536
874008259111165953
874008460635107329
874008605326028802
874008612380823552
874008633297825793
874008710418493440
874008716026228736
874008724351971333
874008772439678981
874008814093258752
874008822645485568
874008850462109696
874008931030446083
874008979160092675
874009127583928320
874009191312228352
874009199021359104
874009217534963712
874009251513028610
874009279392559105
874009303266603009
874009328675586048
874009395574829056
874009471722430464
874009493390204929
874009523106852866
874009568325640192
874009601942986752
874009664559730688
874009682439831552
874009708050485248
874009740870918145
874009757484548100
874009759585898496
874009761582374912
874009836312293376
874009880876724225
874009918961065985
874009941933268992
874009947675209728
874009976972476418
874010052646055936
874010072267055105
874010073575694341
874010123521458176
874010124716781568
874010134531518464
874010139380109313
874010258968129536
874010331915407361
874010333249196035
874010350248701952
874010621251112960
874010636967137280
874010662414028801
874010694819209216
874010693925822464
874010753682087937
874010813216034817
874010838000168961
874010861211463680
874010875937554435
874010887211843586
874010947677032448
874010963573440515
874011026735472640
874011062672252935
874011151687962625
874011255912189952
874011262967046159
874011299545526272
874011303018459136
874011324967260163
874011466210447360
874011484979740672
874011484447232001
874011485202198528
874011551098957825
874011650705301504
874011686751096833
874011750596829184
874011775297085440
874011853248229376
874011922479419392
874011961062764546
874012125215289344
874012225962475521
874012299413139457
874012447627255815
874012457756499968
874012499636563968
874012519505043457
874012586202759170
874012629580341248
874012641211166722
874012719187345408
874012742855925760
874012757531783168
874012791362990081
874012841375920129
874012881943232513
874013007025762304
874013024943828992
874013315353260033
874013331266338821
874013559977594880
874013597587959808
874013632182583298
874013647936376832
874013763221024768
874013825246392322
874013837627985920
874013928170414085
874014156520906752
874014164502622208
874014181397110785
874014272497614848
874014348682948610
874014349815369729
874014395084492806
874014537191706626
874014570750160896
874014585711407104
874014646512082944
874014670952247302
874014756633530368
874014790116683776
874014914330972161
874014998791671809
874015090286223360
874015176114278401
874015192291708929
874015381010206721
874015386538213377
874015482403311616
874015566637543424
874015640503365634
874016055122948096
874016256462127112
874016295817060353
874016519964983296
874016579045994500
874016644342960130
874016868192854016
874016959595151360
874017044731244545
874017045846913024
874017060434653184
874017377654120451
874017422570868738
874017479064006656
874017602976313348
874017615424913408
874017727593283586
874017744492126208
874018021253287940
874018101884538884
874018144637116421
874018239185117185
874018289130852353
874018330679660544
874018361377792000
874018418663579648
874018593352167427
874018868343300097
874018927210369025
874018961305866243
874019013164191744
874019026288226304
874019159159570432
874019219075211265
874019255381086209
874019267146117122
874019290646802435
874019331205672961
874019336226312196
874019511690817536
874019579609141248
874019655186305024
874019667442061312
874019704624599041
874019711838760962
874019761356771331
874019785666961409
874019814939009029
874019897847762945
874019908270600192
874020114911383554
874020137824899072
874020152462934016
874020233123639297
874020373435731968
874020415571718144
874020448866054144
874020515089850372
874020525911273476
874020575370506241
874020618689142784
874020709995089923
874020738134573057
874020752567263233
874020770439155712
874020771642961922
874020790261493760
874020792237002752
874020800071958528
874020851468972032
874020912261193728
874021122924216324
874021170529677312
874021223180767233
874021278096773120
874021511899877376
874021644783812609
874021662496370690
874021815173173250
874021822366441472
874021887004823552
874022010984312833
874022011462463488
874022033830666240
874022178018267136
874022250520891393
874022255092793345
874022360155860996
874022389687963648
874022438832664576
874022528460754945
874023151117774848
874023241043648512
874023253135814656
874023398170558464
874023425651638276
874023434933686273
874023616089923584
874023702605824001
874023746671185920
874023862622662656
874023937025482754
874023938166272000
874023993715634176
874024005023539200
874024053316739072
874024055988473857
874024169658351620
874024177891778560
874024224557543424
874024291318280195
874024435237498881
874024518939021312
874024718269120516
874024731833503744
874024747604037632
874024755942359040
874024819779653632
874024970812358656
874025126056144898
874025178682056704
874025234323648512
874025542332362752
874025567296692226
874025636863635456
874025745701588992
874025949641269248
874025954070450178
874026183544930304
874026207997820933
874026316022108164
874026568221433856
874026677768249345
874026719166046209
874026809389658113
874026852972679168
874026930932199425
874026992269766656
874027216241401856
874027335875538946
874027445804040192
874027586363564032
874027586107703297
874027698942873601
874027775635664896
874027813224972291
874028003843600384
874028091680706561
874028103823216640
874028384178798592
874028445415636995
874028463379935232
874028760735125505
874028931103555585
874029010195447808
874029158359339008
874029241150656515
874029246502621184
874029565613625345
874029766353055745
874029824851005440
874029914453835776
874030005801680896
874030236786184192
874030237994168322
874030243799060487
874030258047123456
874030260119101440
874030355275276288
874030364192382977
874030463509299201
874030531998081024
874030634322329600
874030761199927300
874030802874634240
874030809228992518
874030811594588160
874030980016820224
874031093640560641
874031175312044038
874031185969762305
874031391499014145
874031402014171139
874031563570368512
874031792084459521
874031854789242880
874031974465368064
874032026084618243
874032057239969792
874032116715196422
874032128849313792
874032166233153536
874032334517014530
874032339214635008
874032387092623360
874032441106747392
874032517401149442
874032594555416577
874032661836201984
874032675786555392
874032677992767488
874032701854056448
874032702202183680
874032704215552000
874032707201794048
874032786214187010
874032810335580160
874032867839488000
874032981660372992
874033062929215489
874033176489996288
874033179312742400
874033431922868224
874033473027264513
874033494669881345
874033621807575044
874033623237787648
874033726535213058
874033820026232832
874033864037019648
874033924724449281
874033959704965120
874033997726326787
874034035911217154
874034040050987008
874034216954191873
874034246343643141
874034280414007296
874034465416380416
874034508680572930
874034538787336192
874034642009153536
874034706924400640
874034730265702400
874035021916536833
874035039188791296
874035046327476225
874035114065440772
874035160290914304
874035368861073408
874035402776170496
874035405057925120
874035580241424384
874035791936311296
874035839596212229
874035900795301889
874036032731217920
874036208304828417
874036432658157568
874036444318355456
874036448223272960
874036468641091584
874036530389692417
874036530754539523
874036593295806464
874036606625296392
874036814146932736
874037110814146564
874037158499188736
874037233011097600
874037249209503746
874037260626382848
874037294721839104
874037342419472384
874037440566116352
874037503711465475
874037513677131776
874037556773629952
874037585370284033
874037709723054080
874037734050025474
874037755323588610
874038034760474624
874038123390529539
874038442765713409
874038746966106112
874039278925479937
874039302048624640
874039374266105856
874039501491982336
874039687148699659
874039716265459712
874039774440456193
874039894661836801
874040277736071172
874040354747674625
874040434892443649
874040542019153920
874040685195874304
874040869304885249
874041106056568832
874041181893689344
874041182585843713
874041499977228289
874041728717774849
874041791238090755
874041808879321088
874041888944390144
874042089352433665
874042110386851840
874042163029585922
874042319242223616
874042456286744576
874042572137791489
874042622184173568
874042802451218432
874042820063055872
874043048744767489
874043073428410368
874043087387021313
874043093963739136
874043137185992704
874043159877124097
874043388496105472
874043717581144065
874043813899243521
874043860258873344
874043994468175872
874044606652067841
874044720812609537
874044890388332544
874044905596768257
874045428324544513
874045677067800576
874045763554291712
874045765945090048
874045809112862720
874045926515646464
874045944425218049
874046024020631552
874046083688800256
874046092429676548
874046200592437249
874046284507828224
874046392964198400
874046491756818433
874046569498148864
874046675190460420
874046707218206722
874046711022399488
874046880149327872
874046898008719360
874046933148545025
874046947233083396
874047028749324288
874047222656233472
874047300196237312
874047677784346624
874047710613176322
874047858990866438
874047883946971141
874048183734853633
874048288940601344
874048448974204932
874048606348738560
874049020272013312
874049082825859073
874049121056960517
874049363747766276
874049594434498560
874049612163809281
874049613854105601
874050064343339012
874050112321933313
874050462621863936
874050539805450240
874050769099554816
874050825236213762
874050933990281216
874051000415531008
874051139452493825
874051273116573696
874051311695794177
874051420919664640
874051465924542464
874051498233262081
874051507477458946
874051560871006208
874051702080626688
874051887686967302
874052046441390080
874052234497191936
874052284149313536
874052303241740289
874052341288316932
874052410444009472
874052492539158528
874052556976259072
874052756029493248
874052866180341760
874053483384754176
