963925837337776128
963925974801895424
963926742103678976
963926776295641088
963926864850046976
963926986572869638
963927538694225920
963927772161806338
963927775122948099
963927853833138176
963927855678685184
963927857431916544
963927914059362304
963928274140352512
963928373776080896
963928375571206144
963928531062480898
963929476240498689
963929478840897537
963929913760862208
963930135660584962
963930728584175616
963931162698833920
963931188153999361
963931426109493250
963931624185372672
963931625401720832
963931626974539776
963931627440152576
963931628207718400
963931628530626561
963931628790677504
963931629595983874
963931630539702274
963931660533280768
963931662714318849
963932292262629376
963932310780436480
963932425767268358
963932474249220103
963932703107239937
963932775962292224
963933053952372736
963933297196912640
963933411076435968
963933450469339136
963933744586510336
963933935410573312
963934971009396737
963935050558529536
963935401776828421
963935647483531264
963935656278941702
963935665883897857
963935872856084481
963936973546311681
963937160754843649
963937163615391745
963937166371016704
963937272776282112
963937461578686464
963937479102488576
963937569150062593
963937690336014336
963937707272622082
963938357750452226
963938583911559170
963938704296423424
963939270212882432
963939427105103874
963939496214528000
963939920820674560
963941675860201472
963942270549491713
963942782720241664
963942921287487490
963943320820047873
963943336343166976
963943507546312704
963943507546312704
963943507546312704
963943724936962048
963943726841135104
963943868487077888
963944444163776512
963945097220980736
963945490487365635
963945583797993473
963945841357664262
963945943937712128
963946350999166977
963946689617973248
963946967750541319
963947149472931840
963947259519012865
963947502264238080
963947506575945729
963947509679706113
963947512167051264
963947678936764422
963948188959952897
963948202306220032
963948385395978240
963949276798902272
963949283178409984
963950187654807552
963950555088543745
963950588240302080
963951324533612545
963951721943838720
963951945676451841
963952191256932352
963952191256932352
963953039651540993
963953306476294146
963953306476294146
963953306476294146
963953872992722945
963953872992722945
963953872992722945
963954116920795136
963954168938553344
963954372567814144
963956506843664384
963956506843664384
963956576980733952
963956506843664384
963956506843664384
963957558959595523
963957561203609600
963959144515432448
963959715247124480
963959833782255616
963959833782255616
963959833782255616
963960019032199168
963960951916695553
963962785649569793
963962834370613248
963963084191686656
963963085944905728
963963915125346305
963964862014672897
963965355537215488
963966132653838338
963967926914121728
963968822985273344
963969355804434432
963969664949788672
963970418133684224
963970450320748544
963970634064809984
963973197732466688
963973209988194310
963973239671345152
963976780028801025
963976822382891008
963977202583814144
963977257487339521
963978389563609088
963978581033521152
963979035163361280
963979392128036874
963979909902213121
963982515382964224
963982764558168066
963983022340091911
963983915139682304
963984908090839041
963984973677105152
963985463768961025
963986659195916289
963987039883587585
963990472359403520
963991293473910785
963991820643569664
963991951484903426
963993980387049473
963994473486340096
963998073537122306
963998151924477952
963998256572387328
963999952862175232
964000387316449281
964000389547872256
964001313473421312
964001337263435776
964001341659140097
964001882065817600
964002633496256512
964002635719221249
964002638302920704
964003291184140288
964003965947006976
964004523156045824
964004563580784642
964005234510041094
964005419764146176
964005732101353473
964005808303431680
964005885889703936
964006121441759232
964006345501544450
964006439386836992
964006489034842112
964006564339306496
964006662188290048
964006744966991877
964006825849970688
964006847324835840
964006942783008769
964007017231896576
964007178179883008
964007256252669952
964007312640835585
964007847704104961
964007893942104064
964007897851146240
964007935704752130
964007988863397888
964008085181345792
964008130282745856
964008171999199232
964008265658044416
964008385715859456
964008482885324800
964008496596488194
964008532482936832
964008609465192448
964008747440914433
964008811869691904
964008858732650496
964009018644713473
964009180762984448
964009262568673280
964009426528210944
964009537706582016
964009590257016832
964009796893663238
964009889583501312
964010798107578369
964010842126737408
964011247606878208
964014660914737152
964014784055250944
964015243348365312
964015648006340608
964015678645850113
964016284512935936
964016437525442560
964016997880225793
964017019577356288
964017083909537792
964017102570033152
964017132282503168
964017309013676032
964017947680411649
964018042048077824
964018381220470785
964018729624379393
964018731721547776
964018739862585344
964019661066121217
964019703516721152
964020864432918528
964020893646229504
964021139864514560
964021236207640576
964021403166093312
964021427648237568
964021480903331841
964021973214027776
964022252865032192
964022353876455424
964022442720153600
964022450777415680
964022614019764225
964022749835309057
964022752393887745
964022758718894080
964022761420029963
964022762921541632
964022764192452608
964023002202558464
964023049069608960
964023119261380609
964023272202559489
964023313763852288
964023748771958784
964023901050343424
964024290009059328
964024785419325440
964024847453052928
964025009248317440
964025062969040898
964025183072907269
964025566981689345
964025624397598726
964025671654756352
964025929541578752
964026094658752512
964026579377631238
964026701545136130
964026750907899904
964027049999511552
964027050226061314
964027127933874177
964027195177029632
964027225690595329
964027325280026625
964027512694169603
964027733260029952
964027829347323904
964028362569273344
964028768904994817
964028818624335872
964028939659366400
964029195667066881
964029341935030272
964029402337116161
964029403230547968
964029492976111616
964029553264988160
964029560017780736
964029561989197824
964029967343542274
964030115859529728
964030210948653056
964030273074745344
964030275633098752
964030275633098752
964030402913558528
964030433716588544
964030527471865856
964030569062502400
964030593314054144
964030651262488582
964030661999890433
964030710188306432
964030746527719424
964030779163492352
964030861837561856
964030875301240832
964031023767015424
964031033862574080
964031034382721024
964031065231974400
964031120332476417
964031308887482368
964031374515757056
964031453108547584
964031529298087937
964031530346696704
964031830528806913
964032118329397248
964032150902378496
964032154694012928
964032195261292544
964032226466975749
964032393035296768
964032488510246912
964032576678580224
964032587122593792
964032589181923328
964032692676251653
964032743813378048
964032950995124224
964033045375283200
964033046583287809
964033047845748738
964033300447748096
964033401186603008
964033576219144192
964033710348816385
964033952892665856
964033958118862848
964033969141551104
964033978314510341
964034018269384704
964034132648124416
964034248184344577
964034456825757696
964034490912866304
964034513776062465
964034560471261187
964034566494269442
964034618545537027
964034704247685120
964034705455591425
964034706600730624
964034733360500736
964034867594977281
964034889703141376
964034909886140416
964035098172641281
964035263092543489
964035276954882048
964035408647655424
964035592177750023
964035613744824320
964035614218833920
964035687166238720
964035863364755457
964035946357276674
964036043900182529
964036079417548800
964036199844384769
964036224716607491
964036283730485248
964036327552544768
964036656897642496
964036702120611840
964036825659723776
964036869938872320
964036902923001856
964037024314482688
964037127242768385
964037272961249280
964037379953655809
964037403525730304
964037652000530432
964037659797704705
964037728361992193
964037927440470016
964037933954224128
964038000664510464
964038254034120704
964038374238629888
964038513309175808
964038602694057984
964038691512635393
964038700605820928
964038706096148481
964038791970377728
964038909662515201
964038937089052672
964039004344733696
964039053640335360
964039097126932480
964039084665577472
964039101421903872
964039111999881216
964039136721203202
964039457207914496
964039544436940800
964039583020339202
964039754005254144
964039758400884736
964039767406075904
964039862449041409
964040073707651072
964040146424336385
964040201122312192
964040255887339521
964040330705358848
964040337202311169
964040471617163264
964040597555343360
964040880662482945
964040934345400320
964041042126401536
964041079682158593
964041251757658112
964041269189201920
964041287300190208
964041366060912641
964041366518026240
964041441008803841
964041468829716480
964041483681779713
964041529282256896
964041763269824512
964041813194665984
964041816336224256
964041822581424129
964041854193950720
964041971059838976
964042078153052160
964042156540334080
964042190723919872
964042336643641344
964042417086304256
964042669298257920
964042673597317120
964042786436714496
964042910588178432
964043211051331584
964043218127081473
964043220706578433
964043401002979328
964043425266962433
964043495622299649
964043678938476545
964043683698941952
964043701101191170
964043888704000002
964044122855231488
964044140970496001
964044175686754304
964044212256813056
964044236487262208
964044336261459969
964044626318503937
964044629908828160
964044693611794432
964044696656994304
964044699580461056
964044800528912384
964045211755319296
964045234756780032
964045577607630848
964045811423305728
964046116525367297
964046135915663360
964046153930199040
964046197664120832
964046199371177986
964046226286137344
964046232661479424
964046417416392704
964046440405307392
964046562740510721
964046621511180288
964046681049387009
964046698015227904
964046748095320064
964046758547525632
964046759914885120
964046769003945984
964046866496262144
964046903544631296
964046923731734528
964046995416481792
964047006862897153
964047050022248449
964047189113753600
964047214405406720
964047284659982336
964047412024266752
964047533248012288
964047732330696704
964047882834735104
964048049864658944
964048144475418624
964048165182889985
964048505064050689
964048589751283712
964048629513285633
964048635918012416
964048782278131713
964049176651812865
964049180225191937
964049187628183552
964049191063273472
964049268519723008
964049296168509440
964049294188740609
964049359691280384
964049400690552832
964049480151478273
964049491967070208
964049522853900288
964049543678570496
964049579980226561
964049770372362240
964049890870308864
964049891357052928
964050050660880384
964050068780343296
964050078913695744
964050159834468352
964050177773334528
964050180172468225
964050183532167168
964050204021481472
964050235977879552
964050327245873152
964050398205153280
964050518610993152
964050576362283009
964050664132313094
964050692209078272
964050696579534848
964050723905462272
964050735838179328
964050806067560448
964050843829002240
964051308692033536
964051573595877378
964051579367247873
964051683268616192
964051741623963648
964051742517268481
964051877947113475
964052024051556352
964052025825726465
964052084076134401
964052217589370880
964052265937068033
964052323675918337
964052322056916993
964052507713515521
964052648608649216
964052664601411584
964052813000134656
964052845329895424
964052939483635712
964052948459417600
964052984144498689
964053060082454529
964053097986355200
964053105833922560
964053118349664257
964053150004121601
964053156895383552
964053201166192641
964053271928279040
964053385526874112
964053399309254657
964053435464278016
964053516674371585
964053655417769985
964053705841631234
964053796216365056
964053817804324865
964053833776291841
964053848259166209
964053991024988160
964054043617308672
964054053562011648
964054065037611008
964054103310651392
964054177453412352
964054189864312832
964054572149944320
964054613732274176
964054693101129728
964054749820719104
964055034458755072
964055078620487680
964055157507002368
964055262297493509
964055300419608576
964055322666168321
964055337484603392
964055416643702784
964055490840944640
964055544423157761
964055704213577728
964055753337331712
964055829262594048
964055839941283841
964056089305206784
964056158947422208
964056199342821376
964056214744305664
964056224667963393
964056245517811712
964056252534984704
964056268733386752
964056374169792512
964056408848203776
964056642194165761
964056693054279682
964056709135138816
964056782585942016
964056825908908032
964056887506415616
964056977503608832
964057027818459136
964057178100256768
964057201865306112
964057767907610624
964057789738954753
964058011437273089
964058105700081664
964058206933839872
964058227007721472
964058246062501888
964058390178795520
964058597180280832
964058768081412096
964059058872430592
964059207828955136
964059227252842496
964059245170843649
964059267685933056
964059271607570432
964059292415520768
964059422841556992
964059475803066368
964059561039683584
964059568643944448
964059743877828608
964059770029305856
964059835967987712
964059849217765381
964059900178567168
964059903357800448
964060114096451584
964060374885720064
964060466573176832
964060552527011840
964060846249971712
964060845356584960
964060885496029184
964060956740472833
964061038768545792
964061085400748033
964061094619820033
964061173158174720
964061269526499328
964061422446661632
964061432198389761
964061435671302144
964061574620176384
964061702441590784
964061895807438848
964061909833125888
964061918527975425
964062095829499905
964062097599549440
964062112665530368
964062169443766272
964062198082523136
964062254059663360
964062258920910848
964062310934499329
964062355763204096
964062558431928321
964062569228009475
964062870488145920
964062882592952320
964062979540049921
964062981926596608
964063113359384576
964063238609612801
964063271971061760
964063292971823104
964063360886149121
964063507015766016
964063513051361280
964063514003410944
964063539613917184
964063642835673088
964063670211837952
964063682404679681
964063700616392704
964063877708374016
964064087222247424
964064140150038528
964064194621526016
964064302129872896
964064370362896384
964064482434658305
964064641688227840
964064735279775745
964064735820840961
964064816183889921
964064864225382400
964064903521820672
964064955698941952
964064967241732097
964065030764339200
964065034568519680
964065044362383360
964065077145096192
964065369282498562
964065381009842176
964065477516505089
964065667690434560
964065685193228288
964065740864348160
964065843066830848
964065996481990656
964066012084649986
964066013959434240
964066015838576640
964066025640783872
964066026525790209
964066030669746176
964066115692519424
964066120574668800
964066226912858112
964066269745033216
964066272060346369
964066411760029696
964066467791687680
964066479107747840
964066700818657280
964066907048632320
964066941626408960
964066956864315392
964067055321387009
964067190050783232
964067392900030464
964067473006956544
964067523950989313
964067537767010305
964067639407534080
964067725852270593
964067750158139392
964067884107431936
964067903984275456
964067910992920576
964067913220190208
964068020158164992
964068027112263680
964068140887035904
964068156494041088
964068206284541954
964068248147910656
964068304431255553
964068329299369984
964068346261131265
964068401441333248
964068511055273985
964068532232376320
964068603636142081
964068630215393280
964068720103608327
964068781155934210
964068822260043776
964068872700743680
964068891138904065
964069049570340864
964069049050288128
964069089135288320
964069136962916352
964069464504459265
964069540295598080
964069540706447361
964069547123838976
964069657375395840
964069686995402752
964069787361046530
964069815823556613
964069840561549313
964069855015120896
964069879602130945
964069885016977408
964069888875745281
964069970849206272
964070015308836864
964070018353958912
964070217931526144
964070496211005440
964070508210900993
964070530050641921
964070592977698816
964070611663441920
964070726595686400
964070745394569216
964070770749132800
964070818966892544
964070889800306688
964070934310195200
964070995597381632
964071052514091008
964071096617025536
964071097380560896
964071100975022080
964071153303261184
964071177017753600
964071209666273281
964071240599310336
964071244457967616
964071328906121216
964071336732712960
964071347306598400
964071374653480960
964071435328196610
964071470048608256
964071686357299200
964071727746646017
964071752065257472
964071753482948608
964071854737633280
964071887465861121
964071897632792576
964071918851837958
964071945112293376
964072041933692928
964072075785916416
964072173882302464
964072236536692737
964072316438241285
964072421966929922
964072425649590273
964072490627686400
964072537536811008
964072565697335296
964072575646228480
964072622488215552
964072629249495040
964072698535202816
964072738838208512
964072805162717185
964072808417505280
964072933424549888
964072970258911233
964073041083985920
964073094162845696
964073168993509376
964073187536498688
964073196294234112
964073398870650880
964073418512617472
964073491208261632
964073499114524672
964073507603865600
964073524808777728
964073613182816256
964073707881816064
964073710608179201
964073892120879104
964073894515757056
964074189551538176
964074218370551808
964074508138229760
964074548567117824
964074563171684352
964074583639896064
964074694277238784
964074704633061376
964074715110412288
964074795448111104
964074926427852800
964074930823417858
964074945537036288
964074969260019712
964074981763186688
964075033814601728
964075154258132992
964075201565806592
964075215759257600
964075228002422784
964075315600482305
964075391005745152
964075406864404482
964075523650580482
964075531359670272
964075594181902336
964075816396165120
964075818174636033
964075852702117888
964075900919742465
964075922570784769
964075991177064450
964076024777641985
964076034638401536
964076043970797569
964076080620605440
964076132529266688
964076134999773184
964076238519390209
964076275156619264
964076474092478464
964076531286003712
964076582158598144
964076647849787392
964076650408349698
964076687800569856
964076716397355010
964076749767299073
964076767643422720
964076828334977024
964076943565053952
964076999659618304
964077016034283520
964077041074278402
964077339457064960
964077414203777025
964077418146422784
964077428904574976
964077437469458432
964077460617859073
964077464338227200
964077491626364930
964077615517663237
964077642784952321
964077710967558144
964077736481476608
964077747097292800
964077822645035008
964077830828158976
964077844266717184
964078013259419648
964078126950240256
964078132662816771
964078243212128259
964078276066017280
964078340461219840
964078344915611653
964078363764756480
964078386846060544
964078508673728512
964078568316854273
964078608829632512
964078644225363969
964078770163535873
964078809430593536
964078837800865792
964078844822147072
964078856905854977
964078891261480960
964078905744388096
964078948153004032
964079003559751680
964079022014578688
964079208132677632
964079406363930624
964079446079803392
964079504036687873
964079614585917440
964079680956567552
964079685620641792
964079844006023168
964079905255370752
964079936968515584
964080063464517632
964080082900877312
964080213004095488
964080375294197760
964080494248890368
964080534300299264
964080565313069056
964080633072021506
964080660725096448
964080668132208640
964080751628161024
964080805818626048
964080814412660736
964080890585509888
964080892514897925
964080894695952384
964080955265712129
964081003710091264
964081083666059264
964081187185659904
964081233234989056
964081285093261312
964081285630226432
964081472545140736
964081490974986241
964081526106476544
964081541218553856
964081548059447296
964081565583200256
964081579382390785
964081600924438528
964081771397730304
964081852880441344
964081861923192833
964081870643310592
964082034691002368
964082049488474112
964082097072803840
964082116492451841
964082168430579712
964082203482382336
964082236520878080
964082244221526017
964082263381114880
964082313398243328
964082325968642048
964082367764881408
964082402598453248
964082412471881728
964082422198538245
964082523562180608
964082653774467072
964082659432558597
964082669813460992
964082724796534785
964082783940431872
964082820187611136
964082831852032000
964082972440788992
964082979227172865
964083036328529921
964083088061030400
964083089809928192
964083100451069952
964083241820016640
964083250070159360
964083257099935745
964083342818906112
964083356613799936
964083368077021184
964083389140754432
964083390751432704
964083446682390528
964083500675715072
964083525057220609
964083558175399938
964083601439535104
964083617898037249
964083630250381312
964083633467387904
964083671270592513
964083878595125248
964083982089555968
964083989039415302
964084080030703616
964084156153114624
964084165447733249
964084183709683713
964084196821143553
964084252286554112
964084265268011008
964084310272864257
964084322025328640
964084398642597888
964084433774170113
964084503068233728
964084539546066944
964084615773384704
964084620668043264
964084630252027905
964084827149492224
964084828533678082
964084890479230976
964085100320296962
964085254217715712
964085351336865792
964085367774351360
964085439803117568
964085562473959424
964085563488919552
964085618329509888
964085624146980864
964085640991248385
964085665095995392
964085723015065600
964085845958451200
964085849481797632
964085871384252416
964085944436645888
964086004259762177
964086047595466752
964086053450780673
964086061218582528
964086098149498880
964086172615135232
964086175135920128
964086304484003841
964086372935127040
964086473531232258
964086500542558209
964086617236475905
964086620432498688
964086912494587905
964086940437045248
964087016223801344
964087054270418945
964087061413326848
964087094070206465
964087104417468418
964087200035065857
964087245266472960
964087347213209600
964087389709795328
964087580143779840
964087585361539072
964087717909991424
964087719268843520
964087727590461440
964087765049729024
964087856015855617
964088010361982976
964088039088717824
964088172073443328
964088237777145857
964088261844008960
964088366647205888
964088369495015424
964088490177699840
964088675758944257
964088865798619136
964088907313885184
964088920236584960
964088933897392129
964089025022840832
964089054814928898
964089111853391873
964089137669267456
964089189057773568
964089261892005888
964089269479342080
964089280619536384
964089337221668864
964089471930130432
964089512262594561
964089653753274368
964089776298233857
964089811656167424
964089881248129024
964089925569310720
964089981256925184
964090017915301894
964090076413284354
964090090757685249
964090270248787968
964090371440562177
964090402822328320
964090464520503296
964090543717470209
964090544359198720
964090641297928193
964090762559475712
964090814665248769
964090847028482049
964090960824152064
964091020521672704
964091024845963265
964091098892259331
964091122137161728
964091139124023297
964091139979644928
964091154278047745
964091335740481536
964091375162675200
964091381336760320
964091402673061888
964091585699958784
964091588329857025
964091651332431872
964091766315143169
964091894925012992
964091924696190977
964092109795061760
964092231715090433
964092256310439937
964092286006018048
964092300690325504
964092352116805632
964092356214558720
964092501803130880
964092517795889153
964092686222360576
964092687187095554
964092801943130113
964093039017975809
964093044264984577
964093144756293632
964093249567764480
964093296891936769
964093325430149120
964093428102549504
964093443420147712
964093496926916609
964093509761421312
964093667714662400
964093735213633537
964093743010893824
964093773201465344
964093787738988544
964093849063821314
964093935319732224
964093968068874241
964093973160759296
964094172381831168
964094205902639104
964094223850135553
964094296268951552
964094307023155200
964094354087399424
964094376262688768
964094426598592512
964094463919427586
964094502586773504
964094525760327680
964094537202323457
964094739913039872
964094860398661632
964094861526929408
964094935329853442
964094967642718213
964095027151503361
964095036588732418
964095061880426496
964095104549113856
964095159351824385
964095209775644673
964095214230089729
964095289572364290
964095288813215744
964095373634449408
964095436280737797
964095534507134977
964095558385324033
964095588064219136
964095636915343360
964095646822170624
964095705320185856
964095712052039681
964095804536381440
964095948149452802
964095980940484608
964096004386631681
964096011827318784
964096023143550979
964096182082506757
964096182275407872
964096202693337088
964096306561024000
964096347883343872
964096473221693440
964096521703710721
964096564196204545
964096568331849729
964096574358990848
964096618554429442
964096640176009216
964096741464334336
964096740474478592
964096772778971136
964096829179744257
964096931843792897
964097010772127745
964097015742377984
964097042149670913
964097209145970688
964097277831852032
964097295527632896
964097350129127424
964097358555475968
964097479930253313
964097512368992256
964097620263268352
964097688441708545
964097726534291456
964097726748217349
964097801952092160
964097834940321793
964097961830608896
964098015723110402
964098041866346496
964098067996839938
964098105607163905
964098127228755968
964098228709941248
964098231662792704
964098231822143488
964098318564515845
964098414865661952
964098428820230144
964098439461052416
964098439632965633
964098440329289728
964098450257309697
964098481421017088
964098581727727616
964098591550820352
964098611830288384
964098637159649280
964098882203418624
964098957331877888
964099000197681152
964099107127250944
964099167080640519
964099204539932672
964099262899478528
964099383531892736
964099458576322560
964099485923094528
964099502750818305
964099556848922624
964099586578100224
964099595767869441
964099605548945408
964099788290625536
964099858117332992
964099890799435776
964099902161768449
964099940518576128
964100026896142337
964100052963782656
964100086354628608
964100102104199169
964100122463305728
964100295713320960
964100355805057024
964100377741348864
964100386717159425
964100403955732480
964100435643641862
964100467981725697
964100615168241664
964100624932630528
964100634193678337
964100638870245376
964100644226334723
964100834056433664
964100994408812544
964101019436273665
964101206468710400
964101228044148736
964101363767627778
964101374907748353
964101381605994496
964101642072281088
964101802835800065
964101823723462656
964101887246110720
964101920699936769
964101948529102848
964101954581524480
964102035523211265
964102078107996160
964102161033547776
964102164275761152
964102189764530176
964102233645289472
964102324468813824
964102433608695808
964102450323083264
964102719765143552
964102754103955456
964102755815247872
964102757907968001
964102762907750403
964102797498245121
964102844965097472
964102865164951552
964102874438492160
964102901445595136
964102930528915456
964103002809397248
964103381898944512
964103422688530432
964103513382051841
964103546860900352
964103683918188544
964103708769386496
964103763853303808
964103764746690560
964103767779086336
964103812125470730
964103860120846338
964103887014825984
964103964118671360
964104007781376000
964104036361428993
964104036973727744
964104101276667904
964104214019534848
964104342222655489
964104402964492294
964104548922068992
964104868645474304
964104890980200448
964104965110288385
964104983795916800
964105006248091654
964105126855274496
964105246371995648
964105267003699201
964105324763471872
964105527188951040
964105567013875712
964105667593359365
964105733439676417
964105780793405440
964105787382607874
964105842156097536
964105847084371969
964105925287206915
964105956761186306
964105972775038977
964106020099371008
964106100915269633
964106222881464321
964106245291565057
964106264421851136
964106634044887040
964106762856095744
964106815289151488
964106883530452992
964106927889420289
964107031576825858
964107191321063424
964107194768805890
964107225143922689
964107296002408448
964107298003144704
964107332903989248
964107339933667333
964107387580841985
964107497794621440
964107770210299904
964107809506889728
964107819552247808
964107919699607553
964107923852087296
964107949189861376
964107959868502018
964107962791989248
964108057797169152
964108219797901312
964108222008348673
964108231667847170
964108263154421760
964108383912710144
964108434814787584
964108460039262208
964108493656674304
964108501902651392
964108501655093253
964108522282782720
964108571347701760
964108598505852928
964108606303072257
964108763929169920
964108842232680450
964108933911732224
964108971924652037
964109005592367104
964109080737583104
964109113549520897
964109200833081345
964109204242907138
964109264766820352
964109412704112640
964109514856427520
964109687728852992
964109836047831041
964109837545156608
964110099026411520
964110156782071808
964110166894501888
964110227321827329
964110302462775296
964110318476636161
964110378635530241
964110387896639488
964110518461108224
964110571145752577
964110711428395011
964110728998383616
964110763689463809
964110848179531778
964110917217718272
964110926122307584
964110997249282050
964111109350404097
964111160265068544
964111209866907648
964111220809850881
964111310907760640
964111449621753857
964111494454611968
964111598825635841
964111609437327360
964111627221159936
964111974651998210
964111996907130880
964112087848022016
964112096848949248
964112116478304256
964112115509485568
964112232849256454
964112249110528000
964112308145410048
964112320426336258
964112373010321408
964112381822554112
964112408380833797
964112427888586753
964112448398782464
964112524609277953
964112606679232518
964112662509563907
964112675776139264
964112731623383040
964112733649227776
964112754595565569
964112774220713984
964112785780207616
964112797264211973
964112905145856001
964112936942952448
964112942835748864
964112970467995649
964112973827538945
964112985181577216
964112987689816064
964113004290654208
964113083315601408
964113084884312064
964113087744811010
964113142526742528
964113142912561153
964113176903213057
964113219416502273
964113236714049541
964113392607907845
964113431820455936
964113487676039170
964113527668604929
964113542482939904
964113646820487168
964113709047132160
964113717842579457
964113799199510528
964113853121466368
964114031060705280
964114105211785216
964114141840576514
964114145430966272
964114223256276992
964114486331363328
964114539347369984
964114550655193088
964114596100325376
964114597668995072
964114624432910337
964114624680411136
964114626693578752
964114627381489666
964114639486357505
964114956022157312
964115076310536192
964115136272371717
964115189363863553
964115280321327105
964115282401701888
964115347392647168
964115459443392512
964115523029127168
964115536471760896
964115727799259137
964115824922578944
964115847320088577
964115908955398146
964115925929725952
964115951041081344
964115984264105984
964116083119677440
964116207841497089
964116310098632709
964116467632562177
964116510955450368
964116538902052864
964116558586007555
964116594724167681
964116599639855104
964116612726042624
964116628873949185
964116635056472065
964116639645163520
964116660780224512
964116779952951297
964116785141202946
964116851549786112
964116865881604097
964116882906370050
964116937717571585
964116988439203840
964117009125527552
964117019833507840
964117044991021057
964117052112932865
964117120094269441
964117196279631873
964117198800334850
964117228366041088
964117258091024384
964117299438538752
964117300210266115
964117301489528833
964117372838825990
964117388584243200
964117417977896961
964117429252165632
964117434608254982
964117478753423360
964117496251985920
964117512307736576
964117530456576000
964117592125227009
964117651604819968
964117653253230592
964117736778555392
964117758127599617
964117777312305152
964117951044636678
964117959244427264
964118047907811328
964118134843236352
964118155877601280
964118194570125313
964118245128261632
964118250555609088
964118290988756992
964118321628147713
964118325545627648
964118375667589120
964118436761792513
964118500867493888
964118509683912709
964118544899366913
964118694036213760
964118704811323392
964118728823668738
964118761346387970
964118766840897536
964118780778512384
964118865281257472
964118878837198848
964118882788302850
964118898760134657
964118940610957312
964118942007681029
964118950937231363
964118954120658944
964119017475792897
964119068923121669
964119164221886465
964119212758327297
964119228126244864
964119252130246657
964119293368717312
964119310535942144
964119347110301696
964119377997115392
964119461312778240
964119476982767617
964119513242402816
964119515834482689
964119516837044226
964119526144139264
964119524697100290
964119536319463424
964119568632500224
964119676891656192
964119680012099584
964119680590974976
964119713918935040
964119735674777600
964119761905967104
964119779576606721
964119798375428101
964119801458290694
964119852523933696
964119908140404736
964119962368520193
964120048733425664
964120070329946117
964120118732251136
964120138650980352
964120141213720577
964120213242474497
964120322390872064
964120390669946881
964120466100314112
964120529530736640
964120598262767616
964120625810993153
964120687467204608
964120735659778048
964120746699231232
964120804505112576
964120806950391810
964120852588650497
964120871282663424
964120877234352128
964120894774923264
964120995245240320
964121107623305216
964121114606751744
964121142238826496
964121151671808000
964121169329819649
964121211583303680
964121290792677376
964121306961776640
964121325160882177
964121357326999552
964121398464704514
964121410003124224
964121434833514496
964121572771618817
964121585333493761
964121623287816193
964121710424395778
964121778271473664
964121784047071232
964121833040678913
964121871099756544
964121882999054336
964121920072495104
964122055506620416
964122086586404864
964122104193982466
964122114453274624
964122179620212737
964122184959561728
964122212683911173
964122219277250560
964122247827984384
964122306724315137
964122335866425346
964122373061529600
964122376219906048
964122384616783872
964122493953945600
964122598039801857
964122599096836096
964122632730890241
964122657770926080
964122660576866304
964122678901854208
964122769788145665
964123079134924801
964123099707990018
964123105919754240
964123197342920705
964123263176708096
964123343824834560
964123370416693249
964123472027938816
964123484564705280
964123678710685697
964123679436300288
964123683446054912
964123743768514560
964123805454135297
964123821673472000
964123836160643073
964123847271305217
964123943325061121
964123982277562368
964123997943336960
964124071024889857
964124195784417289
964124201400627202
964124209143218177
964124303481589760
964124404673368064
964124450877837313
964124520763314177
964124523409887237
964124527587483648
964124533031624704
964124544146518017
964124544398176256
964124574987235328
964124591764406272
964124615713984513
964124627005042689
964124661889028102
964124686803193861
964124698996084737
964124829271064576
964124859117776896
964124859507896321
964124863785967617
964125081189351430
964125096804839424
964125187271745537
964125199259066368
964125214077603840
964125223892242433
964125224995311622
964125242674307072
964125258361040898
964125366242734080
964125461453377536
964125474355019777
964125549663866880
964125591611039744
964125670967136256
964125739091152897
964125849988534274
964125929286066176
964125970528722944
964126068365029377
964126101118291968
964126110865940480
964126119015395328
964126152666251264
964126242441256960
964126247528943616
964126370556268544
964126410850947072
964126492295942145
964126509307801600
964126571706667008
964126657664765952
964126738409250816
964126739810144256
964126758994956288
964126798731759616
964126926477635584
964126927274545153
964126988331044865
964126999357853699
964127052839387137
964127085441712128
964127087689912320
964127099203223557
964127130945810433
964127212856279040
964127235342061574
964127235551780864
964127511289397248
964127516876333056
964127532873388032
964127623092822017
964127623705178112
964127644647329792
964127675798482944
964127685826969601
964127705536106496
964127716739026944
964127783483072512
964127791158644736
964127846565339136
964127880052539392
964127945043398657
964127980523020294
964127981043101696
964128059153698816
964128196210974720
964128228871954438
964128234475573248
964128252179689472
964128298514239488
964128319062061056
964128339442192384
964128378856071168
964128410980241408
964128555339788288
964128685799469056
964128807727878144
964128922056167427
964128937013071872
964128973612515328
964128996152827904
964129064947724289
964129068391297024
964129070903541760
964129072258342913
964129074456150017
964129089555660806
964129136225562625
964129297773494273
964129307420479488
964129355910864897
964129369127030784
964129376739655680
964129438081437696
964129461733150721
964129624488857601
964129626015584257
964129663680434177
964129674631827456
964129711927562240
964129733708525569
964129761189560321
964129774141657090
964129818974580736
964129857121718272
964129923001716737
964129972624478208
964130035266412545
964130109908226048
964130116908535808
964130119563595776
964130177122004992
964130197174972416
964130361423880194
964130363030360064
964130490671337473
964130553766338560
964130614545874946
964130667285000194
964130667578757125
964130710171934721
964130738793742336
964130747807420417
964130782385201152
964130836210683904
964130910458335233
964131081283915781
964131168496111617
964131221986074624
964131240931717121
964131254743552000
964131316198526976
964131373186461696
964131480980086784
964131664162156549
964131700707069953
964131884727918592
964131906114768898
964131918349553664
964131938599661568
964131939811721216
964131987635298307
964132099245707265
964132117755170817
964132142350401537
964132302401015809
964132460853387265
964132597277261829
964132617582010368
964132626511683584
964132670740619266
964132718266273793
964132816777859073
964132890157207552
964133141358219265
964133275575996416
964133294194470913
964133413572792320
964133616606498816
964133718255382529
964133825117872129
964133827881861122
964133858433294337
964134136536584198
964134148364537856
964134170200084480
964134243751272449
964134439105286144
964134484525355008
964134660161855489
964134781343686656
964134959366725632
964135031026470912
964135084549910529
964135106335203328
964135211633205249
964135714400194560
964135740929183744
964135794645577728
964135897544450048
964135965060141057
964135969942331392
964136011692433408
964136026301231109
964136111353184258
964136138540756993
964136163454922752
964136221898432512
964136302101843969
964136357084966912
964136411673907205
964136447015038977
964136470394101762
964136677005504512
964136814700216322
964136835646656512
964136872523034625
964136886087319555
964136886649442306
964136906312310789
964136909105762306
964136913652342784
964136966915788801
964137061413539840
964137205403971584
964137232662716417
964137236374740992
964137266850525184
964137298500685825
964137394109894657
964137459855523840
964137506252914689
964137759404421123
964137883568410624
964138025407123456
964138052099739649
964138080088322048
964138123939729409
964138131724349442
964138146001801216
964138163022295041
964138213634990080
964138261982695425
964138354471309312
964138354878156800
964138372691185665
964138525607243776
964138593139781634
964138599934513153
964138634218737667
964138743035846657
964138843917246464
964138903916695553
964139109395681280
964139152911618049
964139623499948032
964139626335121408
964139656290893824
964139925720522752
964140032603901953
964140042217246720
964140183263342592
964140267195559941
964140286480969733
964140287466590210
964140339417272321
964140389392203776
964140394345836544
964140436947390464
964140632662073344
964140728153722880
964140791865249794
964141013827817473
964141032844812289
964141043619979264
964141104097648640
964141162125774848
964141219902312448
964141314697768960
964141327037452288
964141331378524160
964141347732185088
964141395270426624
964141439352475653
964141459711627265
964141476685983745
964141522558976000
964141612539498496
964141634534375425
964141843754647557
964141880039563264
964141980816232448
964141988479143938
964142006246281218
964142019852587008
964142025540100103
964142049070059522
964142118448050176
964142136328417281
964142254754582529
964142321024552965
964142476922687489
964142602080702464
964142653481865219
964142663862714368
964142699216556032
964142932981895170
964142939189530626
964142989491785728
964142997863587840
964143052825784320
964143196682047488
964143292089864194
964143489977077760
964143718868627456
964143777882533888
964143867833606145
964143913228529665
964143986079354880
964144141918703616
964144205898625024
964144282671243264
964144518592417792
964144553908408321
964144647370084352
964144655192371200
964144657323106305
964144699018792961
964144828710825985
964144888861339651
964144967240298496
964145372204552194
964145402823036928
964145421437358081
964145435387469824
964145464059875329
964145492480413696
964145498469920769
964145520724848641
964145550001168385
964145624340983808
964145716951224321
964145775113658368
964145779828027392
964145817769725953
964145881309212673
964145997613076480
964146046434725888
964146095147421696
964146153347584001
964146167956242432
964146270960062464
964146300785778688
964146387725307905
964146438451195904
964146456373399552
964146497586593792
964146502552735744
964146507707568128
964146571255349248
964146597163618311
964146665799200769
964146698527309824
964146713945628672
964146716747460608
964146776004616193
964146822351552513
964146834301124613
964146875967426561
964146875971579904
964146935274799105
964146989414998017
964146992363524097
964147009165910016
964147051842949121
964147130108694529
964147173708484608
964147188824715265
964147260480204800
964147305283751937
964147344303443968
964147370618511361
964147425077334018
964147446644465665
964147451656581120
964147451421757440
964147477548068864
964147478831517701
964147546414346240
964147559840264195
964147597416919040
964147700664029186
964147773024227328
964147830461009920
964147968390529025
964148008366600193
964148055695155200
964148092076544001
964148100687454208
964148133772103680
964148218971017216
964148221474897920
964148289040941056
964148296527826944
964148397195350017
964148483908349953
964148516389040129
964148524274409473
964148599239127041
964148618709094400
964148657279918081
964148770941390853
964148781657837568
964148785000734720
964148856832356353
964148965364109312
964148991905665027
964149044477136896
964149049195683841
964149053536849920
964149056196005889
964149241449996288
964149308282015744
964149314384814085
964149339714187265
964149349218480128
964149520710844419
964149669705273344
964149677653454849
964149739766689792
964149764685213697
964149771253506048
964149856116920320
964149875050008576
964150065026789376
964150094701518849
964150131154186240
964150132819288065
964150159440531456
964150202314653696
964150400650809345
964150426403856384
964150431344660481
964150482632658944
964150499036581888
964150519102169088
964150590568886277
964150619765460994
964150630897025024
964150638505615360
964150728775405571
964150796916011008
964150956572184576
964151027044896769
964151029469245440
964151069277392897
964151190715076608
964151342834028548
964151375939633152
964151407057297413
964151514427285506
964151575122935808
964151718073241601
964151785194770432
964151813229379585
964152081161621505
964152133917528064
964152322111754246
964152328122195970
964152331473440768
964152332018647042
964152380056068096
964152464185405441
964152477657464833
964152556397133824
964152645702176768
964152647312969729
964152647992463362
964152713092194305
964152788258295809
964152882428809216
964152933137960960
964152955170709504
964152961327808513
964152965832437761
964152973814190083
964153157713629184
964153266081816577
964153275095441408
964153326723108865
964153358629199873
964153463348383746
964153514040659968
964153515328397315
964153559469182976
964153676171546624
964154001423060992
964154034386071552
964154136227966977
964154142167052290
964154150635343872
964154152497680384
964154203726860290
964154412628365312
964154418185867264
964154438960087040
964154527397171202
964154558292414464
964154773795729410
964154954159198208
964155005749080065
964155042789036032
964155105707810816
964155127094538240
964155142596644864
964155156093947906
964155183956676611
964155186418802690
964155210275926017
964155234326073346
964155236158976000
964155239065636864
964155313892085760
964155387883786240
964155424428740610
964155499276111873
964155563662872576
964155579525722113
964155606998200321
964155642318675969
964155685398306817
964155740146499584
964155776972591104
964155809151225856
964155852721664000
964155956010672128
964156184105189376
964156332805849090
964156443158081536
964156465987637249
964156493598687232
964156493749727237
964156554848210945
964156567041036289
964156579162542080
964156616215064576
964156668518035456
964156787707478016
964156819336724480
964156850219442176
964156854958985217
964156907773624320
964156921421975552
964156979571843073
964157040129183744
964157074786660353
964157172601913344
964157184757190657
964157568217214982
964157622168539136
964157641810497538
964157645664997379
964157744138932224
964157846572224513
964157849982111744
964158023588597760
964158049291309056
964158064466321408
964158171874054147
964158242292162561
964158303122096129
964158339562209281
964158407325503488
964158487314886656
964158525499994113
964158559142531072
964158563651289088
964158596400537600
964158642282029057
964158675811217412
964158711014051840
964158921979105280
964158975230009345
964158991701102592
964159030863294464
964159046931578882
964159168147066880
964159462780096512
964159473693745155
964159493230784512
964159574881251328
964159780410527744
964159820055052288
964159828322144256
964159843673264129
964159846215049218
964159878284660738
964159888510287872
964160091074301953
964160196233789440
964160226013466624
964160261325193217
964160302475632640
964160372990201859
964160399313637377
964160465881501696
964160658341232642
964160687445610497
964160732446195712
964160763974832128
964160795155279873
964160869100797953
964160948184510465
964160964361768960
964161048134766593
964161256671281158
964161278326530048
964161304176070657
964161310186508289
964161345129238528
964161436489535490
964161466931740674
964161495373438976
964161528650960898
964161634884358144
964161653930692608
964161678144360448
964161692056850432
964161861292908549
964161887352098819
964161922257088513
964161923586674689
964161944415539200
964161998098501633
964162017748766720
964162054545436672
964162091673444353
964162302554660864
964162394233757697
964162387216609285
964162453302112258
964162486898438145
964162711843205121
964162727001419776
964162748132282369
964162811105603584
964162838964170752
964162927891709952
964163024734052357
964163046527598593
964163142338084865
964163204241903616
964163281689677824
964163296252321793
964163307509895169
964163323452444673
964163434152648706
964163763514564608
964163771680870400
964163777544511489
964163844489842688
964163911942639619
964163943982911488
964163996512382976
964164184618528768
964164212938375169
964164213928230912
964164237361909761
964164262682943488
964164351077822465
964164415888265217
964164647715852288
964164668762787842
964164711037259777
964164787356733440
964164795875430401
964164866662633472
964164877848924162
964164949865050112
964165174394580992
964165228358496256
964165248742719488
964165269693353984
964165297296019458
964165325813178368
964165377612828677
964165428032495616
964165669033037824
964165722577473537
964165797680746498
964165821529378816
964165880253841408
964165880086126592
964166003423891456
964166008025112576
964166068813094912
964166084160118785
964166090258399234
964166119941484544
964166168868196352
964166202233778176
964166212375658496
964166215064326144
964166342478725125
964166362305388544
964166440470315008
964166448452132864
964166540810702849
964166588407705600
964166617574858752
964166686025945088
964166688332804097
964166741164249089
964166843790450689
964166872236265474
964166967987986432
964167033343668226
964167071855726593
964167162188500992
964167183709409280
964167210649489410
964167220837453826
964167426907758592
964167429474709510
964167431345377286
964167435749388289
964167443643076608
964167448823058432
964167505425190913
964167522437226497
964167577353244672
964167627240300544
964167722920808448
964167831234412544
964167885097709569
964167903624007680
964167904378916865
964167944442966016
964167985844940800
964168002454327296
964168042837106688
964168174626369536
964168244927062016
964168269698650112
964168291152523264
964168426724970496
964168462925905921
964168539061018624
964168589963128832
964168606090170369
964168691725238272
964168806154334210
964168828828749825
964168948693520384
964168988401061888
964169042415284224
964169058265550849
964169122337697797
964169152931008518
964169169418768384
964169211219206147
964169223361650688
964169227774001157
964169230261174272
964169246765875200
964169267196448768
964169293909975040
964169328894595072
964169340131127301
964169362948096001
964169426357706752
964169514442162177
964169578963140608
964169644394385408
964169653818941440
964169668943667202
964169733141614595
964169786476453888
964169850464583680
964169855049101314
964169861093036033
964169875341049858
964169940264734721
964169983109615617
964170003229667329
964170121525780480
964170254841712641
964170315248160768
964170332960624640
964170404418945024
964170478255517701
964170479966806017
964170551194456065
964170626113114113
964170703309287425
964170732984029185
964170788537618438
964170796380901376
964170807592341505
964170809769111552
964170827523649536
964170837573193729
964171081639714816
964171104905555968
964171147762905088
964171153270034433
964171193657057283
964171225370161158
964171270760919042
964171347231420426
964171428252729345
964171500445143040
964171681056088064
964171736295059461
964171738367123456
964171758675939329
964171845552562176
964172002088144897
964172025286840321
964172034832990208
964172078617387009
964172094564130819
964172200235462656
964172258301435904
964172389146923008
964172391021760512
964172456712798208
964172521733001217
964172642218659841
964172826986143744
964172839350947841
964172933496262656
964173020397912064
964173112240730112
964173118007840776
964173206646132736
964173273171922945
964173299650621442
964173352633098243
964173363420778496
964173499580518400
964173555599663104
964173607487397891
964173619164319746
964173625950687234
964173792552550402
964174041409114112
964174043825033216
964174097696600064
964174117829308417
964174127404912640
964174153132716032
964174213526511618
964174234162429953
964174365238677505
964174385799196672
964174543878225921
964174652468858882
964174710119464960
964174737244114946
964174795045834752
964174867838001152
964174894220152832
964174908455575552
964174913413279744
964174951988285441
964174967104524289
964174969075838977
964174971143688192
964174974352281607
964174981927141376
964175014219173890
964175102156951552
964175205596782593
964175369124352000
964175386446876675
964175406613098496
964175519649554432
964175520324816897
964175598301179906
964175642513338368
964175687543386112
964175708204556289
964175733584269313
964176084421021698
964176130889670658
964176216877096960
964176225089531911
964176271021367296
964176343922593797
964176412663078913
964176561091104772
964176572059148288
964176574256959488
964176619844919297
964176626056605697
964176642917781505
964176849873010689
964177021478809601
964177039950581761
964177059684802560
964177229755375616
964177353411825665
964177389877067776
964177411410681856
964177419618971648
964177607075024901
964177663245082624
964177689065263105
964177934129954817
964177961736986624
964178130012397568
964178139864854530
964178152225492992
964178193447047170
964178266994237445
964178268734869506
964178315757187073
964178356878135298
964178469893615619
964178469201633286
964178523882770432
964178551086960640
964178682305761281
964178698554499072
964178929140592641
964178955577290752
964178960371408898
964179080135499776
964179079820955649
964179107595603968
964179334914338816
964179430649335808
964179639781519360
964179743762534400
964179753614954502
964179890479288320
964179944199933952
964179949723807744
964180041214160897
964180058993766402
964180060881281024
964180088265768961
964180092640530432
964180135971733507
964180181794590720
964180202946465792
964180210315923456
964180287839186947
964180404214358018
964180405170720768
964180428503633920
964180433549365248
964180437986836480
964180442424291329
964180488637304832
964180494656180225
964180584959561733
964180606228758528
964180638013296640
964180655470006272
964180777935298560
964180802639749121
964180816942288896
964180853604737024
964180855882158080
964180862194585601
964180921330135041
964180990624231425
964181077244960768
964181267452489728
964181269956513792
964181329393922048
964181342224252928
964181391561904140
964181405512163328
964181446549278721
964181450429001729
964181456129060864
964181475997487104
964181571195625472
964181605874065408
964181636299534336
964181696701714434
964181708676521984
964181873441296384
964181967465078784
964182018480160768
964182052366143488
964182071529951232
964182086218330112
964182228388470784
964182260982349829
964182376761970690
964182473331572737
964182483745959942
964182639681949697
964182692777615361
964182915423920128
964182924215181313
964182958016954368
964183054364356615
964183071120658432
964183082663366657
964183083540013059
964183119522942976
964183364919091200
964183367381024770
964183396992811009
964183502295093249
964183529209913344
964183570297315329
964183682583007232
964183879182675969
964183882986909697
964183883213352962
964183993422893059
964184079364222977
964184115976302593
964184123408560129
964184137975377920
964184201854640128
964184202701885441
964184279608692737
964184297216380928
964184355521343488
964184405093863424
964184440653209600
964184455849136129
964184468515885056
964184472689299458
964184502196166656
964184504247218176
964184586497527808
964184596433776645
964184612158177280
964184622019080192
964184631921790977
964184672489029632
964184712842539008
964184952613974016
964184977972842498
964185011653050368
964185030879858688
964185055303229440
964185066644561920
964185069005938688
964185085372174336
964185093324632069
964185096256356352
964185157291925504
964185214313525249
964185347931492352
964185435001049093
964185497525465090
964185625825071109
964185697170190336
964185977085480960
964186008395943936
964186090491047936
964186187907858433
964186230375288832
964186280471953408
964186415058882561
964186454942535680
964186471916883969
964186481010061313
964186510198177793
964186561171648512
964186595124568064
964186596923854849
964186623578660866
964186668826808320
964186667841179650
964186718445494274
964186734236971011
964186786955227137
964186797348737024
964186834250227713
964186926013140999
964187074164412417
964187494161027072
964187593326891008
964187712155738117
964187737166417920
964187917005524993
964187946709606400
964187964694781957
964187963373518848
964187970684276737
964187987310530560
964188047750385665
964188061583200256
964188213450559488
964188420456271872
964188488135593984
964188507546800128
964188527117455360
964188559870713856
964188800678318081
964188834006228993
964188842545811456
964188970061107204
964188986813149186
964189020195573760
964189120363933697
964189200835805184
964189272105537540
964189475982192640
964189488258928640
964189691745587203
964189805637611520
964189821278277632
964189822163341313
964189894842175491
964189892547895297
964189980070473728
964190021677920258
964190077009170432
964190092351832064
964190170831577088
964190174157697024
964190354562887680
964190371973607427
964190388746686464
964190497764933637
964190558095802369
964190655051427840
964190758558461953
964190849620946944
964190954449244161
964190972430241792
964191016541671424
964191123403980800
964191145508114433
964191194183032835
964191204043841536
964191256648830978
964191363855273985
964191369433579522
964191388953989122
964191449481973760
964191553274171392
964191637172838401
964191876713762816
964191887161745410
964191894292107264
964192019391410176
964192028719448066
964192082536615936
964192160110268418
964192172353425408
964192221246484480
964192247548989440
964192359964700672
964192411235815424
964192425353805826
964192464969093120
964192502394839040
964192588197781506
964192592446488577
964192793089409024
964192843416915968
964193000854343681
964193226130411520
964193339338829829
964193488060510214
964193592230195200
964193703274442752
964193837693333506
964193917406236672
964193915409707009
964193952088850434
964194007130701824
964194012612657152
964194187888472065
964194191826964480
964194190379880448
964194208251826176
964194326132789248
964194362526699522
964194464322420739
964194469255041024
964194496073355264
964194608535109632
964194611634741248
964194640780984320
964194878480637952
964194900068757505
964195056520519685
964195159108980736
964195341808652290
964195587968131072
964195815169372160
964195939928936449
964195986846470145
964196056685826050
964196155050680320
964196176420638725
964196220314046465
964196298168643584
964196413465923590
964196771227471872
964196864806580224
964196867167997952
964196877217476610
964196990912548871
964196993471074304
964197068574265345
964197083912855554
964197198627033088
964197267333963779
964197392680734722
964197414642028547
964197453124825088
964197528471330822
964197568833048576
964197573434241024
964197593743089665
964197620834062336
964197633781895168
964197651486035968
964197743194443776
964197834206646278
964197889638653952
964197983083429888
964197983498768386
964198008618344448
964198026771386368
964198193075339266
964198281868869632
964198419429515265
964198429403607042
964198493379325952
964198591572201472
964198629115400193
964198780965879809
964198798208749568
964198802923114498
964198956489166849
964198962608726017
964199027129618433
964199151792721920
964199163394129920
964199176094482433
964199216737411073
964199219006509057
964199299612540928
964199326347071494
964199419779469312
964199431242428416
964199516911165440
964199673144795136
964199713376522240
964199727595171841
964199897032417280
964199920927494146
964200237148655616
964200258472435713
964200274112991234
964200279016136704
964200303770898438
964200350134816768
964200391872253952
964200446343643137
964200477490601985
964200482381139968
964200553944403969
964200569631059969
964200594281041920
964200600744361984
964200631534804993
964200654918115328
964200660207054850
964200726787444747
964200744739065857
964200856609607680
964200873114169346
964200874389262337
964200878801674240
964200892886110209
964200977845882881
964201012348284928
964201047144128512
964201106648850432
964201122977206278
964201171987714048
964201191147278336
964201268448317440
964201388581572608
964201401957175297
964201421703991296
964201445384966147
964201470190080001
964201586296786944
964201591141289984
964201607238909957
964201608115605504
964201625433894912
964201739854516227
964201746804420608
964201784796483585
964201939725705216
964201989818200065
964202189865529361
964202205002772481
964202346359160833
964202360259014656
964202360749854723
964202428873826304
964202462428258307
964202514248880128
964202525095333889
964202530917011456
964202587913441281
964202643701817347
964202700421455876
964202719337701376
964202731505377280
964202758164246528
964202800795103233
964202881032314881
964202986024177664
964203016978132993
964203057771724800
964203079569629184
964203249434808320
964203266191101953
964203366560747520
964203528532078592
964203637911248896
964203708245467136
964203753162252288
964203776327454720
964203809269604352
964204010776313861
964204069605855232
964204162148945920
964204178187964416
964204218226749440
964204258114535424
964204260983484416
964204348078043136
964204390545436677
964204494891360256
964204581667315712
964204632489824256
964204710281572352
964204794377265152
964204800165449728
964204846198001664
964204849389883393
964204869300228096
964204913726246913
964204965857120256
964205030457843712
964205087689191424
964205128680013825
964205134879383553
964205205905551360
964205208233418752
964205261048238080
964205465914650624
964205502237376513
964205544532860929
964205615882137601
964205627064094725
964205791350804480
964205926642167809
964206027288797185
964206200274341888
964206274119393280
964206331950522368
964206379975299073
964206383271788544
964206440217968640
964206441946079232
964206483989676032
964206516118077440
964206516466196480
964206555502600192
964206605981102086
964206609990856704
964206615510401025
964206652411985921
964206677733052416
964206716157071360
964206749967269888
964206788697575429
964206834998480896
964206930876084225
964206968553590785
964206992293154816
964206993664856065
964207079761231872
964207134635249665
964207216847761408
964207234669600769
964207326134595584
964207351984111617
964207415284572160
964207533069086721
964207537653297152
964207544729251840
964207561242234882
964207622831341568
964207633350602752
964207646982094848
964207657551835136
964207689252433920
964207748790460416
964207858341433344
964207875693404161
964207877702418433
964207896660795392
964207903463755776
964207927543324672
964207968760643584
964207997181247488
964208080476098560
964208136159682560
964208140014174209
964208157567397894
964208163951169537
964208197748670464
964208201527787520
964208190417063936
964208220540563457
964208304045125638
964208322474897408
964208381853659136
964208483154481152
964208555002707973
964208563865362432
964208580365836289
964208624007548929
964208659801636866
964208680261468160
964208722540023809
964208738415636480
964208795105857536
964208894947004416
964208998999314437
964209010944630784
964209020180553728
964209050677383168
964209077638303744
964209088312856577
964209245137727488
964209309042266112
964209334623309824
964209348951117824
964209372548100096
964209421516668928
964209487673409536
964209530958729217
964209538869030912
964209554832596992
964209629696753664
964209708423770113
964209771267141632
964209776224882688
964209810467164160
964209819350716417
964209961688555521
964210002880741376
964210032542822400
964210048254861312
964210094929072133
964210289255297024
964210374630240256
964210382737883136
964210441751687168
964210445006573574
964210622090153984
964210625726513155
964210642625482752
964210656823033856
964210669502517248
964210682190118912
964210755737448448
964210870439108609
964210922431512576
964210926072217600
964210953670754306
964210964294901760
964211035153489922
964211201369628672
964211226862673921
964211227143688194
964211254284857344
964211376628514816
964211421138448384
964211474519543809
964211475433869314
964211518249230337
964211587459571713
964211742824914944
964211758419316738
964212024510164992
964212099110064129
964212200708755456
964212369827270656
964212372557717505
964212373266542594
964212432397832193
964212451662233602
964212504602841088
964212544478081024
964212595405279232
964212621401522176
964212718537461761
964212738145837056
964212773881294848
964212940076453889
964213167592263681
964213218909609985
964213250056474625
964213265298575360
964213327592337408
964213365777272833
964213446404227072
964213497465884672
964213542558855169
964213619155185669
964213688227033088
964213742232850432
964213748134277120
964213767205785601
964213798105239552
964213874328207361
964213967878057984
964213970574901249
964213995489161223
964214032386359297
964214038443028481
964214045548208128
964214050333908992
964214091660255233
964214137705451520
964214295490977792
964214334908923906
964214338390249473
964214414969917441
964214437992333312
964214445668032512
964214451439366144
964214543491780608
964214544737456129
964214602610495489
964214612395732993
964214627369390081
964214683573121024
964214735683096576
964214769304702976
964214773461209088
964214785721225217
964214791148593154
964214796852826112
964214812338282497
964214885847584770
964214893300932612
964214941648596992
964214999727202306
964215033319383040
964215054748053505
964215063098912769
964215079305703425
964215080446578688
964215090961633282
964215091519524864
964215099417296897
964215135622651906
964215201468964864
964215289473916928
964215323628068864
964215331714576384
964215442251403265
964215524249960449
964215529991962624
964215565542883328
964215582617989120
964215626909802499
964215648506318849
964215657075232768
964215669922377728
964215672216662027
964215760661905408
964215779767005184
964215793390153728
964215811270422532
964215842006282240
964215860163436544
964215900219019265
964215930032152576
964215981290807297
964215991310876675
964216059816529920
964216137272713216
964216156331692037
964216160727203840
964216247700410368
964216271377182720
964216432782462977
964216449626705921
964216477472653312
964216561438478339
964216613351444481
964216640115265536
964216640362766336
964216743706193920
964216790195740672
964216797657477120
964216825578950658
964216869984104449
964216912585650176
964217023352922117
964217040855879681
964217085839794177
964217170962993152
964217211278778369
964217234066419712
964217244896186368
964217323791028227
964217495623274496
964217538401001473
964217667577098241
964217679757369344
964217785235791872
964217787924275200
964217806010101760
964217833910620161
964217928152506368
964217987413704704
964218028836737025
964218208805941248
964218233673994240
964218234827403266
964218242402308096
964218249398321154
964218263310872576
964218317966888960
964218388745736194
964218412460322818
964218518672691200
964218637807640576
964218782020456450
964218875394035712
964218927252426752
964218982046855170
964219027685105667
964219037373919235
964219047188418560
964219082752000001
964219089332965376
964219392379760641
964219412697010176
964219430128451584
964219530313654274
964219543873867776
964219665110261761
964219707791462406
964219758706118657
964219767992279040
964219803815825408
964220054249275393
964220061232910336
964220111879098368
964220142300393472
964220150735089665
964220233069154304
964220244641316865
964220285061877760
964220308659064833
964220312190705665
964220321720164352
964220334554664960
964220427458445313
964220458009812992
964220664390586373
964220803184300032
964220819734974464
964220835115433984
964221030586777601
964221106709258240
964221199013302277
964221230734823424
964221446716252160
964221451543990272
964221454350012417
964221613158862853
964221620637372416
964221696101244930
964221709598515205
964221774085976064
964221787100852224
964221847943475201
964221877668507648
964221904532983809
964221980139556869
964222016344686592
964222026742419456
964222056241029120
964222081213894656
964222097441677313
964222103456223232
964222119486902272
964222197370892288
964222198654406656
964222255151624192
964222305818722304
964222334583394306
964222352279199744
964222375968628736
964222378942320640
964222463512064001
964222464103469057
964222521917755396
964222555904200704
964222559410708481
964222572677287936
964222637298896896
964222673856409600
964222723810627584
964222724594917378
964222771118166016
964222776700743680
964222801979854848
964222806832635904
964222837325168641
964222888319516674
964222898931191811
964222914940817410
964223052790812672
964223148546756608
964223225067696128
964223236371288064
964223292172271616
964223303069110273
964223317891866625
964223347256160256
964223606862512129
964223621496541184
964223621739831298
964223670087536640
964223745501122560
964223893316743168
964223984907751425
964224010660827137
964224015836569600
964224035495251968
964224038745886720
964224065358659585
964224168333119493
964224316295565312
964224325019631616
964224335929118720
964224356770607112
964224598991687680
964224687776632832
964224746769584129
964224753316876288
964224774993055745
964224863891263488
964225041905934336
964225177839128576
964225202380050433
964225230012145669
964225301810241536
964225420915769345
964225422295781376
964225472753229830
964225551484510208
964225579502403586
964225584183332864
964225615883833345
964225622548631552
964225671361740800
964225698662617088
964225831647285250
964225956708798465
964225964661202944
964226017983389700
964226140796870663
964226167590084609
964226182500831232
964226192273498112
964226250905735168
964226335827746816
964226353854844928
964226436310753280
964226438701441025
964226494741573633
964226497425928194
964226498151501825
964226498675855368
964226542485241856
964226559413506048
964226781048983558
964226881003323392
964226967322157056
964227051287924736
964227110813433857
964227138797887488
964227292993028096
964227325972963333
964227348349452288
964227504633450497
964227728831598592
964227734644936705
964227815213359104
964227882636795909
964227891511877632
964227973766369280
964227993076936704
964228141051990016
964228222039805952
964228241698557952
964228353812246529
964228389925195777
964228390982242304
964228411022626816
964228447361994752
964228478718627840
964228546863431680
964228609799000066
964228621635342336
964228712194600963
964228815814889472
964228826308972544
964228840255098881
964228840959733761
964228878603517953
964228895560970241
964228940213706752
964228957041283072
964229013798612992
964229098859098116
964229103800012801
964229143301935104
964229147684941825
964229423150129153
964229489466249216
964229572723167232
964229588808323072
964229636573073409
964229668810477569
964229680344764417
964229779745595393
964230186593071110
964230196747481090
964230280910323712
964230305933676544
964230344118484992
964230400003461121
964230427115274240
964230459558453250
964230460711849984
964230587660816384
964230617922752512
964230627687129093
964230784818262016
964230916305506305
964231044764495875
964231096153014273
964231290353569793
964231313397075969
964231372192800768
964231476085755904
964231565827076097
964231591890472961
964231592007913474
964231593119318016
964231650832998401
964231671062069248
964231881691721729
964231974431940608
964232063766401026
964232259334295552
964232312870330368
964232349855698944
964232439945224192
964232463575810048
964232548422504450
964232620157669376
964232640386732032
964232658279641090
964232817956802560
964232828178370560
964232885891948545
964232935816736768
964232961272008704
964233171054350336
964233228172382209
964233229380276224
964233435178029058
964233458397663232
964233462864646145
964233526953627648
964233532745961475
964233572814065664
964233643186114560
964233666502291458
964233675322941441
964233708369776640
964233733783113728
964233759808720896
964233792604000261
964233796265611266
964233820584267777
964233822756843520
964233848140849153
964233857460572165
964233866679607296
964233873851895808
964233976884940800
964233989488824320
964233997772574721
964234032002338817
964234032660779009
964234044480348166
964234244926201856
964234275737538561
964234296855801856
964234451344678912
964234667758182400
964234687358160898
964234811924762625
964234814890086400
964234863552364545
964234884712665092
964234884544913409
964234933559611392
964234942560514054
964234960499625984
964234983433998337
964234999410184197
964235150212071424
964235163579404288
964235251714281473
964235464885637130
964235482786918400
964235679478747141
964235758776213504
964235814896062464
964235850358886409
964235857044492289
964235921293012994
964235948593680385
964235992428400640
964236017950707712
964236029451493376
964236066919276546
964236072279474177
964236141317836802
964236213728235527
964236332041211905
964236361099350016
964236402912387072
964236517349756929
964236567064858629
964236585624653825
964236713634693120
964236766734675970
964236783948058629
964236851254038528
964237007617708038
964237061120299009
964237186789933059
964237386967404544
964237426964271104
964237446476107778
964237447130484736
964237597336797184
964237683311763456
964237711216439296
964237756120563712
964237963826745345
964238064993357826
964238083788083201
964238243729461254
964238326051033088
964238363455819781
964238385098391552
964238453582987266
964238494360096769
964238562039230464
964238719371894784
964238792491196418
964238879141310464
964238890293956609
964238966621966336
964239346869198848
964239385595138048
964239438984417281
964239612746043393
964239726675943424
964239746573664256
964239871337488384
964239888622108672
964239895328903175
964240069417754624
964240152657907717
964240173407047681
964240186015133697
964240290746896384
964240380337123328
964240478425305092
964240546838597633
964240550936432640
964240679001083905
964240708747124737
964240747213008896
964240767739924482
964240855350603782
964240863600705536
964240911164231682
964240975387332608
964241090638417926
964241214504624131
964241235744575492
964241268191752192
964241295479894017
964241422084796416
964241519300562951
964241549252014081
964241610455306242
964241718014029828
964241737291051008
964241757419524096
964241861618610176
964241968149745670
964242033354395649
964242073892175872
964242141038940161
964242179286646785
964242201478946816
964242311633829889
964242370257719302
964242449861357568
964242544849690624
964242639775248387
964242642598064130
964242705831383040
964242829458526208
964242953001676800
964242972324835329
964243038263488514
964243060476534784
964243098007154688
964243106546831367
964243274843262976
964243292832587777
964243409849417731
964243649835003905
964243661205704704
964243688355483653
964243851522256896
964243925111312384
964243935320268800
964243957705297927
964244002840154117
964244004769554433
964244114626744323
964244260412325889
964244342457159681
964244347867811840
964244361830719493
964244362719891459
964244431347036160
964244435361034245
964244431347036160
964244503233269761
964244566596612097
964244570333745157
964244615275646976
964244658938368001
964244725812297729
964244732556783616
964244753746456578
964244759387738113
964244790589186049
964244805596471302
964244908121968640
964244915810160641
964244994730135553
964245031212249089
964245044290031616
964245050959056897
964245054725525504
964245070131101696
964245073822134273
964245082273542144
964245149453864960
964245259621462017
964245315447611393
964245353208958976
964245404622581761
964245480191545345
964245484788305920
964245599980748802
964245627495428096
964245677588008961
964245765106425856
964245790213500930
964245827547029504
964245842063515648
964245994014691328
964246038042365964
964246100688474112
964246107403575297
964246114559057921
964246224785362946
964246222990127114
964246251482034177
964246262961852416
964246321942220800
964246336391532547
964246446659784704
964246516822102016
964246672619573251
964246679133343745
964246724545011713
964246807193800706
964246959413481472
964246964131987457
964246964131987457
964247013461282816
964247053445615618
964247092754567169
964247118872444928
964247137495273473
964247148735991808
964247190205009920
964247230378135552
964247323093106689
964247376679591936
964247389958737922
964247445118095360
964247606435069952
964247725079453696
964247925487558664
964247938926104576
964247974892199937
964248007653953540
964248148133711875
964248251108032513
964248275661574145
964248304853897217
964248343605002240
964248630403182592
964248646668750853
964248737357946880
964248908603052034
964249098651078663
964249306483101700
964249338955403265
964249417472602112
964249502092754945
964249618472226817
964249618505662464
964249823951036416
964249829584056321
964249949838958593
964250170379636738
964250205620195328
964250212507283456
964250228642676736
964250268794802176
964250300436623365
964250457358110725
964250478187110400
964250609540128769
964250689005375490
964250743992717312
964250751454162944
964250753899618304
964250848770523136
964250902403133440
964250946116005888
964251028140056576
964251110717444096
964251215457636353
964251231127515136
964251343555833856
964251354066800641
964251427278409728
964251607218229248
964251609520922624
964251737828790272
964251837351235592
964251960932265985
964251985603067905
964252006813782016
964252005387722752
964252118751248390
964252235080269826
964252244018388993
964252255175274497
964252297428721666
964252303212597254
964252315095101441
964252380421345281
964252413111820289
964252492535074817
964252524046929922
964252551062474753
964252644121432064
964252651155263490
964252666053447680
964252682105049090
964252716481597442
964252761272537088
964252784924217344
964252949034782720
964252999093637120
964253006643515392
964253040071995392
964253140810981376
964253145772806144
964253167566442497
964253194531504128
964253289125736450
964253463810052096
964253505086205952
964253555619254272
964253574036377600
964253580822831105
964253612246470656
964253674284441601
964253722686697472
964254125616754688
964254142037417985
964254193153380359
964254379607019520
964254409478811654
964254475627180032
964254486473723906
964254608204984323
964254701641494529
964254724299087877
964254815802023942
964254879068893184
964255219403063297
964255303347982336
964255420813578240
964255518817693698
964255534563184640
964255586803056641
964255618121990144
964255624069636096
964255690398359552
964255691404955650
964255716059025409
964255753463848960
964255761831485446
964255783897714689
964255905960341504
964255952835883009
964256024805900288
964256036348747776
964256074537816069
964256135401426946
964256203101626376
964256296068370433
964256343178776579
964256411453657090
964256411654946819
964256459574956032
964256547772788736
964256608829235203
964256617368903682
964256698595725313
964256699518504961
964256805491789825
964256824827564034
964256827780321282
964256899591008256
964256928229744640
964256957870854144
964257019371794432
964257020097507329
964257021947269120
964257080352919554
964257089139986432
964257149919662080
964257224221700096
964257231867994113
964257262482219010
964257262033399808
964257297454239745
964257315397316608
964257348586999808
964257373132029952
964257408607555584
964257451636903938
964257495937179649
964257562181931016
964257611821584384
964257625683709953
964257662576877568
964257711692148737
964257763512737793
964257777148465159
964257941120536576
964257965820792833
964257999715004416
964258021529604097
964258048448614405
964258262156759042
964258326174404609
964258367001817089
964258429379497984
964258443887628290
964258459465191424
964258511134879744
964258607847141377
964258775514394624
964258869366095873
964258934994415616
964259001528668160
964259113415925760
964259198379978752
964259201294925824
964259267254550528
964259548981792768
964259683040100352
964259716422619138
964259732553953280
964259960115945474
964260028248031232
964260076042313728
964260198113214464
964260216878632960
964260243751489537
964260347141029889
964260401952313344
964260429131370496
964260434676154368
964260471628091393
964260493803302912
964260494558289920
964260550703280128
964260565840531473
964260566549266432
964260756664606720
964260778646917120
964260815288307712
964261043215261696
964261180939341824
964261211507367937
964261215055773696
964261265894977537
964261323508015105
964261419435937792
964261430676672512
964261440814223361
964261475874430977
964261536809308161
964261582116196357
964261613728649217
964261620917657601
964261775221944320
964261971397894144
964262090281291776
964262094681137163
964262102662774788
964262178835615744
964262193322655745
964262195868598272
964262212121571328
964262237039939584
964262320619835392
964262469630865410
964262506691735552
964262608709865473
964262636149002246
964262724493545477
964262772237307905
964262783394156545
964262810531368960
964262828076023809
964262897982627842
964262924503146497
964262937077731328
964262969084391424
964263114882650112
964263130745499649
964263154694934528
964263197820760064
964263299935293446
964263319413690371
964263308663709697
964263394336559105
964263436581588992
964263569025064961
964263622464688128
964263667784126469
964263820058382336
964263828480577538
964263833975115777
964264063768449024
964264065282568193
964264066171752454
964264073914404865
964264130638155782
964264145775407104
964264251396370434
964264477360377857
964264558230736902
964264597145509895
964264647342903297
964264727659601921
964264811390488576
964264815828045826
964264989887553536
964265003158261761
964265198860283904
964265261573566464
964265339923189760
964265563622117376
964265626117296129
964265643573948416
964265661294895105
964265685844221952
964265747609477120
964265765145849856
964265769654726657
964265803658022912
964265865511362561
964265965608423426
964266103361953792
964266142641590273
964266287563268096
964266323856560130
964266457969364994
964266556250353671
964266620037271554
964266643680628742
964266690707116032
964266763868352512
964266815097593856
964266864288456704
964266875319439361
964266910224470018
964267058820255744
964267211631316994
964267232443404289
964267364496928769
964267372151525377
964267381248987136
964267434470408193
964267529748217857
964267575797604358
964267750163087360
964267752222466048
964267901502087168
964267936516116480
964267998159818758
964268090593771520
964268410774441984
964268427593572353
964268450867752960
964268555146493952
964268599203516416
964268657235910656
964268828237672449
964268997834432512
964269067585622016
964269070211313664
964269209445335040
964269226696507392
964269303829876736
964269435400933383
964269529831559169
964269537708466176
964269591626215425
964269634563334144
964269643803348992
964269663348842496
964269781372342274
964269957424041984
964269969193295878
964270086277206020
964270158557728768
964270193487831041
964270420340936704
964270691032948736
964270910525136896
964270916103483393
964271259746996224
964271281356132352
964271399471931392
964271401451606017
964271541419675653
964271667840278530
964271682264367104
964271700153073664
964271852980985857
964271941245980672
964272007604031490
964272096376446977
964272099840937986
964272100801466369
964272100977643522
964272177276219393
964272249464291328
964272304476819457
964272379227762688
964272516477923328
964272577287000066
964272655124828160
964272712767234049
964272765313445893
964272785638985728
964272831990321152
964272874516287489
964272914358030336
964272934763286528
964273112371130369
964273276439678977
964273425379405824
964273487639711744
964273501669642245
964273537715523585
964273670175805440
964273682175717376
964273887138779138
964273889613266944
964273891395842050
964274014293250049
964274041426186241
964274153992998913
964274196414156800
964274272058380288
964274288122564608
964274312042643456
964274349057429510
964274395710722049
964274391935799299
964274391935799299
964274511096045569
964274563625504768
964274587499483136
964274672757035010
964274690696142849
964274765153427456
964275080237895680
964275124957429760
964275281249931265
964275414368768000
964275454084550657
964275638055178240
964275768795820033
964276064305516544
964276134375575553
964276222548217856
964276441167941632
964276892630208512
964276918169292802
964276948267618304
964277115502977024
964277261867405326
964277470827634688
964277592382738432
964277603451490315
964277925121089536
964278138971807744
964278162719993857
964278162719993857
964278318135693313
964278382795153409
964278488063766529
964278842566340609
964278846030835713
964279060342951940
964279092429410310
964279138117971969
964279504188465152
964279628184670208
964279629912641537
964279632248934400
964280492920066053
964280627443961856
964280879584563200
964280969468563458
964281148485619713
964281236956082176
964281277787660288
964281544335675394
964281559707783168
964281643841269763
964281820836745216
964281841732734976
964281916450070528
964282024935780352
964282136449703936
964282730098974726
964284308763693057
964284499004665861
964284530382209025
964285237986516992
964285471361851393
964285761637044225
964285965492768768
964286039538970625
964286368791773185
964286682760712192
964286751635320833
964287024055373825
964287092338647042
964287112785797121
964287116502028289
964287360845451264
964287484720025601
964287509688668161
964287532023377920
964287639376531459
964287669684535297
964287756687020034
964288069695401986
964288115132321798
964288193725157376
