967549716090191877
967549862471401472
967550315825455106
967550356422045697
967550373224505344
967550392153329665
967550450290610176
967551289910415360
967551291646885888
967551341034987521
967551348228198401
967551489148444672
967551517912903680
967551683181142021
967551687346085890
967551718111240192
967552092406677504
967552644024819712
967552922421690369
967553686246486016
967553701991854080
967553837740576770
967553871320158208
967553873727631360
967553904455143424
967554040606416897
967554067496128513
967554086081056768
967554722457686017
967554756922273793
967554769379143680
967555227728711680
967555365998157826
967555456112750592
967555467462537216
967555514321264640
967555740859760640
967555973593358336
967556006086496257
967556101268017153
967556147422072832
967556153864581120
967556271657439233
967556429619048448
967556581452861441
967556606790684673
967556807588794368
967556848093024258
967556871614812160
967557031262646273
967557144009732096
967557187471118336
967557322817011712
967557462738993158
967557620625235968
967557712404824065
967558077498167296
967558232750395392
967558250701959168
967558284948451328
967558476628135936
967558477357944832
967558757231276033
967558933543051264
967559440735096832
967559539221565441
967559636617482240
967559755987345410
967559787155218437
967559803420618752
967559807262773249
967559902448226304
967559909196918784
967560121458089984
967560144627388418
967560745566310401
967560764805533696
967560783025623040
967560854370734080
967560974113878017
967560982536118272
967561657345077248
967561814388060161
967561997662515200
967562298645721088
967562327921917952
967562604863475714
967562829380272129
967562877107429377
967562929276059649
967564346292391936
967564453502902272
967564986364121088
967564997994864641
967565455366991872
967565750797062144
967566394895237121
967566737309827072
967566991098896384
967567079770648576
967567193532784640
967567349946703872
967567439243472896
967567443412451329
967568044355719173
967568538138566656
967568769823531008
967569250431979520
967570448132141057
967571127806648321
967571819535286272
967571848316837894
967571928239235072
967572069843058689
967572110662041600
967573192696061953
967573305921363968
967574064603844608
967574187958292481
967574573142114307
967574741233143808
967574901698715649
967576522101067777
967576830789091328
967576911798067205
967576913110736896
967578309067464704
967578539980722176
967580097342455808
967581478237372416
967582014261080064
967582199259287552
967582698943508480
967583245129932800
967583640556257281
967583682319011840
967583717513482240
967583778922213376
967584506755600384
967584533011836928
967584967755640832
967586415042179074
967586545602412544
967586762691194880
967587254800547840
967587451152818177
967588368103157761
967588417856032769
967588826976833537
967589143801942016
967589150949019649
967589431187267584
967589446668472320
967589790479798273
967590625267744768
967590701570674688
967591420604420096
967592814728097792
967593781003411456
967594052068704256
967594178409529345
967594377290842112
967594382294769664
967595196044124160
967595403469205504
967595776036745216
967596404506947584
967596722267435008
967596723550928901
967596978950606850
967597077122506753
967597588961792000
967597833154187264
967598131541041154
967598380091412481
967598850734161920
967598940160974848
967598985190965248
967599407007981568
967600029740486656
967600069355515904
967601433926234112
967601618471522304
967602336670433287
967602979372175361
967602984342441985
967603006672908288
967603388941824000
967604014258032643
967604175885434880
967604496816836608
967604884697698304
967605104584024065
967605433769840641
967605707955728384
967606190921388033
967606799800160256
967607289015427072
967608882955735040
967609080083894272
967609491037532161
967610005003304966
967610282049720320
967610346088181760
967611076895440896
967611089524609024
967611361764225026
967611649703186432
967611664651706368
967611788559896576
967612019284246528
967612396243226624
967614254537994241
967614743547531264
967615454872260609
967616262586228736
967616938607341574
967619015265935361
967619488836476928
967619723881000961
967620198600654848
967620898982449152
967620955374833664
967623073959743488
967623146022096897
967623381238640641
967624190349148161
967624548064612352
967624733314383872
967624994321649666
967625131261677568
967625217530122240
967625234298916865
967625520182521856
967625779440967680
967626390433538049
967626391775723520
967626393008795648
967627380289253377
967627385959936000
967628053844197376
967628212875513856
967629071235600384
967629157617238017
967629610660835328
967629890186104834
967630376121307136
967630473538232320
967630847636660224
967631297798688768
967631376546746368
967631461707853825
967631667111309312
967631685616533504
967631728457240577
967632201792851970
967632357137223680
967632464775610368
967632558228934656
967632644942032896
967632680543285248
967632875427389440
967633017614340101
967633103899553792
967633180487426048
967633580796137472
967633663482646529
967633880802058240
967634043721396224
967634138789531648
967634147392008193
967634470160535552
967634531997093889
967634821886435328
967634858104238080
967635006226038785
967635072563208192
967635234857652224
967635279724138496
967635519365672961
967635578132025344
967635630296588288
967635863529177088
967636051044036608
967636435825319936
967638830718377984
967639038869024768
967639363457896448
967639748385918977
967640182605385728
967640309889994752
967640554849820673
967640803920220161
967641129733775362
967641861048471553
967642223738208256
967642225059377152
967642226372198410
967642304688377857
967642959666647040
967643055477215232
967643103594274816
967643887882956801
967643944271208450
967644899188334592
967644945602531328
967645000229179392
967645184912654336
967645426986962944
967645460709236736
967645634814619648
967645960590516224
967646045491662848
967646083026423808
967646665455874056
967646683038453760
967646733869113346
967647198707150849
967647648835620864
967647982148636673
967648030206836736
967648218011131904
967648453739368448
967648593703309312
967649032528191488
967649032633049088
967649051930976256
967649149314387968
967649556329574400
967649934643167232
967649950661271553
967650356057530368
967650685687918593
967650778700832770
967650837538459648
967651393111654400
967651664139378689
967651822319095808
967652086535028737
967652090427465729
967652434150674432
967652902973136896
967653035018276864
967653167163994113
967653245131911173
967653577455030272
967653627593674753
967653902525935618
967654009246019584
967654133103759360
967654168604241920
967654402680029184
967654584457056256
967654646805336064
967654699724951552
967654923067260928
967654924132610048
967654924132610048
967655222146469888
967655474186383360
967655477525012480
967655492511305728
967655516422967296
967655543346270208
967655645427232768
967655726503153665
967655742017859585
967655844308508673
967656026894946304
967656074038927360
967656176040194049
967656189600391169
967656217924526081
967656261398413312
967656316519972864
967656373961060352
967656509722234880
967656655755403264
967656728702672902
967656737678471168
967656910316097536
967656956084174848
967656980033802241
967657187005911040
967657183708987392
967657271638609921
967657327762526208
967657553944596486
967657657913040896
967657742411403264
967657855015890944
967658068245995520
967658193936683008
967658358680571905
967658433573892097
967658435096428544
967658435973144578
967658432156155904
967658509478367232
967658754559836160
967658778706530304
967658794758045696
967658882041634816
967658918615937024
967658957476171777
967658986651693056
967659013814046720
967659256630726656
967659373752455168
967659502169460736
967659751659261952
967659789579939840
967660397649121281
967660558320324609
967660577630949376
967660896800661504
967661059766177792
967661413094383616
967661449614049285
967661452856356865
967661670301564928
967661803303047168
967661985486786562
967662049412165634
967662203099688960
967662704772173825
967662763106553856
967662941846884352
967663158943875072
967663442286039040
967663518660071426
967663837498486784
967664035931017216
967664194710622208
967664220883038209
967664541223018497
967664560978190336
967664602078212096
967664623402082305
967664694180941824
967664767820288002
967664865346277376
967664983453720577
967665095131238400
967665388627677184
967665393358733312
967665620962734080
967666286883983360
967666349811134464
967666533202825218
967666617076338688
967667261736718337
967667262172860417
967667340220555265
967667415931858945
967667567451131904
967667617422102528
967667644764745728
967667839212584960
967667886297964544
967668248547381248
967668446854033408
967668494312640513
967668494312640513
967668672499077121
967668758457278464
967668838321065985
967668929329090560
967668944902524928
967669094165155840
967669111047286784
967669296682979328
967669521397026817
967669647754645504
967669785935958016
967669873823371264
967669876432211969
967669982669737984
967670106015911936
967670113972445184
967670269098840064
967670412514603009
967670459759255552
967670501580603392
967670506374729728
967670604026580992
967670670598418434
967670728047939584
967670812521189377
967670993157263360
967671025013084162
967671233469968384
967671345747144709
967671454476177408
967671595996246016
967671762585501697
967671770571530240
967671883004104711
967671946547777536
967672293383180288
967672423532331008
967672575445880832
967672943609131009
967673045589614592
967673114728509440
967673383642071040
967673456786657280
967673527133523969
967673949319581696
967674024842203136
967674032337252352
967674072804012032
967674195248275457
967674197299228672
967674198561734656
967674237459861504
967674268619362306
967674330732777472
967674343378554880
967674454917591041
967674485468954629
967674915875885056
967674935341731840
967675058675122176
967675155953737728
967675181333401601
967675504110243840
967675555490488320
967675580928987137
967675603125186561
967675615322296320
967675773695025153
967675810797809664
967675845849513984
967675904687304705
967676023054647296
967676044403728385
967676203594321920
967676716104781824
967676734014414849
967676782244745217
967676831376728064
967677184683864064
967677222881562624
967677236886298624
967677438380691456
967677462497910785
967677588587073537
967677706467987456
967677865255940098
967678235696943110
967678352411602944
967678400117735424
967678539083415553
967678688061001729
967678790615912448
967678991493713921
967679027451449345
967679142945853440
967679160746479616
967679221349961728
967679487033868288
967679525713797120
967679844355067904
967679921781952512
967679928962551808
967680338205036544
967680390960943105
967680532401311744
967680745924947968
967680817555169280
967680917975306240
967681064117383168
967681186117095424
967681196263079936
967681216592973824
967681391256391680
967681548895039490
967681626074439681
967681636660862976
967681638200233984
967681677643452416
967681801702473729
967681808123953154
967681879272017923
967681959655854080
967682042052751362
967682097359065089
967682151562047494
967682158155436032
967682195853889537
967682251784884224
967682353618472961
967682419334754304
967682478155730944
967682487295102976
967682544740261888
967682575669039104
967682589820628992
967682743017631744
967682779134734336
967682857828323328
967682904984899584
967682936895168513
967683023050362881
967683065567989760
967683066247483394
967683083150544897
967683131078774784
967683220413321216
967683265829236737
967683274473660416
967683368866533376
967683411874865152
967683430099103744
967683816633655296
967684084796477440
967684135996174337
967684251872301058
967684333464104961
967684415966076928
967684454335549440
967684615426191360
967684645667201024
967684722485809152
967685028053430273
967685107585900544
967685121955565568
967685193644507136
967685213043048449
967685391561175041
967685665528909824
967685805169922048
967685816511320067
967685844835454976
967685847381245952
967685960296054784
967686017691111424
967686137547456513
967686222431817728
967686313855111168
967686322331643904
967686371153448960
967686456234991616
967686553555349505
967686599407529984
967686624124555264
967686642600423424
967686715702947840
967686736485797888
967686786981023744
967686804085399553
967686985451270147
967687009358708736
967687058721525760
967687133875113985
967687174601740288
967687177630093312
967687212660871168
967687300955197440
967687344630484992
967687408501297152
967687593834971136
967687608737370112
967687653352144896
967687747329765377
967687796222808065
967687855844675584
967687954654052353
967688022094381056
967688074699317248
967688100423131136
967688103359115264
967688149362204673
967688204169175040
967688212016754689
967688223697891328
967688273014460416
967688305386061824
967688349401145345
967688371601596416
967688382443859968
967688415578935296
967688416229036032
967688424332386304
967688464106958850
967688619392512000
967688624027287552
967688657183428608
967688711298273281
967688780709859328
967688815279329280
967688867074617345
967688982250315777
967688989997223936
967689027666239488
967689058175668226
967689129017466880
967689133194907648
967689167697272832
967689173233815552
967689180628291584
967689197837520897
967689246076219392
967689298958004224
967689303647277056
967689425235955712
967689484128194560
967689550800834561
967689574997741573
967689624842883073
967689652730675200
967689654026756096
967689655406641152
967689679201062912
967689806313648128
967689832892915712
967689896583450624
967689906930769921
967690036664774656
967690071339094016
967690117728129024
967690379569934336
967690507114688512
967690534625128449
967690599443849216
967690641584074752
967690665101615104
967690912653455360
967690976612450304
967691060104196096
967691180405293056
967691191256043520
967691197899788290
967691224890073088
967691281030963201
967691516864094209
967691668286787584
967691711911690240
967691746019827712
967691781994438658
967692008935608320
967692024899088384
967692147465048064
967692226628272129
967692241606234112
967692286602698752
967692357197025280
967692468325158912
967692491096018945
967692509651619841
967692757685895168
967693053808054272
967693064092471296
967693158900518912
967693367181234176
967693407517839361
967693480536440832
967693487901757440
967693533405728768
967693651844485120
967693723147685888
967693794308214784
967693870766133248
967693965263822848
967694056494190592
967694098814652416
967694194901901312
967694273784242178
967694441107554304
967694480131481600
967694574092201984
967694595269283841
967694708481896449
967694730552209409
967694841655291904
967694856519929856
967694890212773889
967695006713679872
967695019464372225
967695035109081088
967695113492336640
967695128436641792
967695189581197312
967695241942847488
967695254802530305
967695347026931713
967695405893980160
967695447862206464
967695571862503424
967695630230573057
967695784828432384
967695864549568513
967695907805376514
967695940474888193
967695940961406981
967696074881290241
967696108800675840
967696289566806017
967696381552091136
967696406332002305
967696448375713792
967696469951172613
967696483763085312
967696619972960259
967696951188840448
967697000371228672
967697041043410944
967697069615079424
967697090691428355
967697149608714240
967697194169094144
967697237294927872
967697262712426498
967697328185528320
967697411496992778
967697460327075840
967697463103643648
967697465364316160
967697491067011072
967697538496245760
967697623556685824
967697685447835648
967697734210859008
967697917640355840
967698030660149249
967698076298350592
967698129800908802
967698131482763265
967698277012422658
967698285208199168
967698330447904768
967698367047454720
967698367940874241
967698428397572096
967698448341438464
967698565131841537
967698575667990529
967698703497793536
967698755473625088
967698843725910017
967698874658967552
967698913980567552
967698973053128704
967699055861293056
967699137973059584
967699156415500288
967699287927816192
967699342067986432
967699398418366464
967699699007414272
967699844801400833
967700030126723072
967700047927398400
967700129141665792
967700135315673088
967700230723592192
967700317767954432
967700356393324545
967700373136990208
967700375137607680
967700509456060416
967700581023387648
967700692491292672
967700726595178497
967700993126285312
967701244428128256
967701269442977793
967701323016818689
967701414825922561
967701435734470656
967701457553297408
967701469955870720
967701530337005568
967701607013060608
967701667666976769
967701723207872512
967701790732021765
967701856729395200
967701926409359361
967701988053053440
967702014560960512
967702025403293696
967702055623282688
967702111785050113
967702178902298624
967702180068196352
967702182953963520
967702187622191104
967702222002900993
967702240030089216
967702270430384128
967702298641272833
967702303917555712
967702393075924992
967702478014828544
967702536722542592
967702642687463424
967702725919158274
967702753689718784
967702757972029440
967702835025645569
967702872145256448
967703000671191041
967703030488498177
967703076193828865
967703085635137537
967703142044438528
967703177389838336
967703222919028737
967703227524419584
967703260739104768
967703297921572865
967703342712524800
967703381543477249
967703380859682823
967703452804624385
967703496035373056
967703636297093120
967703686565777408
967703699886755840
967703713765904384
967703746460508160
967703768719650816
967703789603049472
967703793201766402
967703842879082496
967703948042883072
967703996369686528
967704010697379842
967704016171003904
967704022433062912
967704054104240128
967704063721857024
967704140574068737
967704154209705984
967704376486825985
967704552467304448
967704689327427584
967704799327281152
967704865840406528
967704867128074240
967704868298244101
967704925076520961
967704931372236800
967704979162259456
967704982744109058
967704985109716992
967704990897844225
967705043272196097
967705048166944768
967705055909511168
967705078164488194
967705106232815616
967705126071828480
967705145818734593
967705158082842625
967705292288024576
967705307605585920
967705382121558016
967705425276817408
967705457581273088
967705463725920256
967705469857939457
967705480004079617
967705584190545920
967705613374578688
967705624787193857
967705636548022272
967705665539133441
967705680722497537
967705716789338112
967705762209378305
967705767238406150
967705808862613504
967705819289653248
967705828273872896
967705853607456768
967705891792474112
967705931814449152
967705957517144064
967705977951748097
967706025045430272
967706035191414785
967706173158907905
967706235662422016
967706320253149184
967706372740714496
967706393980669954
967706497747742720
967706606191480832
967706614915649536
967706636612767744
967706675460308993
967706686650712064
967706689813164032
967706742615355392
967706790736605184
967706813687914497
967706834562879488
967706874169749507
967706889042714624
967706969711706112
967706983548801024
967707001991127041
967707025345011713
967707076779798528
967707079459909633
967707114230738944
967707148741414913
967707156232491008
967707181826134016
967707210515144704
967707225555947521
967707237417390081
967707245973778432
967707250545577986
967707372159414274
967707445375262720
967707446994264064
967707523708018688
967707523812855808
967707606008688640
967707698237181953
967707730885644288
967707763341168645
967707793032728576
967707903380598784
967708141126389761
967708188618448897
967708189994176512
967708215520759808
967708340255100928
967708392734195712
967708404973297670
967708468470865920
967708519465148417
967708597013671936
967708597932175360
967708600662724609
967708610636779522
967708626096984065
967708697999921152
967708785509847041
967708795840364545
967708802903658496
967708839435960320
967708872382312448
967708952166305793
967708997431242752
967709074132488192
967709093086552069
967709135449010176
967709182274277376
967709210724261888
967709275136118785
967709339371868160
967709373534494720
967709406883442688
967709481474969602
967709533538840576
967709606389706752
967709626300076032
967709687096504321
967709735981117440
967709753769152513
967709804474109952
967709878654525441
967709905875558400
967709923915239424
967709978831224833
967710013786591232
967710044564475904
967710065825320960
967710091997741056
967710120259084288
967710130396680192
967710166887092224
967710189108498432
967710334000779265
967710363708985344
967710447808937985
967710470307241984
967710529019174915
967710527177805824
967710553023156224
967710571188707328
967710705012101120
967710871463047169
967710871366627328
967711012614000640
967711072529641472
967711125797208065
967711188275605504
967711189093449728
967711203710652417
967711205182844928
967711228792537089
967711248249958400
967711286002880514
967711290675351552
967711306307522561
967711393431674880
967711422510784512
967711432019271680
967711436309979137
967711456258150405
967711528467292160
967711528681115648
967711616048549893
967711620070891520
967711728640372737
967712010900246528
967712023764197376
967712046447054848
967712067145920512
967712125077676033
967712174864035841
967712230866333698
967712364555571200
967712400987361280
967712437632995328
967712476883292160
967712488769966080
967712543425916928
967712566540677122
967712574652461056
967712575726194692
967712624724103169
967712715396603907
967712731800489984
967712743800365058
967712752583233536
967712794660532224
967712820312801281
967712853217116161
967712860666318848
967712904299597826
967712941612158977
967712964420734976
967712982217129984
967713030032314368
967713083710951424
967713160290586624
967713205299671040
967713220218818560
967713283808653313
967713313533714435
967713319363776512
967713449613692928
967713545319219200
967713555708633089
967713635991805954
967713662063562752
967713711061430272
967713747220525056
967713757337194496
967713781831827456
967713879265509377
967713901780533248
967713911771422720
967713985431855104
967714008403910656
967714073755439104
967714131431378949
967714187278454784
967714188763320320
967714188796841984
967714234934099968
967714338713866240
967714385593585664
967714422704824320
967714436201971712
967714549863538688
967714583573131264
967714588736278528
967714614569066501
967714681493250048
967714696618004480
967714761117962241
967714836221177856
967714879225450496
967715029607952384
967715085291540481
967715181873811462
967715230661926912
967715303005261824
967715305635147776
967715356667207680
967715362488967168
967715502842896384
967715561647026176
967715566738866176
967715652327890944
967715672959614976
967715673886674944
967715749816094720
967715808607686656
967715830065754112
967715994205589504
967716010592817154
967716084165029888
967716088577445888
967716140326809601
967716143476682752
967716191593816065
967716212405952513
967716229531217921
967716282262065152
967716285432942592
967716317015896064
967716381998403584
967716423098396672
967716537061789696
967716600097984512
967716608662786049
967716627688062976
967716642879868928
967716675910062081
967716708529135616
967716739902529536
967716839856975872
967716910241669126
967716925185888259
967716939572367360
967717007281049600
967717011416633346
967717020715405312
967717031972925440
967717047005261827
967717065556717569
967717073467183106
967717077166456832
967717170942808064
967717330351542273
967717342896640000
967717357379641344
967717432638033920
967717478896951297
967717513290272768
967717520340869121
967717539236196352
967717590633209856
967717630613352448
967717632026783744
967717642491572224
967717733356929024
967717754051624960
967717845772787712
967717924285878273
967717930963275777
967717960151392256
967718030129049600
967718037016244224
967718067802443776
967718081295540224
967718094826328064
967718123548921856
967718133472595968
967718174824296448
967718174832685056
967718178272043009
967718207346835456
967718212304588802
967718247461212160
967718252779536384
967718292319285248
967718314352013312
967718317828997120
967718357117161473
967718392764551169
967718529926606848
967718623786741760
967718757362819072
967718793584791552
967718812026990592
967718871691137025
967718928209367040
967718940255440896
967718946920116224
967719107415064576
967719112163160064
967719232212471808
967719309836521473
967719328505352192
967719346536636416
967719492196368384
967719494411005953
967719504162803712
967719560068648960
967719580431941632
967719587675627520
967719670911520777
967719672606085120
967719731796021248
967719765572767744
967719914734784513
967720225650237440
967720258541883392
967720301021794304
967720431884095488
967720435885494273
967720447499489280
967720513110986752
967720551010787328
967720551283294208
967720700030144513
967720719600750592
967720722096443392
967720724797579265
967720724038373376
967720743416029184
967720746385539072
967720753918545920
967720756636512257
967720775934447616
967720852975423488
967720858612412416
967720874085441536
967720882209619968
967720892888428544
967720896709328896
967720936010080256
967720944163844096
967721091178336256
967721132957863937
967721135394775040
967721275094429696
967721276675690496
967721304018341888
967721370346979328
967721376470720512
967721389393358848
967721466274951169
967721627092910080
967721632931426305
967721635301163010
967721683741233152
967721763118477312
967721812640575488
967721850590650368
967721855447715842
967721873281863680
967721903745110016
967721932165734400
967721952126279681
967721965380304897
967722033588199424
967722034439606274
967722202698305536
967722254699253760
967722307216203776
967722331509374976
967722332147007488
967722347812843520
967722357325488128
967722384752021504
967722435176009728
967722527463161861
967722543313489925
967722554784874496
967722650545074176
967722675681550336
967722684539981824
967722690915241985
967722896297746432
967722928375783425
967723075595915265
967723250099916805
967723294416867328
967723340256432128
967723485744259072
967723527930597376
967723662471319552
967723666023821312
967723694809337856
967723750165700608
967723752443318272
967723881212637184
967723916423827456
967724027052724224
967724120040493056
967724140152131584
967724154186280960
967724174922997760
967724212772319232
967724254442631168
967724278698446848
967724332624613376
967724358369148928
967724450388029440
967724463956680706
967724520948883456
967724555161821184
967724567950225408
967724626594992129
967724671897686021
967724774934892544
967724801661046785
967724834129137665
967725123951321088
967725141097680896
967725191412535296
967725265551052800
967725290305851392
967725303383625728
967725383981420545
967725386711773184
967725386808246272
967725395150819335
967725397000507393
967725545487249408
967725609031028736
967725700693331968
967725715767652352
967725755743350784
967725786533908480
967725883753746432
967726107247153152
967726131288952834
967726136196149250
967726390530465792
967726456276160512
967726507207675904
967726548009840640
967726553114251269
967726571489554432
967726703987646464
967726741405011968
967726745230233600
967726768814772224
967726771612381184
967726898175504384
967726943624974336
967726996318031877
967727048042209285
967727075363819520
967727161833529344
967727176975036416
967727190916952071
967727339781197824
967727469066440705
967727488951611392
967727507918254082
967727514301935616
967727663984054272
967727693377818624
967727739292803072
967727850391592961
967727897103519746
967727943794548736
967727944004177922
967727959841718272
967728078175834112
967728116251717632
967728124015333378
967728170559590406
967728256488177665
967728286141906944
967728333424349184
967728371936448512
967728476114554881
967728792637706240
967728845343338496
967728884924915712
967728902604017666
967728926914203649
967728967234064384
967728967783538688
967728999693717506
967729042551123968
967729117322936320
967729307127812096
967729436824166400
967729458516983809
967729474564390912
967729561843699712
967729570148503553
967729587907121153
967729658073702400
967729733520814080
967729978052837377
967730053936230402
967730096340721664
967730290931232768
967730376872521728
967730380458643457
967730384061399040
967730427673923585
967730540903305216
967730566199115777
967730691822714882
967730734353014784
967730735586082816
967730847091691520
967730909104533506
967730930512269314
967730958832160770
967730967451402240
967730978348249089
967730981854744576
967731059722014720
967731113614594049
967731146275672064
967731148645371904
967731164722188288
967731166966112257
967731178735316992
967731235681218561
967731326999810049
967731361598660608
967731451243499520
967731455634878465
967731526552162304
967731537570684928
967731558101803008
967731588594327552
967731606789197824
967731621033054208
967731718991089664
967731766172770304
967731808291950593
967731821826985986
967731837094256640
967731919990517760
967731961526702080
967731971202928642
967732000965656576
967732008301547521
967732040400502786
967732082586931201
967732100202975233
967732189466169344
967732199045959686
967732216691417088
967732393078591488
967732416042315776
967732529611591680
967732546225233920
967732560330678273
967732790396678147
967732800689524741
967732828854280192
967732842523394048
967732955832602625
967732957866799105
967732961801129984
967733012656947200
967733142562852864
967733145557614593
967733207855661058
967733239942205440
967733362826842112
967733433819652097
967733474349256704
967733480577798144
967733489314484224
967733536609447936
967733549804777472
967733686744571905
967733768554516480
967733775277920256
967733788800421888
967733878323662848
967734022624473088
967734271380279298
967734518697332737
967734563635191808
967734629334769664
967734634892193792
967734665003126784
967734742551494656
967734886457995264
967734922260729856
967735026224910336
967735028951277573
967735036404486144
967735074677456898
967735156260810752
967735183586877442
967735253816225792
967735320497344512
967735322158227457
967735369218363392
967735401413791745
967735407558430720
967735454308229120
967735462365483008
967735504786640901
967735580107952128
967735598059610113
967735673238310918
967735754871967744
967735765315747840
967735809821609986
967735851294871553
967735863345143809
967735872425725952
967735887776886784
967735920433750017
967735995507539968
967736000624644097
967736006664433665
967736138776694784
967736200978227205
967736205570904065
967736210201497600
967736211178696704
967736215414951936
967736252861730817
967736277746434048
967736305814777856
967736309304344576
967736314219999233
967736343227977729
967736385493970945
967736451885563904
967736479370932224
967736550565011456
967736563923869696
967736611365584896
967736628323201024
967736642843783169
967736655934140422
967736659260317696
967736674141769728
967736778567356416
967736790697283584
967736795957026817
967736893277458433
967736905751293952
967736958331113472
967737012748017664
967737018636734464
967737031815303168
967737043009851392
967737080108539904
967737081400385536
967737099058368512
967737115185475584
967737125734178816
967737142683332609
967737169648513025
967737213885796354
967737221510987777
967737253081550848
967737316042297344
967737362427064327
967737415816351745
967737530350268416
967737542341742592
967737548029284354
967737565947355141
967737604799070208
967737608297164801
967737617809895424
967737620796264448
967737632955535360
967737709421842432
967737715486810112
967737760051335168
967737836110827520
967737885825929217
967737942318952448
967737942902018053
967737967065346053
967738076939374593
967738124922245123
967738157251940352
967738187362775042
967738199215927296
967738311921020928
967738328186580992
967738340375228417
967738378623049728
967738406062252032
967738425507008513
967738433790717952
967738467252875264
967738531207630848
967738594617040904
967738608852455424
967738655824629761
967738780881956864
967738849001725953
967738856861822977
967738917901434880
967738947248979968
967738955314749440
967739060692414466
967739080804052995
967739117156159493
967739182712942592
967739219786510336
967739219971133440
967739227877330944
967739228141453313
967739309645271040
967739320336568320
967739323876560897
967739339923845127
967739343895977984
967739394508640257
967739444924243970
967739503443103744
967739524519530496
967739576860184576
967739582031699968
967739591695486976
967739602651045889
967739628018176000
967739637409050625
967739718996779008
967739841172697088
967739851327131648
967739879378640896
967739934361579521
967739951839432704
967739997146304512
967740003076984833
967740069141499906
967740098732285952
967740123671646208
967740129464016896
967740167409856512
967740169095753728
967740170811379713
967740172543635457
967740219129827328
967740231284936704
967740263815884802
967740288046219264
967740344493223936
967740370233757702
967740374247727104
967740380866334720
967740404899762176
967740460059054080
967740496624877570
967740628183474176
967740724522442752
967740730130145280
967740826360131585
967740868282200064
967740873986531330
967740929858768903
967741059429294080
967741117998469120
967741121962135552
967741128639467520
967741165230546944
967741216090722304
967741274324422658
967741323401990144
967741414670061570
967741591564759041
967741665413947392
967741704790073344
967741727942627328
967741746317754369
967741883438026752
967741909241384960
967741975305900032
967741999418880000
967742015978049536
967742050165813248
967742196744183808
967742280282013696
967742300406321152
967742384514662405
967742551355731968
967742576228003845
967742656486019072
967742723531952128
967742762132140032
967742801923493888
967742805509632000
967742938775244800
967743029741268992
967743119834959873
967743182732693505
967743197106581505
967743198452953089
967743243231342592
967743257773006848
967743312508719104
967743367806365702
967743414799360001
967743416879800320
967743437117194240
967743448307654656
967743462413135872
967743481182638080
967743491148320768
967743501659267073
967743529077354496
967743569875296256
967743580302430208
967743656701714434
967743672954621952
967743817972703233
967743824922595328
967743824406642690
967743830463270912
967743857327857664
967743924940038144
967743929516019713
967744072613064704
967744138065084421
967744139256320001
967744148227969024
967744225461833729
967744246848671745
967744258479480832
967744284568051712
967744322069295105
967744339626676224
967744394009997312
967744418974457856
967744446002589696
967744447684468736
967744476553850880
967744562218328066
967744598696189952
967744743546474497
967744781333024768
967744841953275904
967744910458785792
967744943962943488
967745144895262720
967745375821058048
967745408209481728
967745442833420290
967745452648038402
967745517542354944
967745522747564032
967745593601904641
967745632898289665
967745698383958017
967745707955417088
967745887308075008
967745930610073600
967745931134324736
967745958594465792
967745990097801216
967745991368761344
967746062705405954
967746094313721858
967746205441843200
967746211812986882
967746247258984448
967746355635654656
967746358999334914
967746432588566528
967746439517495297
967746485453492225
967746490906152960
967746535726501888
967746548795928579
967746554214928389
967746677372317696
967746680979447808
967746719105601536
967746785329451009
967746809736105984
967746875033116672
967746884273139713
967747027487592450
967747155090903042
967747343566168064
967747351199789056
967747398469644288
967747447094218752
967747461187096577
967747506615521282
967747510549741570
967747549754019840
967747623913447424
967747630083334144
967747684454027265
967747730851364864
967747752120799239
967747806550257664
967747838884139009
967747919641268224
967748002835324928
967748048532189186
967748211963199489
967748264039600128
967748265813798923
967748270654017536
967748268858818560
967748306200875008
967748417056399360
967748700574507009
967748741716480006
967748750063095808
967748860184539136
967748883022581763
967748897216126976
967748964996042752
967749068461142016
967749075843108864
967749287982575617
967749349722808320
967749452298702848
967749566387949568
967749634822057984
967749647430311937
967749713993912320
967749829467279362
967749945355853824
967750043347406848
967750058753085441
967750167461072896
967750185395937281
967750215779409921
967750282762424320
967750288663773184
967750410856476672
967750463264382977
967750499113021440
967750571464757249
967750593145131009
967750636644257793
967750643074174976
967750696195026944
967750760019693568
967750939208765440
967750948469829632
967750948885016577
967750988642824193
967750993395048451
967751024537690113
967751068925988864
967751163033595906
967751167504773120
967751209099649024
967751340599410688
967751388863352832
967751391853891584
967751520077996032
967751536787963905
967751592228347905
967751730317398017
967751792917467136
967751840770265088
967751883262750720
967751896739041281
967751904142024706
967751987587637248
967752035956379648
967752045888389121
967752155993182209
967752165203816452
967752179439333376
967752404824477696
967752464488435713
967752466702925824
967752470528225280
967752495907917824
967752565604671489
967752595786862593
967752871470125056
967752883851743232
967752911173378048
967753025220624384
967753060394196992
967753105642270721
967753115133980672
967753177885036550
967753184189009920
967753197547868162
967753245438500864
967753322475282433
967753363256479744
967753369648496640
967753419917332481
967753428117147648
967753500120748039
967753524623769602
967753564696260609
967753577279250432
967753580529770497
967753603594227712
967753644480266240
967753690739367936
967753707193593856
967753716198670336
967753787397033985
967753802521686018
967753808473333763
967753983514341376
967754019467702272
967754090083123200
967754106931687425
967754140922384385
967754163290505217
967754169493880832
967754172509708289
967754205418213376
967754273688834050
967754312981123072
967754328013459457
967754380639432704
967754470976311297
967754475443277824
967754479956316161
967754536914997248
967754547417550848
967754595840733185
967754610323738625
967754625662226432
967754641554493441
967754675880591365
967754718654033920
967754749536817153
967754814326222848
967754848551698432
967754883695828992
967754929480912896
967754931863216128
967754936976068608
967754947751284737
967755191939461120
967755255353151489
967755336252907520
967755380964065281
967755413398740992
967755536434368513
967755626934829056
967755750167711745
967755773819330560
967755791104135169
967755794061111297
967755811089940484
967755862562373632
967755890895056896
967755939213467649
967756046973505536
967756062261624833
967756077793267713
967756106578579456
967756106972966912
967756117584510976
967756123590754304
967756173578514432
967756179362467840
967756194541547520
967756223499194368
967756248388112386
967756264045465600
967756303102808064
967756320853184514
967756406119022593
967756410615468032
967756445742784513
967756545328115712
967756555415408640
967756567708913664
967756586801422336
967756621060419585
967756655831207936
967756690379759617
967756733895487489
967756760630087681
967756785066094592
967756874333507584
967756947746361345
967757044525694976
967757113857593344
967757179716620288
967757180651814912
967757248943607808
967757320380968960
967757403130351617
967757405818941440
967757411149910016
967757458428096514
967757503244197888
967757513671237632
967757630688153600
967757658928439302
967757680722014208
967757740226555905
967757744341123073
967757789010505729
967757802524626947
967757846321467392
967757927200280576
967757974612664320
967757995068313602
967758049292312581
967758093793849345
967758198559166465
967758346752331776
967758379476234240
967758386694643712
967758388682723329
967758412690935809
967758578089111553
967758633709776896
967758654668787712
967758717612646400
967758726647119875
967758736885473280
967758756972060674
967758787292663816
967758790593564672
967758792267005953
967758895027384321
967758976745172992
967759184887472128
967759268471549952
967759283201937408
967759416736079872
967759432628260865
967759522545750017
967759583790927873
967759624790257664
967759629382975488
967759719896002563
967759737768079361
967759770622025729
967759832223645698
967759844991172609
967759876662448129
967759908342026240
967759994564284416
967760059303383045
967760149212532736
967760155055149056
967760173476478976
967760210961031168
967760281614024704
967760366095740929
967760392196902912
967760495750139906
967760511575216129
967760539597312001
967760543330308096
967760547423965185
967760561420296192
967760635806306304
967760743457280002
967760763275358208
967760816270381056
967760898357190656
967760931076890624
967761058457845761
967761112816078848
967761150103506944
967761202544873474
967761236581634048
967761272518430720
967761288762937345
967761350654087168
967761363429818370
967761392270012416
967761419583148033
967761500604690432
967761503729389568
967761540547055618
967761553578713089
967761654875385856
967761677688213504
967761689306456064
967761814804160512
967761825575178240
967761833489727488
967761894382718977
967762030500483073
967762138411487232
967762260310577152
967762289230303232
967762373804265472
967762455349858304
967762463818166272
967762476858331136
967762477890129920
967762515647254529
967762629962977280
967762630663434241
967762627962191872
967762654805856256
967762676565848064
967762684388237312
967762760405782528
967762763127934977
967762775580856321
967762877615570944
967762924638035968
967762967419916289
967762986281644032
967763037817069568
967763039377379330
967763129118744576
967763147162611713
967763231317090304
967763237596028928
967763259062390785
967763270374449154
967763281380364288
967763399831670785
967763467385139200
967763508036296705
967763656502112257
967763668204249089
967763712705777665
967763715255828480
967763828430856192
967763868574416896
967764019858853888
967764066558205953
967764089643642881
967764148481413120
967764220745052160
967764361430425601
967764627076632576
967764635985305601
967764793326276608
967764819129634818
967764860716142592
967764864205754368
967765021081133056
967765062374092800
967765210743365632
967765238853533696
967765243047960577
967765402272100353
967765446832345088
967765541539721217
967765550251126785
967765648548954112
967765688906633216
967765710540767233
967765725879390209
967765728144379904
967765736314802177
967765777247080448
967765814773518336
967765815054479361
967765833555632128
967765873288208384
967765915914907649
967765946831200256
967765953655312384
967766015890395141
967766182643322880
967766229376208896
967766277677895681
967766317846683648
967766337174016001
967766339921293312
967766357386432513
967766368656543744
967766370451709952
967766496989646848
967766502287036416
967766516388319232
967766528975360001
967766610982432768
967766673783771140
967766682176540672
967766682281398272
967766683980058624
967766688782458880
967766692372926464
967766755987853312
967766791664689153
967766805493272576
967766846786203649
967766949412397057
967766993884631043
967767034128936962
967767107147587584
967767204837183488
967767295996121090
967767313951883265
967767425977606144
967767434089369600
967767477139726341
967767517925203969
967767546890919937
967767549235482625
967767550812594177
967767552364462080
967767590184603648
967767651014660097
967767706668847104
967767835048140800
967767893864796160
967767904283451392
967767932305661953
967768043073015808
967768211314716672
967768272614711298
967768649355354113
967768652215996416
967768691847942144
967768707094196224
967768822718459904
967768827873452033
967768938741485570
967768976678883328
967769236159500288
967769291411116033
967769361934159872
967769599281426432
967769687500165122
967769724917637120
967769732979052544
967769834976108544
967769922960068608
967769978035429376
967769981315239936
967770080544206848
967770167076847618
967770185838022656
967770249197244416
967770294877384704
967770297679171584
967770357708058630
967770405606952961
967770474393587712
967770554056019974
967770574360645632
967770609605279744
967770901256208384
967770905723236352
967770985096204288
967771028205154304
967771088712282112
967771218383458305
967771223131394048
967771391293616129
967771397203218432
967771459908141056
967771567362117632
967771593828126721
967771617211371525
967771637599866880
967771699952398336
967771704876503040
967771740918243329
967771780868968450
967771818936492034
967771931524116481
967771968119373825
967772108242739200
967772115012374528
967772189440249856
967772194813239302
967772214627127297
967772306406813697
967772309502251008
967772340720427008
967772352728756226
967772375369465857
967772503585312768
967772572229230592
967772725837271043
967772734242553857
967772830648725504
967772833794404354
967772840731738114
967772868367990784
967772879680163841
967772944867975170
967772982625079297
967773029227876352
967773138879766528
967773342584451073
967773396393226245
967773399534600192
967773469646753792
967773524898304000
967773559010586625
967773570955792384
967773600152539137
967773628124233729
967773704418717696
967773702199836673
967773704636678144
967773753101967361
967773845775179781
967773877832175617
967773940859928576
967774047701487618
967774090504409088
967774097638940673
967774102403670017
967774239939088385
967774253608292353
967774276727255040
967774278048452608
967774302857760769
967774310868889600
967774482587947008
967774554264424448
967774602809282561
967774628147056640
967774705888395264
967774730362159105
967774734229307393
967774738008432640
967774752189317123
967774832682291200
967774835861573632
967774965926899712
967775116078829568
967775150849626115
967775253370998792
967775276796141568
967775308463079425
967775316541366273
967775338892791808
967775352276873216
967775376847097862
967775391388749824
967775451232878592
967775464621314048
967775525220515845
967775557084696576
967775611585548288
967775615041593345
967775667487236096
967775735934017537
967775760672022528
967775764216274946
967775794427809793
967775844553936896
967775844029616128
967775870785081344
967775868323065856
967775931875151872
967776047247822848
967776116734877697
967776123290554370
967776307252682755
967776336608669696
967776363850723328
967776401779806208
967776407706365954
967776424030605312
967776462588784640
967776466288218113
967776471350640645
967776474001494019
967776557581217792
967776577147809792
967776614410006528
967776620428845056
967776681082703872
967776701689278465
967776715719303168
967776745909780480
967776769951576064
967776789694119937
967776897311666177
967776921667948546
967776932631863296
967777026546552832
967777058469314562
967777098617192448
967777248890810369
967777252690874368
967777256373456897
967777284303261696
967777391383863296
967777439349919746
967777444232159235
967777481506861056
967777547047096325
967777574716936192
967777578441375746
967777588340051973
967777629758808070
967777657361453056
967777703574241280
967777709987434496
967777735115530240
967777826563874816
967777853164216320
967777997569843201
967778019430535170
967778082726858752
967778260967976960
967778325342097409
967778335542710278
967778402496282624
967778461975707648
967778495542722561
967778533941620738
967778646730604545
967778667576389633
967778828595671041
967778886175117312
967778910644695040
967778954798157827
967778964944117760
967778969868230656
967779018945810432
967779019331600385
967779030345842689
967779065318043649
967779172650188803
967779197698691072
967779204698865669
967779269723197442
967779280188051462
967779304951177216
967779305945169920
967779350857879552
967779379593039873
967779420336476160
967779434664259589
967779535046500353
967779552238981120
967779556601073666
967779595922665472
967779668290973697
967779698083287047
967779749081894915
967779793944154112
967779865993924608
967779887225417728
967780017622212608
967780044113358848
967780113575235586
967780116439949312
967780118998462465
967780186828787714
967780201353629696
967780249558769664
967780361009643521
967780473022959616
967780510096351232
967780546377076736
967780546549084160
967780551510953984
967780553998110721
967780604854132736
967780615587287040
967780661598699522
967780744037793792
967780781262327810
967780787578900481
967780989874397185
967781000234307584
967781041581772800
967781044597547011
967781092366397440
967781150956707842
967781261002661888
967781269206654981
967781397187387392
967781565815246849
967781630139125760
967781697327697920
967781722887770112
967781806719295489
967781954686017537
967782002933092352
967782025347452928
967782186039508992
967782200841207808
967782217853427715
967782238413828096
967782312619462660
967782356672303111
967782381536112642
967782418387259392
967782478420332546
967782569533169665
967782677616189441
967782684532596737
967782686499762176
967782690824089600
967782890519126017
967782964494028800
967783010149064704
967783039022575616
967783045498638337
967783172464406528
967783178084732928
967783206022938625
967783295407853569
967783310473777152
967783439247306752
967783490983952385
967783613545754625
967783675600539648
967783860560973825
967783954676899840
967784005730033665
967784034393776129
967784113733361665
967784197841670146
967784308407717888
967784612083765248
967784617863532545
967784673022828544
967784709106356224
967784761958850562
967784853394591745
967784889721524225
967784920977477632
967784925129854977
967784960886231040
967785026090913792
967785153710952448
967785161973788673
967785160799412226
967785164125466625
967785186489458688
967785244777730049
967785316382920704
967785526941057025
967785556548743168
967785658927517696
967785772396044288
967786013824299008
967786032119861252
967786043205476352
967786068501319680
967786087929167872
967786093079916544
967786102881968128
967786280133242880
967786299716440066
967786311162761216
967786328795549696
967786388732239873
967786414388711424
967786561969455105
967786681087741953
967786849224876032
967786849833050112
967786911657021445
967786983832473600
967787075058765824
967787099062616064
967787103932346368
967787126560575488
967787140485656576
967787238816927745
967787361294848000
967787412255662080
967787417842397185
967787430270132225
967787471302873090
967787546800422913
967787602668670976
967787660596207616
967787682851106817
967788073114390532
967788139061432321
967788167947571200
967788202294685696
967788225698902019
967788264483688449
967788403617038338
967788469492899840
967788731674583043
967788909693472775
967788988101791745
967789083253727232
967789098667773954
967789122113990658
967789263751471105
967789280616689664
967789282000650240
967789448556662784
967789514952392704
967789766333755393
967789796511834112
967789796826345472
967789813041639424
967789841386795008
967789874676813824
967789925813903362
967789984337088512
967790017409093638
967790087823007746
967790095435694080
967790111361552387
967790158039977994
967790202684047360
967790317893242882
967790412135092224
967790414718783488
967790498290307073
967790638153560066
967790680058851330
967790686761340928
967790759004041222
967790844471324672
967790846220427264
967790891506307073
967790931683528706
967791059387469825
967791066303823872
967791109232627712
967791176018546688
967791252979712000
967791273548632064
967791300601958400
967791308470476807
967791339797655552
967791362845310976
967791389315682305
967791435683631106
967791557813288960
967791611999481857
967791659563061248
967791752030703617
967791826408271872
967791933572730880
967791982104989696
967792104872271873
967792165928792064
967792218374369280
967792361563656193
967792426311090177
967792518065729536
967792752326053888
967792791496658944
967792837067771904
967792845179539457
967793023080976384
967793025840812033
967793104563654656
967793150017327104
967793301825949700
967793328220753921
967793468327251970
967793481765842945
967793484102062082
967793574879227905
967793612825288704
967793699148120064
967793908271931393
967793920120840193
967793942359093248
967793971744428032
967793976739880962
967794009832910849
967794035413807104
967794044494491648
967794136685441024
967794308584747008
967794335663050758
967794365711122432
967794386871504896
967794519818223616
967794531516153856
967794605361070080
967794638869299205
967794643852181509
967794678082015233
967794722059276290
967794759606636545
967794770788659202
967794781152784384
967794828711952390
967794848857288704
967794962552295424
967795368321867776
967795428774342657
967795432435978243
967795478963412992
967795510110285824
967795611608211458
967795650774659072
967795665224036354
967795796933476353
967795809356955649
967795882191130628
967796044997320705
967796097149120512
967796337243820032
967796340834086912
967796379081957376
967796380453539840
967796428780265473
967796543368638464
967796677087252481
967796770498637824
967796775695380481
967796863121477632
967796955203153920
967797010475732992
967797020361740288
967797101353750528
967797102855237633
967797245633441792
967797312763330561
967797361404796928
967797591072178176
967797778859642882
967797796215705602
967797835772162049
967797906513244160
967797971373973507
967797972305137664
967798030261989376
967798114961756161
967798124415717377
967798294549327872
967798346369904641
967798428351848456
967798472060653574
967798474539487232
967798490616254470
967798502976839680
967798592172904448
967798606395858945
967798614620889090
967798648573714433
967798668693778434
967798750025584640
967798850395271169
967798889901449216
967799218034311173
967799245347500032
967799265908191233
967799316185337857
967799375706705920
967799622541422595
967799641755578368
967799655625932800
967799794826608640
967799833472925696
967799911092760576
967799944966033408
967799993192075264
967800041921499136
967800197744128000
967800232275783682
967800283320418309
967800352916623360
967800570135433216
967800602989342720
967800622681600000
967800809579778060
967800823077011457
967801003612483584
967801043718418435
967801083417554945
967801148378898432
967801258668064769
967801358597480448
967801402935267328
967801529737580544
967801719462744064
967801729118101505
967801832256016384
967801880314294273
967801973507592193
967802014280372229
967802061986377729
967802100154544128
967802129581854721
967802139727794177
967802188289454082
967802232052899843
967802243419377664
967802266886565889
967802312445046785
967802379193208833
967802504091226113
967802546390740998
967802717291909123
967802830424805376
967802913916628992
967803207941525505
967803410685878274
967803428540960769
967803732355436544
967803842283950080
967803956285005824
967804014086668288
967804033510592512
967804097809313792
967804117505794049
967804305536372736
967804323219628032
967804380891287553
967804470540324864
967804493332123648
967804495030882305
967804553130315781
967804582142373889
967804583572594690
967804626002219009
967804704238505986
967804809037385728
967804836556177408
967804894374715392
967804909474152449
967804914574479367
967804917015556096
967804946765811712
967804974137737217
967805487923318785
967805525877551105
967805570488193025
967805578906099715
967805612250796032
967805620689645568
967805622224764929
967805697726480389
967805803154542592
967805932372717568
967805933513568258
967806008335749120
967806051600003079
967806357884821510
967806390680121344
967806442312032256
967806475962929153
967806622474166272
967806650110431232
967806656783450116
967806710919254016
967806774416957440
967806862656667649
967806874027462656
967806890334937088
967806893392650240
967806963617816576
967806971272466434
967806981628153856
967807002511634432
967807024338792449
967807177988722688
967807200319156224
967807267407097856
967807370251456513
967807411720540161
967807412735442944
967807479852732416
967807730202365953
967807763928829961
967807807197270022
967807823806697472
967807859667947520
967807865376444418
967807885454569473
967807904765087744
967807907042660354
967807917318602757
967807975866892288
967808035514191874
967808046280904704
967808076752572417
967808311360974853
967808311616733184
967808313739051008
967808394768932867
967808431259340802
967808480584314881
967808546393022465
967808706862813184
967808723904352261
967808894981591040
967808925511880704
967808966565748736
967808972165206019
967808994185285632
967809083242962945
967809172917153792
967809221701095424
967809409870192641
967809490837032961
967809576295915520
967809647389405185
967809840625184768
967809991079026689
967810059286777858
967810095634624512
967810216556400643
967810345623588864
967810386442489856
967810405161734144
967810416310214659
967810483314155520
967810538024701955
967810559507705856
967810831986683904
967810837376307200
967810906074775554
967810947875139584
967810990128627712
967811000249540609
967811110605869056
967811116389818369
967811177941266434
967811230248431617
967811293603422208
967811297437016064
967811431356948480
967811443868434432
967811463204270082
967811497681354753
967811514513133575
967811561627832321
967811583413047297
967811662307840001
967811780893462530
967811783783342080
967811832646983681
967811845552734208
967811853140267009
967811900544307200
967811974066331653
967812000020664322
967812040516612101
967812108166553601
967812158628261891
967812186419744769
967812212416008193
967812275406082048
967812319223873536
967812350165377024
967812381291229184
967812435011874820
967812439449456640
967812526481297408
967812548702687232
967812580558475264
967812604537311234
967812700334993408
967812836771627010
967812890576211968
967812926919925762
967812997698785285
967813023682396168
967813115906838528
967813205195218945
967813251345141760
967813278406717441
967813281544114177
967813331775033345
967813374758342657
967813381292986370
967813519013040131
967813568216420352
967813593445163010
967813632791908352
967813685015203841
967813701901303808
967813844184829952
967813898312314888
967813941345898497
967814053736468480
967814070324805632
967814209328345088
967814245797810177
967814284179857409
967814384012746753
967814560848760832
967814650124480512
967814817460432896
967814897714319361
967814901304582144
967814935429484550
967814940890488834
967814942832381954
967814974402977794
967814976168701952
967815020309565475
967815096377532418
967815103264501761
967815183941951488
967815337206079488
967815358882213888
967815365492379649
967815382160543744
967815415203164160
967815468491923456
967815602739007488
967815691675078656
967815713636474880
967815800097734656
967815801947508736
967815849330569219
967815910538076166
967815941009625088
967815948458774528
967815980742213632
967815983355367426
967816107607429120
967816137521197058
967816542963499008
967816563645648896
967816628455997441
967816646504140803
967816689340633090
967816740603342848
967816753228038144
967816767463706624
967816780121915392
967816807766781954
967816824694898689
967816860979822592
967816957876727813
967816998339084288
967817051501887497
967817152530124800
967817217084674048
967817394461736961
967817462334087168
967817481963393024
967817531477184512
967817536162197513
967817541925199875
967817570974879746
967817607528222720
967817738394595328
967817755536838656
967817816941481987
967817820414398466
967817875775000581
967817902522028032
967817905953017857
967817964450926592
967818099138416642
967818213726834689
967818216486723584
967818379301216263
967818427925753856
967818444547780609
967818443469873152
967818506803834880
967818511996325889
967818525292355584
967818527443968002
967818552177844224
967818567486984192
967818621308358656
967818699402104832
967818727415795712
967818730511224832
967818735112343553
967818752346804224
967818804871876608
967818822240612352
967818857649000448
967818863869136897
967818883720720385
967819051291545600
967819134204596226
967819134141648897
967819152705630209
967819164227338241
967819222159187970
967819246020546563
967819250168508416
967819352216162307
967819409736728577
967819431203295232
967819481862098944
967819519912763392
967819625512820737
967819725421019136
967819728164212742
967819751241248768
967819850218426370
967819874436354048
967819874918699009
967820068594831360
967820129051533312
967820355204153344
967820409478500352
967820510208835584
967820512268374017
967820518878523393
967820574918619136
967820607726538752
967820642014855173
967820714316324864
967820831672979456
967820889378246656
967820908932059137
967820911591284736
967820932625633280
967821056340832256
967821117082783744
967821178751668226
967821237752860674
967821329591398400
967821378522112000
967821486630293504
967821503680204800
967821502652518401
967821509283794946
967821511997448192
967821536001478656
967821543312183301
967821618843213824
967821642104819712
967821656096956418
967821687206154240
967821701902929927
967821709616263168
967821719607050240
967821740041752579
967821741555961856
967821792470585346
967821932908380161
967822027213156357
967822119341043718
967822207056580608
967822338136866816
967822416822009856
967822494014066691
967822504675995648
967822520383692802
967822528101183490
967822568240578561
967822592869466112
967822601916698625
967822684812972032
967822693218373633
967822734335070208
967822758813028353
967822770204798977
967822801347506176
967822881823506432
967823062094831617
967823111260397568
967823167883530241
967823185050767361
967823257167716352
967823294392098817
967823318362611712
967823340290367488
967823394501775361
967823422976876544
967823445147955202
967823450025971714
967823577562173440
967823617336717312
967823798199373825
967823821083496448
967823845703942145
967823903178534913
967823921092448264
967823995956547591
967824108066131971
967824528029122560
967824614205386752
967824651186593793
967824689396666374
967824872964546561
967824912995028992
967824937468690433
967824977226543109
967825012802707456
967825024995545089
967825052602335232
967825127932035073
967825163487150081
967825184295129088
967825244114350081
967825256940490752
967825478353637378
967825517864017921
967825577813176320
967825654388547585
967825703205994496
967825809095487488
967825877588480000
967825982345416704
967826010489094145
967826070941597699
967826124532277250
967826126692405248
967826153607221251
967826175434350593
967826250709467136
967826341709189121
967826598027292672
967826769289113600
967826849328967681
967826911761256449
967826950545969152
967826972209532929
967827034863960064
967827082683256832
967827097573122049
967827102513991681
967827209204445184
967827223456702466
967827273771601920
967827325634187294
967827369942749184
967827430785404928
967827543985410048
967827605394247681
967827681709568000
967827814400643074
967827971665952768
967828032198250496
967828209378013184
967828215262826497
967828231066877952
967828263899975681
967828300231069697
967828326730600448
967828618159230976
967828722475814912
967828724224847873
967828740632989703
967828785440612352
967828824774922240
967828942676783107
967829027682648066
967829044870959109
967829084733624320
967829110763507713
967829133911904256
967829157811048449
967829191151546369
967829298970288135
967829350002446341
967829435343822848
967829484450828288
967829536497905664
967829558664843264
967829624037273602
967829688117841921
967829719390543877
967829730069270529
967829764294791170
967829790865723397
967829821333147653
967829837514792960
967829881953374208
967829916103462913
967829925611765760
967829964660858881
967829998638960641
967830010848534532
967830020399026176
967830028800143362
967830105077755904
967830142813986823
967830168143384576
967830210065334272
967830251991654406
967830269515485189
967830322934140929
967830364956905472
967830367179812864
967830392928686080
967830423706505216
967830424981573633
967830537720270848
967830570867806210
967830606401953792
967830682524422145
967830749427781632
967830782193659904
967830811784380416
967830848912482304
967830949013671936
967830989492940803
967831004323999744
967831058027896833
967831127921713154
967831224160055296
967831272893616128
967831335250419712
967831347992715264
967831399121260544
967831480348143616
967831515169206272
967831532562993154
967831597448769536
967831853012017152
967831953750700032
967831975510904835
967831976270028800
967832066632110085
967832091764445184
967832122709987328
967832200275222528
967832216431710208
967832291333562368
967832293330112512
967832321985523717
967832481134202883
967832540622008321
967832553527873536
967832633370652673
967832670377009153
967832705999056896
967832815550201856
967832850052546561
967832864401305600
967832890477285377
967833018042810368
967833049420435456
967833090566574081
967833130567598080
967833227825205248
967833261765529600
967833340660330496
967833456968437760
967833474563497985
967833529227849728
967833630964899840
967833663445569536
967833696937107457
967833866017927168
967833892517568512
967833954043793408
967834122814214144
967834334857256967
967834339609366529
967834484174393346
967834541607063552
967834670607093765
967834729444716544
967834766086156291
967834771224227840
967834787141636099
967834835728420864
967834923280293889
967834923624206336
967834974572417027
967835010043666432
967835015265640451
967835031166246912
967835036262289415
967835074283655168
967835082567356416
967835119502360577
967835220186750976
967835318408876035
967835320069902342
967835333864902656
967835350906351617
967835369453555718
967835384616046594
967835414525546501
967835457546543106
967835546432278531
967835587137998848
967835667173650432
967835673385414657
967835700707102721
967835711146782721
967835757481283585
967835814192435200
967835906563592192
967835948263313408
967835983558389760
967836000465584131
967836012083851265
967836024557719553
967836029284691968
967836090819280896
967836095189745664
967836106124341248
967836150168776704
967836161677897728
967836251180163072
967836266913026051
967836299586654210
967836303470596101
967836308042321920
967836424568561665
967836436216123392
967836444214595586
967836463839760384
967836471976751104
967836475252465666
967836539697983488
967836551249002502
967836629883850755
967836687979241473
967836705154879488
967836709802205189
967836810725482496
967836848180678656
967836875833724930
967836889179975680
967836902970789888
967836972336238592
967836982205325312
967836987104415744
967837028678361089
967837057207930880
967837060806651904
967837125629698049
967837180273012738
967837201101975554
967837206567178241
967837257871785985
967837331746115584
967837347759960065
967837371331850240
967837395944124417
967837420908679169
967837438403072000
967837535039836161
967837588336840707
967837638173626368
967837770709458944
967837821968011264
967837900195942410
967837902720905216
967838006282477570
967838024917835776
967838051803295745
967838069096370177
967838075056467979
967838156363042816
967838188529168388
967838224667299842
967838304715640841
967838367516946432
967838379281969158
967838381660090368
967838518134345729
967838531325394944
967838564045197312
967838565165039616
967838791116476417
967838862071533568
967838874729877504
967838944070160389
967838970527830016
967838976697688064
967839069270102016
967839121875062784
967839164065636352
967839171036491781
967839206725865478
967839305753382913
967839365647958018
967839368412057601
967839373570883584
967839405229604865
967839471088619520
967839490357243907
967839556174254081
967839596934397952
967839603481722880
967839618170318850
967839639569608704
967839643847806976
967839697685934083
967839776199073792
967839809732513792
967839848018178049
967839858185195520
967839873242722304
967839958915575814
967839997314420738
967839997679362048
967840040817709056
967840073361317888
967840119691661312
967840130546495488
967840165816406017
967840276109774848
967840324520497158
967840349191221248
967840362617335813
967840419626323968
967840418959450112
967840441382162433
967840461372182529
967840495195099136
967840509988360197
967840596483190784
967840618021097473
967840659968204800
967840751869718530
967840771754819584
967840798904635392
967840880236392449
967840904974389248
967840931029303296
967840935827484672
967841004723277826
967841039737348096
967841045202513921
967841149590409216
967841236433371141
967841323087749120
967841342582935552
967841349256011776
967841513861533700
967841541405495298
967841583348486144
967841633189421057
967841639044665344
967841697131581447
967841712163971072
967841730358906880
967841750755790849
967841763061829632
967841832150491136
967841844255186944
967841860252262409
967841885892042752
967841953491705857
967841968603705344
967841972118581248
967842102817230848
967842150133174272
967842209281204224
967842215706943488
967842219670503425
967842288247459840
967842434905444354
967842443927355398
967842479344144389
967842483442016257
967842486726086656
967842589830451200
967842600593121282
967842603466133505
967842619450634243
967842656629018626
967842702388842497
967842722840219648
967842797549178881
967842810484453377
967842815949660160
967842835264364547
967842858588876800
967842940306579457
967842969196867584
967843043549335552
967843057466068993
967843142086078466
967843147152797697
967843290858049536
967843305777229824
967843502544572417
967843512392675328
967843516540903424
967843518117904384
967843522706485248
967843524086439936
967843525592203264
967843527097921536
967843528654008320
967843712523997189
967843735399796736
967843785668427776
967843809852821504
967843850239832065
967843875468570625
967843922801319936
967843975431368706
967844137797148673
967844148802973698
967844217581199362
967844250107949056
967844468450762752
967844523509538818
967844743106318336
967844786299375616
967844790732804097
967844859032866818
967844900988440577
967844911021043712
967845062464950274
967845095528546304
967845129972273155
967845196535926786
967845201195696130
967845239426830336
967845257311346689
967845258628354048
967845275237789697
967845298558193665
967845358486335489
967845395282976769
967845498987130882
967845557720047617
967845779770675200
967845788285095937
967845869990137856
967845892131885056
967845915921932288
967845952391434242
967846186827776000
967846192955777024
967846289957445634
967846472728432640
967846557109358593
967846683135676416
967846755713855488
967846761757904896
967846901818290176
967846948907732994
967846978162954240
967847067602255872
967847076255080448
967847191413972993
967847202281476096
967847363275644928
967847446201229312
967847557044035585
967847609401569280
967847627755872257
967847765136027655
967847995763982336
967848056082268161
967848120318156805
967848229013479425
967848256607801344
967848415387357185
967848537135468544
967848649282805764
967848696611155969
967848817466003456
967848821354041344
967848857127309315
967848964694396934
967848969123528704
967848984730570752
967849067576471554
967849190452756481
967849215677337601
967849243208835073
967849245251395586
967849248745312257
967849268957425664
967849294198951939
967849353015627783
967849500894289922
967849504442548224
967849578522464257
967849592804052999
967849593085054978
967849781883174913
967849833787686912
967849917841633282
967850123056308224
967850257680883713
967850312781455365
967850601357901824
967850685617393664
967850701698338818
967850799425441792
967850822762672128
967850856023560192
967850888629977088
967851017143537664
967851033149038594
967851104405999617
967851124878225408
967851126266712064
967851195246239744
967851262279593985
967851322287579136
967851359981768704
967851463409102848
967851662802120710
967851762194567174
967852050720743425
967852062489874434
967852108274946048
967852160259149824
967852161395822598
967852236628996096
967852402597683200
967852427499261958
967852470822166529
967852553328300033
967852555953954817
967852804558635009
967852832098607107
967852855548891138
967852912453054464
967853031927832576
967853181865725952
967853281069453315
967853358752194560
967853379249754117
967853463618146304
967853526432002049
967853568534380544
967853602738966531
967853643859988486
967853710947872768
967853727083352065
967853750886027264
967853820230463489
967853891676143618
967853993039974401
967854020919521282
967854036576817154
967854127257653249
967854173990637568
967854195188617218
967854259663527936
967854283671638016
967854304357961730
967854326323564544
967854341188091905
967854354391855104
967854612614144000
967854716087611397
967854763483254784
967854837831471104
967854861269127168
967854863047573504
967855120724750337
967855216413609985
967855291760029698
967855300295450624
967855366582173698
967855484379320324
967855559125979136
967855596488810496
967855740428963840
967855779167592448
967855951591165952
967855956469141504
967855980418666497
967855992573710337
967856170949017600
967856194034585605
967856205849821185
967856261898428416
967856340034039808
967856344412966913
967856449991905281
967856468404916224
967856536692449280
967856596884758528
967856620947591168
967856628287660034
967856718519656449
967856728825090049
967856769723699202
967856777768374277
967856782914633728
967856915370987520
967856964486213633
967857029284007936
967857101522554886
967857143507496967
967857165796102144
967857285224595461
967857410776993794
967857451583377414
967857587277443072
967857601873629184
967857705066037250
967857817188257793
967857873622568960
967857919554457600
967857945873649665
967857946758713345
967858001263648769
967858030447595520
967858030623838208
967858085271429121
967858115399110656
967858127843545088
967858159263141889
967858286799319041
967858318868975616
967858326485663744
967858330990505984
967858552130949122
967858611350319104
967858611849519104
967858739708682242
967858775511175170
967858880385572870
967858954591244288
967859044450033665
967859079434653697
967859175127683073
967859229779419136
967859293197234176
967859376429109248
967859505034858496
967859570818387970
967859686509809665
967859689001234432
967859704537010178
967859936670732288
967860039263358977
967860050365730817
967860084750594049
967860134327341057
967860158343852034
967860179436998659
967860229546356737
967860242800435200
967860246541733888
967860252434628609
967860275415306240
967860336090075136
967860405069668354
967860498694799368
967860538368720896
967860554332295168
967860723937259521
967860796343668736
967860830153924608
967860890623234049
967860900559511553
967860917844234241
967860925779898369
967860944377470981
967861006348234753
967861014007046144
967861044524847109
967861149353070598
967861213748170754
967861373228249089
967861408774881280
967861431675666433
967861433701732352
967861504597987332
967861548990521344
967861616627793920
967861634948567040
967861707400990723
967861731274960896
967861777877864448
967861816712925184
967861850200305664
967861993834270720
967862075576999937
967862177985105920
967862368402378753
967862408537628672
967862479475892224
967862525067919360
967862532970090497
967862612439351296
967862615899701248
967862617443246080
967862621671112704
967862637685104640
967862701966929923
967862707717328897
967862711290867714
967862780828233729
967862862671687680
967862909010432003
967862967747399680
967863071044640768
967863157086670849
967863168688148481
967863189894582272
967863236996542469
967863241216053248
967863285692469249
967863286766194688
967863290574573574
967863378126495745
967863564957638656
967863676052140041
967863809309323265
967863814527029248
967863942251995136
967863942214234112
967863953765421056
967863986749403136
967864066336329728
967864089237164033
967864090189279232
967864133281636352
967864274654810113
967864469446676481
967864473116643329
967864640825851905
967864727048261632
967864759759659008
967864906505744384
967865008381194241
967865027356176384
967865071752839168
967865199817568257
967865279635222530
967865351320031232
967865384308232192
967865438611869698
967865651170856965
967865651468611585
967865892003565569
967865956067397633
967866255871918080
967866269688098817
967866363069935616
967866384075165696
967866440836579328
967866448566784006
967866523388915712
967866587092045825
967866669069676550
967866723679506433
967866737894002691
967866790943567873
967866933717676033
967867088483356673
967867140975087617
967867147446898689
967867332726083584
967867334936485888
967867412874919936
967867441111060482
967867540578951168
967867654894706689
967867682862325762
967867789028585475
967867906317983745
967867917189763077
967867984592195584
967867987356250112
967868010798120960
967868027655086080
967868132227452928
967868235579363329
967868274192080898
967868295096471553
967868332094509057
967868336796307456
967868353128824834
967868428190175234
967868439481257984
967868444946391041
967868525112102918
967868545072877570
967868578216194048
967868581911449609
967868718834470912
967868901961977856
967868954793467904
967869144602415105
967869251540447232
967869299527385088
967869396826849280
967869482193440768
967869485964320769
967869549709111296
967869652423626753
967869676381405185
967869767565660161
967869850461917184
967869902529925120
967869904685817856
967870009799315456
967870070625103877
967870148098056193
967870277764943873
967870296035381248
967870500893491200
967870583592701954
967870613502210054
967870621551128576
967870903575965696
967870919778734082
967870931468251142
967871055724515328
967871128961146881
967871133419646976
967871137458860034
967871151560183809
967871158984028160
967871195512176640
967871355541688321
967871374122393600
967871428669460482
967871455097708544
967871481165250561
967871588329717760
967871693711728648
967871700481306626
967871701416636421
967871809914892292
967871862536527872
967871958233833472
967872223179571201
967872388393127936
967872406395260929
967872412284006400
967872541682552833
967872660163117056
967872693507887106
967872767088578563
967872891068010496
967872962148818944
967873139857416192
967873208857874433
967873240369651714
967873284648955904
967873310863212545
967873519643189248
967873592343097345
967873632033624064
967873651088543746
967873743270961152
967873852515737600
967873938054201344
967873955758510081
967874023056175106
967874029100191744
967874070644772864
967874229512359936
967874263154913281
967874274487914498
967874339386413056
967874355245051904
967874408923705350
967874456264871937
967874459540578306
967874576117108736
967874608581005312
967874641707655168
967874667682975744
967874683449339905
967874771210985475
967874843692666880
967874847882825728
967874884738064384
967874905374121989
967874964517937152
967875013587165185
967875090720280576
967875123339579393
967875222404829185
967875251802640385
967875266520510470
967875282630791169
967875287936626688
967875417985159168
967875566035750913
967875572541083648
967875621799022594
967875621849313280
967875661691006976
967875715063414784
967875770470236160
967875825306624002
967875829144457216
967875890305798144
967876016487256064
967876085789679618
967876141083176960
967876187858128897
967876194073944069
967876196485816321
967876198381510656
967876201678123008
967876205260169216
967876259333181440
967876339922624512
967876415638061056
967876518738382848
967876543019134976
967876570093441024
967876611596013570
967876625395212288
967876626754109440
967876629132230656
967876630319280128
967876632168902656
967876627941146624
967876649445416960
967876664192634881
967876680261013504
967876821009264646
967876895730671617
967876908095557638
967876978161410053
967876984327098368
967877124357943297
967877142381056000
967877171397255168
967877263256641536
967877298040066054
967877301605228550
967877411768594432
967877461068386305
967877483940007937
967877527174828033
967877657751846920
967877761439289344
967877978574278656
967877987260563456
967878095381368833
967878148707807233
967878438785835009
967878506226094080
967878557736357894
967878595694735362
967878614543892482
967878666276524032
967878708311752704
967878949828202496
967878983273545728
967878987732185090
967879012658896896
967879108872024071
967879170809360384
967879260705902594
967879321053552641
967879324379598848
967879347632734209
967879375504007168
967879421318311936
967879430646435842
967879464058318848
967879470123282432
967879488095780864
967879529783087110
967879578457919488
967879592898957313
967879663749095425
967879680060805122
967879703678898177
967879793181065219
967879848059392000
967879916040671232
967879969811718144
967880046206693377
967880072714649601
967880175894462465
967880250054103040
967880427494150144
967880528937578497
967880536718036993
967880636601192454
967880735167254528
967880785851289600
967880846295355392
967880849000747009
967880866260189184
967881024662310912
967881034871209985
967881109152378881
967881173199413248
967881273657081856
967881437151137792
967881462887444480
967881559503228928
967881583402344450
967881599844061184
967881728785371143
967881726776233984
967881777166635011
967881870146002953
967881891587219457
967881922167832576
967881940736053248
967881951666475008
967881975561379840
967882000127307776
967882137721606144
967882174702727170
967882223545470979
967882273038262273
967882322468069376
967882326280753152
967882386527703041
967882435676573703
967882500122054657
967882601104101376
967882683408900096
967882739113488384
967882755546771459
967882777382223872
967882837985767425
967882897234505728
967882998065410048
967883087446265857
967883109046865920
967883257155956738
967883378996506624
967883559020228610
967883649868881931
967883715669045248
967883777606381568
967883894430359552
967883896615469056
967883916370640902
967883934494228481
967883973752999937
967884095991832577
967884139251847168
967884249222217730
967884275495391232
967884303484051456
967884344416194560
967884351479394305
967884396702380033
967884433947799552
967884442176860160
967884475140116480
967884571462262785
967884578852687873
967884621861081089
967884626307043329
967884633370234880
967884739058204672
967884760017244160
967884762802196485
967884923305676806
967884960764977152
967884965840072704
967884988300648451
967885090712846336
967885186330451968
967885313661177856
967885351636406273
967885480586072064
967885551591477249
967885667505143809
967885679316340736
967885683842002944
967885817883619328
967885928428720128
967886093713539072
967886106304942080
967886107554787328
967886268796493827
967886344667181057
967886349738151936
967886355236876289
967886477551112192
967886580957564938
967886601350103040
967886614360977410
967886957152997376
967886968456491008
967887077663825921
967887120374394881
967887201483874309
967887242055372803
967887253379969026
967887281918042119
967887352621424641
967887420019625984
967887452340973568
967887478249095169
967887495718363136
967887500676161539
967887549476888576
967887608754839552
967887621606096896
967887659707326464
967887669564006401
967887715105619968
967887758432841728
967887799700598785
967887861130330112
967887903786496000
967888150185107457
967888241549553664
967888303000293376
967888321983795200
967888458806185986
967888603689955330
967888637743501314
967888670945660930
967888790290300928
967888814881542144
967888877158617089
967888921165287424
967888936541589506
967888969718534151
967889122223382535
967889194042437632
967889205098561536
967889490093240320
967889582938259457
967889635761418241
967889807501295621
967889840661557248
967889967497310208
967889983242690560
967889990981160960
967890064482230272
967890133713391616
967890236758986754
967890239992881153
967890314886369285
967890437053845504
967890492464730112
967890665676988416
967890789631254528
967890894392385537
967890905960210432
967891060772032512
967891103830675462
967891316750409729
967891422673240064
967891523324006400
967891572351291392
967891582694412288
967891706250219520
967891750944739329
967891750856642562
967891775040950272
967891833433899009
967891994491039744
967892050879418368
967892094433071109
967892097587208192
967892205175300096
967892313245650945
967892344027611141
967892439502655488
967892527637581830
967892643140206592
967892799642357760
967892959063691265
967893265302376448
967894064501809153
967894121233944577
967894276003782656
967894318693388288
967894398620102658
967894408787058690
967894491997892609
967894525841739777
967894573652594688
967894575263174656
967894819753230339
967894903719067649
967894975357816832
967895080429346818
967895128085057536
967895191062503426
967895207806029824
967895274235379712
967895308188487681
967895357303738368
967895476942057473
967895659335516161
967896270714163200
967896279358558214
967896355485175810
967896507826556928
967896635115229186
967896637669609472
967896642488864769
967896694741454848
967896923393941512
967896933212835841
967897459551801344
967897471019110400
967897493735436295
967897667740332034
967898054350209024
967898116904103936
967898208553852928
967898303269662720
967898319669342208
967898367098609664
967898702986858497
967898710905704449
967898712994385920
967899111394594816
967899155506049024
967899208513654784
967899331855515653
967899588165283840
967899955439505408
967900064638291969
967900340027879425
967900354208845824
967900545058066432
967900552452628481
967900631292882944
967900797919989761
967900880019382272
967901044171857921
967901052749139968
967901213000945665
967901830591209472
967901954172178432
967902037814980608
967902063169454080
967902266916311041
967902276504432640
967902278077304832
967902480066580480
967902572861362176
967902689261686786
967902792559022080
967902934271918081
967903303513157632
967903590093377536
967903674277220352
967903682418429952
967903718350905344
967904079224721410
967904135327764481
967904234183127040
967904244505432064
967904253892276224
967904331960934400
967904518318018560
967905045730725888
967905122985627649
967905221795041281
967905601270484992
967905608916787206
967905733588090881
967906171674906627
967906226607706113
967906342580125697
967906573703155712
967906742251196418
967906742322581504
967906760676823041
967906773398097920
967906859679207427
967906992038776832
967907032866152448
967907103372431360
967907137249824773
967907342233858048
967907377478586368
967907463499575301
967907478901051392
967907570206822401
967907709243789312
967907761836253185
967907881948450816
967907928018534400
967907998675980291
967908002627014656
967908074743910400
967908137192841222
967908145325469697
967908201999032320
967908463333593088
967908538591928321
967908785477111808
967908868222308353
967909030424432646
967909036300685312
967909173957726210
967909179573915648
967909225602142209
967909247165124609
967909263145349125
967909480431325184
967909712938270720
967910045882122241
967910188383703041
967910268457058304
967910385226412033
967910419808571394
967910621122564096
967910914006667264
967911271659122690
967911297567395845
967911460075724800
967911924750045185
967911967804489733
967911969020874752
