977696678688911360
977697294266064897
977697500462272512
977697738027601921
977698133265321984
977698146154352645
977698278509830146
977698334315089927
977698364891463680
977698498803060736
977698524786843648
977698665207943168
977699041885786112
977699111880351749
977699186526187521
977699228540657665
977699571391397888
977699758608351232
977700196971941888
977700216492249088
977700270082838529
977700276588163072
977700326894686208
977700392204165120
977700392615243777
977700417831428096
977700482927026180
977700560295129090
977700971534061569
977701248655904768
977701415111069701
977701432903204864
977701600243474432
977701631067222016
977701785652617216
977702218651652096
977702287681474561
977702410809413632
977702545916243968
977702553814208514
977702632566353920
977702647087190016
977702869863469061
977703378250854400
977703428381073409
977703433678524416
977703550016000000
977703714055229440
977703775732342784
977704297977794560
977704471894601728
977704653759528960
977704897914327040
977704917526810630
977705344330760192
977705641409236992
977705873719152643
977705944963403776
977705954941784064
977706662713704448
977707502686097409
977707685809442817
977707803530887168
977707845314580481
977707863845031936
977707929875906561
977708080573173761
977708119680675842
977708182125494274
977708608086593536
977708648909672449
977709109385539584
977709325773926401
977709470838013952
977709472142381057
977709645958705155
977709751575474176
977710358650654721
977710531376242694
977710582639054849
977710630038851584
977711736244580353
977711791571480576
977711976762761216
977712264580141056
977712349045018629
977712629014761472
977712985815871489
977713588856152064
977714172019474433
977714692989825024
977714730461810689
977714898657579008
977715055809716224
977715081084579845
977715341823442944
977715409809035266
977716172245426177
977716338088083456
977716388885352448
977716706582949888
977716735582195712
977717077724336130
977717162440843264
977717546634874880
977717620672815104
977718570900770819
977718792548646913
977718986124222465
977719029921034240
977719170891698176
977719202286133248
977719257839566850
977719714020577280
977720866804035584
977721305993801728
977721944035356677
977722533649711106
977723571844853760
977724264320299016
977725010386259975
977725599564419077
977725684020850688
977725746805342208
977726026238238720
977726446956359681
977726582407204864
977726797415579649
977727146322997248
977727205374541825
977727478901936128
977728363581378560
977728874405613569
977729165318344706
977729478041505792
977729725765472257
977729932527833088
977730507415924736
977731067665965056
977731633515286528
977731852004978689
977732011958980608
977732752266219520
977733998066655232
977735641546084362
977735763176681473
977737147238187008
977738794223980544
977740388709666816
977740649104470016
977741220209446912
977741736712724480
977741766362320898
977741967562911745
977742124958363649
977742126820737024
977742128368373761
977742129630871552
977742131396685824
977742242751315969
977742542069313536
977743104710184960
977743113136488448
977743240756568065
977743297107124224
977744390256054272
977744472074276864
977744677247086592
977744705755770880
977744824748134400
977745066361057280
977745239338254342
977745489625051136
977745655417528321
977745954861408257
977746845995847680
977746878061318145
977746888400175104
977746998026752001
977748342703878145
977748621922795520
977748659113725953
977748835127693312
977751149586432000
977752497153507329
977753308252254209
977753450007220224
977755356645519360
977755777032249344
977756293623672833
977756795493109760
977756830758776832
977756976506687488
977756983406231553
977756990364704769
977757005111799808
977757314651426816
977757978869813248
977758975541350401
977759066700304384
977759549577990146
977760262966136833
977760332826533888
977761078678622208
977761394933338112
977761493570768896
977761641277394944
977761813751386113
977761892260302848
977762016252387328
977762383199391744
977762450547331072
977762617388359680
977762734099058688
977762872980852736
977762941440348167
977763028199452673
977763216137875456
977763319074447360
977763401756758016
977764071004139521
977764181289193472
977764210628317184
977764351405907968
977764519362678784
977764634429132800
977764716868141056
977764789446377472
977764839257976832
977764907721678848
977764964478935040
977764969977663488
977765168443731968
977765289109655552
977765343354654720
977765564235108353
977765688935964672
977765765288935426
977766357155569664
977766690502176768
977766741458784256
977767791330816002
977767943055577088
977768103688982528
977768757933367296
977769258708099072
977769336164241408
977770152539275264
977770158050676736
977770479300702211
977770575249727489
977770898353778689
977771110451351552
977771232430120960
977771516652851200
977771572294373376
977772194280411136
977772252107177987
977772380998299651
977772560795365376
977772562418515969
977772563785895936
977772564989714432
977774068857532416
977775277307846656
977775882004770817
977776453990473729
977776687852044288
977776772606582784
977776801480085504
977777097849622528
977777180569677826
977777261666500608
977777595122151424
977777612167802881
977777965726687232
977778199898697728
977778318622822400
977778332371771392
977778528631558147
977778607895429120
977779115595100161
977779144724447233
977779255110262784
977779264799068160
977779304594640896
977779498493104128
977779587521200128
977779737643896832
977779880799752192
977779896859553792
977780106436530176
977780676484268032
977781643627950080
977781873903587328
977782135452028928
977782180318470144
977782241215631360
977782451417296898
977782476507623424
977782481951879169
977782517414682624
977782610410778624
977782641331261440
977783205544841216
977783299379744768
977783365297373184
977783411988410368
977783479038611456
977783529051475968
977783600971157506
977783687751327745
977783914164113408
977784126571937792
977784375361359872
977784414821269505
977784472757260288
977784614302375936
977785152314146816
977785177446453248
977785270979481600
977785417637363712
977785709091106822
977785801445724165
977785925341143044
977786000259895296
977786044933378048
977786235996573696
977786309639983109
977786328438976512
977786570722938880
977786679183400961
977786679892197381
977786719138435072
977786723068346369
977786725048070144
977786763711262726
977786826940469250
977786833810620416
977786834989338624
977786838566961152
977786841154949120
977786843428159488
977786846712418304
977786978526777344
977787121187610626
977787131161665536
977787191970680832
977787253413081088
977787275097661441
977787327459282944
977787695291355136
977787998220713984
977788066776707073
977788069528023040
977788136205021184
977788163518164992
977788164801683457
977788166118686720
977788170866606081
977788215095644160
977788233760362496
977788784975769600
977788801593544706
977788805414563840
977788952651452416
977788966899302400
977788952089264128
977789202438893568
977789230108827648
977789584120729601
977789677083287552
977790091459481601
977790116314959872
977790747981344773
977791215189086209
977791399444836352
977791405409165312
977791523256459264
977791637891018752
977791812164313088
977791894100037632
977791961611558912
977791987498745856
977792010361991169
977792366340923392
977792583136169984
977792739084521472
977792811293642752
977793011538067456
977793198713200640
977793250089160704
977793416326254592
977793503769104386
977793628918681600
977793786091851776
977793978081869825
977794076941672448
977794140133056514
977794415136854016
977794493154983936
977794560112971777
977794614894710785
977794871430995968
977794916381351936
977795171839561729
977795344292564992
977795355227148288
977795376542515201
977795777274753024
977795826310438912
977795927141429249
977796044342906880
977796285943164930
977796412590129152
977796507356286978
977796542571667456
977796808167579649
977796831328452609
977796995271315456
977797043417702400
977797139555373056
977797155015528448
977797159629225984
977797316684931073
977797468837556224
977797526140022784
977797559971385345
977797565138731008
977797673611866112
977797733992955905
977797735603519489
977797737608433664
977797739357528064
977797742251597827
977797761318948864
977797762334019585
977797766826151936
977797823117881344
977797832701890560
977797887408078848
977798107860791296
977798111471915008
977798249749807109
977798581737394176
977798604663459840
977798632522084352
977798640759648258
977798864395735040
977798877188325377
977799066745753600
977799141282770944
977799173666983941
977799261256601601
977799375563952128
977799455897464833
977799518115770368
977799560599867392
977799763939745792
977799833246453760
977799837306548224
977799908790030336
977799947553857536
977800137446690816
977800178919976960
977800202374565890
977800234582626304
977800367160381440
977800413994012672
977800498521747456
977800512371396608
977800514061684736
977800516204990464
977800704722075648
977800714205483008
977800929331294209
977800948683804672
977801007899054080
977801039821918208
977801044485959680
977801128728514560
977801188941926400
977801233229668360
977801482316734464
977801562188931073
977801689720909824
977801735103242240
977801911872126977
977801948396244993
977802016889167872
977802120605859840
977802152780423168
977802337740902400
977802403377430528
977802451721113600
977802525125595136
977802591567536128
977802740633042945
977802778188963840
977802865539297281
977803047077318656
977803178224816128
977803214446788608
977803332419899393
977803336383717377
977803345816637440
977803466893660163
977803547440955393
977803637035593729
977803750587977728
977803768602464261
977803837737226240
977804090796396544
977804188565598208
977804190130102272
977804200238288896
977804310196219904
977804558192857089
977804621220638720
977804700375572480
977804790028816384
977804873545678848
977805001002225665
977805010292609025
977805044212011009
977805087199330304
977805110142259200
977805145454055424
977805313641467904
977805372412104704
977805378728710144
977805602922663936
977806002895687680
977806215878234112
977806592233132032
977806671736131584
977806760701460480
977806773431218176
977806789075972096
977806821598683136
977806945615785984
977807167771181056
977807299661230081
977807331655389190
977807353465704448
977807365713080320
977807493337370624
977807625827028992
977807663940632576
977807854857019392
977808068615593985
977808078950289408
977808258332266496
977808291802832896
977808348048486402
977808441413722112
977808481175601152
977808590512754688
977808618463612928
977808626055307264
977808700294483969
977808738391412736
977808826882777088
977808856691761152
977808901889581056
977808935154577408
977809109406937088
977809163521871872
977809528921251840
977809615982333952
977809743354912768
977809764771139584
977809993922686976
977810022037164034
977810094292336640
977810417048317952
977810472358547457
977810593431281667
977810902077583360
977810907005845504
977810994998149120
977811063755460609
977811147389915136
977811281385320448
977811371093045248
977811480103014400
977811496934760449
977811554975600640
977811676077674496
977811800661151744
977811890331103232
977811911705350144
977811969247010816
977812101086539776
977812246033289217
977812264639188992
977812334365245440
977812343819329536
977812359107530752
977812420247932929
977812620475543552
977812650678800384
977812763220332544
977812843495075841
977812862289829888
977812865716510723
977812939246841856
977813050794397696
977813100241084421
977813274967371776
977813449010024448
977813484670017536
977813583424782336
977813699317649408
977813749687115776
977813829970268160
977813960715112448
977814007204728833
977814032139907072
977814059562291200
977814136737468416
977814276583936000
977814412345139200
977814442951020551
977814483862212608
977814618637766656
977814779015454721
977815073963028480
977815112273809408
977815221036347392
977815278288547841
977815392990253056
977815411680055296
977815514276941825
977815521759547393
977815533826473984
977815736344285184
977815757466763264
977815964254392321
977816002695237632
977816235445555201
977816316152307712
977816785859772416
977816817208045568
977816823184969733
977816831342862336
977816849265168386
977816880382644224
977817088483045381
977817269987348480
977817331496837120
977817491316625409
977817492591730688
977817605854687233
977817737585221633
977817738830901248
977817924957327360
977818097053765638
977818280298733568
977818430731677696
977818534913986560
977818595215466496
977818630200217601
977818701004267520
977818745879060480
977818897100492800
977818997172457472
977819058455351296
977819151392755712
977819166928490496
977819171454111744
977819192748597248
977819215569850368
977819258934779909
977819328266387456
977819366359257088
977819386047225856
977819390992318465
977819466519203840
977819535226167296
977819543258193920
977819619040907264
977819724661878789
977819758606286848
977819776998432768
977819795222683649
977819805460901889
977819810250743809
977819829976621056
977819838847397888
977819843620737025
977820033257820161
977820308295077888
977820364888858625
977820402645852160
977820402738110465
977820446518366208
977820614470832130
977820616689504256
977820736235720705
977820736449589248
977820759124037632
977820774722625536
977820778765996032
977820961536921601
977820974128263168
977820985633189888
977820989689139201
977821145356435456
977821224402391040
977821252944629760
977821478040276992
977821520230801409
977821524316114944
977821554817097728
977821669493440512
977821674799235072
977821685478019072
977821699365318656
977821757360033793
977821786535612416
977821806290751489
977821898301231104
977822069000949761
977822103465611264
977822137477226496
977822139930857472
977822154552233986
977822160604442624
977822229995061254
977822240908726272
977822309284184070
977822316070567937
977822420315922432
977822491048665088
977822496643743744
977822572158087168
977822630530244608
977822675652567040
977822679473508352
977822756187320320
977822922512453632
977822982306455559
977823081682137088
977823256685305857
977823420862881792
977823570758918144
977823601587081216
977823731648212993
977823742045933568
977823745623642112
977823762765811713
977823786576896000
977823859129843712
977823986850680832
977824201737408517
977824278266736640
977824370600042496
977824384789426176
977824530176634880
977824594190094336
977824616994541568
977824629493587968
977824748242657280
977824887640387584
977824952207527936
977825070566518784
977825092913770497
977825092473208833
977825118029271041
977825208248754176
977825281800130560
977825408321245184
977825602261737472
977825686982414336
977825775096393728
977825804116811776
977825941568344065
977826005661470720
977826214596489217
977826241712664576
977826374290497536
977826483363303425
977826545153839104
977826567559766017
977826575189241856
977826611151233024
977826610064871425
977826663588392960
977826722451255296
977826730802073600
977826746375593984
977826903565438976
977827014961979393
977827065562005505
977827094108532736
977827175582887938
977827256004378624
977827284068519936
977827532702715904
977827541456228352
977827565372170240
977827708121092096
977827709249257472
977827729327435776
977827786055352321
977827837225963520
977827910655598593
977827930507227136
977827964053270529
977828097809580033
977828115954139136
977828165128261632
977828179284058117
977828210678419456
977828291305529345
977828390379155456
977828407890374656
977828467222999040
977828509195427842
977828687184846848
977828688870944769
977828768814379009
977828832945278976
977828877807620097
977828942345273344
977828978185646080
977829028685058049
977829155864809473
977829263834603520
977829357036154880
977829379911819264
977829415878037504
977829439605215232
977829628072120321
977829692253319168
977829795663962112
977829937108471811
977830129090129920
977830128351932416
977830171729330176
977830394719539200
977830420690669569
977830434401869824
977830628510007296
977830708638076929
977830741915684864
977830776829087745
977830824325402625
977830903568355328
977831031532412928
977831074196869121
977831088218308608
977831178618245120
977831201682620416
977831202970329088
977831262915383296
977831357090074624
977831374441807873
977831416535961602
977831460144074752
977831606332387328
977831615803088896
977831675475488768
977831753648889856
977831773970272256
977831788411269120
977831870464512000
977831964031049733
977832343850364929
977832366101139456
977832371457282049
977832540382908417
977832636663128064
977832650781134849
977832683823882240
977832799163027456
977832867802832896
977832957183451136
977832998811947010
977833066684211201
977833091187195904
977833309156839424
977833350718218240
977833374160220160
977833374818631680
977833378165743616
977833459136761861
977833569644138496
977833652104163328
977833651152080896
977833679799095296
977833766520573952
977833813232553984
977833911207243778
977833923748204544
977834000281686021
977834051544518656
977834120360456192
977834148512575489
977834265525268480
977834482974756864
977834503476596736
977834535760158720
977834556123381761
977834652160446464
977834690601209858
977834724709273600
977834836038733825
977834849988853760
977834911603265536
977834994478575617
977835053328797696
977835095733260289
977835382523027456
977835444435070976
977835627667492865
977835635607302144
977835904650895360
977835937026764800
977835975920427008
977836042018582529
977836132137422849
977836375893426176
977836624703705089
977836676478357504
977836712918437888
977836758061678592
977836754156728320
977836821177651200
977836851972145152
977837117006123008
977837186342113282
977837187503927297
977837198119723009
977837262120472576
977837366164549632
977837378680258561
977837409445478401
977837542316929024
977837637271740416
977837669446291456
977837679529340928
977837727726145536
977837752590000128
977837767542562818
977837796793765889
977837840729026560
977837847091798017
977837900330024960
977837993347166208
977838113253978113
977838157969403904
977838255583518720
977838298142998528
977838356825628672
977838358960451588
977838466661838849
977838520780902400
977838582420459520
977838603320659968
977838623121924097
977838656240185344
977838679610847232
977838775878348800
977838775878348800
977838806748532736
977838808942239744
977838877468774401
977838936742440960
977839025712189440
977839064647979008
977839152875102209
977839152417746944
977839176082186240
977839209410121729
977839263525064705
977839278561644544
977839283431075841
977839300665626624
977839351349547009
977839352469426176
977839368454000640
977839401890930688
977839405938434048
977839408534773761
977839449710178305
977839488100700166
977839537564078080
977839667449090049
977839759329579008
977839870969335808
977839876728074240
977839916485955584
977839975231303681
977839985176047616
977840056546230272
977840140801531905
977840151656267776
977840247169081345
977840339389214720
977840364773093381
977840494490288128
977840510961377280
977840543937040384
977840577940213761
977840576296079360
977840698291519488
977840837873848320
977840847474581505
977840900427657216
977840937090109441
977840997769076736
977841016270217216
977841094208696320
977841145685401600
977841189285134336
977841348656033792
977841451152396290
977841458752425984
977841470962110464
977841583176474625
977841718098911232
977841758309703680
977841840270528512
977841887183810561
977841974316322816
977842000115494912
977842113533628418
977842140943446016
977842314730262528
977842316747726849
977842453922435076
977842460188651520
977842504329515008
977842526081159168
977842650932916225
977842725251928066
977842735091613696
977842758571450369
977842764820963328
977842777252925440
977842990617104384
977843017909448704
977843042974564352
977843053435203584
977843065590304769
977843143218475008
977843359741104128
977843404678881280
977843419769958400
977843501126901760
977843520009637888
977843524468137984
977843562208522241
977843632379191296
977843661277863936
977843819319365635
977843914400063488
977843923375804416
977843931642761216
977843990853836801
977843999850553349
977844115349098498
977844286619312128
977844362691391488
977844400817664000
977844494652661760
977844687452205056
977844729554587649
977844775813513216
977844794503417856
977844909486018561
977844931665461248
977844934043734016
977844996853370882
977845051920445440
977845160250920961
977845178009636865
977845282514853888
977845311531028480
977845322046197760
977845403470258177
977845532667318273
977845639907364865
977845715081756672
977845762871693312
977845782450786304
977845811882098688
977845833650536448
977845849568014336
977845866760491009
977845876537331712
977845956279447552
977846013607268352
977846132738019328
977846252649009153
977846294730469376
977846295799975936
977846351882080256
977846359062728704
977846413274075136
977846454407614465
977846480550662146
977846525995790337
977846557553889287
977846580517761024
977846734972968960
977846744519270402
977846777624825857
977846781265489920
977846946059767808
977847023058726912
977847036291805184
977847172514353152
977847328198549504
977847389259288576
977847429994303488
977847513343512576
977847566414090240
977847663403159553
977847717560045568
977847772392099841
977847815677317120
977847846446731265
977847859360886784
977847862510878722
977847942345261056
977847957319020545
977848005004005376
977848006019108864
977848009156415488
977848020321685505
977848021617643520
977848081680162816
977848101422686208
977848110914433027
977848291667927040
977848320059150336
977848332856037376
977848374861774849
977848407493627904
977848599303376901
977848648531873793
977848682329640961
977848690261069824
977848728454356992
977848795714260992
977849069346357248
977849153828085760
977849214246977537
977849264763211777
977849352382222336
977849382862245888
977849463954960384
977849477267673088
977849481096867840
977849578572648448
977849616514404352
977849732084260864
977849770063605760
977849954772320257
977849995121524736
977850101354979330
977850144019419137
977850181524840448
977850209609936898
977850285858181124
977850317630070784
977850401876856833
977850410307325952
977850440288149505
977850441823264768
977850534995611648
977850539739373574
977850551735070720
977850580935888896
977850643128946688
977850654873018369
977850673751523328
977850698288246786
977850769222356993
977850795860418560
977850798762811392
977850831268696065
977850873647980544
977850989410693120
977851029151780864
977851033174118401
977851235930984449
977851352285147136
977851553435586560
977851575036243968
977851597869940737
977851756163018752
977851925164183552
977851968973623296
977851991241252864
977852119670755328
977852123357564929
977852128235544576
977852180496609280
977852279679307776
977852312566734849
977852331336306688
977852414446526464
977852451503165440
977852482281000960
977852576715722752
977852624379793408
977852733280735232
977852792491659264
977852832614375424
977852979628904448
977852990483763200
977853016920518656
977853021441986561
977853029239218177
977853059215822849
977853145807245312
977853248718753792
977853255626711041
977853365882298369
977853406298689536
977853409436069893
977853424770387968
977853500259557376
977853550398181376
977853559952769024
977853598058139648
977853615837712385
977853641695559681
977853690991149057
977853796683534336
977853917873795072
977853966905114624
977853976434610176
977854031979622401
977854064858976256
977854070290550784
977854089190092802
977854121003778048
977854122752790535
977854151605608448
977854187852713985
977854195834507265
977854216663334912
977854287144394754
977854417415364609
977854434184134657
977854439158665216
977854440983195648
977854439624204289
977854519320117248
977854648399867904
977854704339357696
977854714082709504
977854751235805184
977854793870921728
977854867652915200
977854877656322049
977854894743879682
977855115456630784
977855136482709504
977855212558970880
977855255026204672
977855339210182656
977855386127495170
977855499726028801
977855508471271426
977855561747361792
977855598384607232
977855611550535686
977855793604128769
977855891155439616
977855992850415617
977856006972571649
977856017139683329
977856045463764992
977856255657234432
977856262141628417
977856454202884096
977856541813624832
977856613703999489
977856788207980545
977856858286411776
977856876351250432
977856932756193285
977856944248688640
977856966398791682
977857243591798785
977857403348750336
977857412953714688
977857428728500224
977857689983254528
977857748980428800
977857917541142529
977857939758252032
977857947106717696
977858111213064192
977858126799163392
977858186362449920
977858436741332993
977858466600636416
977858472783073280
977858477992357888
977858528135270400
977858766803697664
977858826853650433
977858881404702721
977859102675218432
977859132215537664
977859196707250176
977859408020627457
977859462181670913
977859471685902336
977859489742442496
977859488672862208
977859771897348096
977859778914541568
977859793418375168
977859852113412096
977859916596736001
977860024411320320
977860108028956672
977860188026888193
977860265118240768
977860272500232197
977860275100667909
977860448954540034
977860913998057472
977860932142481408
977861073444442113
977861085842825217
977861107892310016
977861349328945152
977861377409863681
977861403884314624
977861414554689537
977861523262656513
977861550194139137
977861820634599425
977861983243587584
977862072666116096
977862084313731072
977862115179495424
977862482273488896
977862602826178560
977862683583242240
977862688515723264
977862754164989954
977862868694700032
977863063327117313
977863262862757888
977863421390618624
977863423127179264
977863428286107648
977863507558330368
977863587552202752
977863686172921856
977863859695505409
977863930260357120
977863976410386433
977864139103260672
977864227070337024
977864426106884097
977864497745612801
977864512102719489
977864583082905600
977864694743687168
977864709385932800
977864807343849479
977865040375185408
977865062454046720
977865143739564033
977865169043906560
977865205052035072
977865243803226112
977865260597153792
977865411046924290
977865415190827009
977865570308718592
977865645919436800
977865678698045440
977865690043637760
977865693558394880
977865797237387269
977865842716299265
977865876065177600
977865949171761152
977866128935538688
977866167795834880
977866170161291264
977866193989177346
977866515029610496
977866644973391872
977866658739032067
977866687755247616
977866846090268673
977866929036808192
977866948854861825
977866972602994688
977867010154684416
977867078278565889
977867146452766720
977867181680508928
977867253369761792
977867342649745408
977867384588468224
977867427412365312
977867471016390656
977867553883136000
977867622669746176
977867669520179200
977867709705801728
977867845039247362
977867929080487936
977867936357670912
977867984776585217
977868012337467398
977868104821854208
977868149671546880
977868168432685057
977868242499919872
977868255867080704
977868265266597890
977868373542490112
977868418484490240
977868508301266944
977868602157228032
977868806868684800
977868809704001536
977868898191147009
977868980521242624
977869034690695168
977869116248911873
977869185400360961
977869272268484608
977869391940456450
977869403734802434
977869429387218944
977869443412975616
977869682438000641
977869721172365313
977870115445198849
977870115730583552
977870143903723525
977870186845007874
977870212400926721
977870313026478080
977870366348664833
977870380848136192
977870426851377152
977870522607439872
977870541314052098
977870554597330944
977870591020511235
977870607097450497
977870632514809858
977870783501553664
977870904590991360
977870927189987329
977870927261188096
977870948241207297
977870967925075969
977871012195979264
977871104881713152
977871140306563072
977871155460739072
977871268052701184
977871279494717440
977871323685933062
977871346419060736
977871425431367680
977871476421472257
977871487712493568
977871509028065281
977871579580420096
977871619615051776
977871638590091265
977871800188235776
977871827883225088
977871895684112385
977871934716301313
977871987442790400
977872001275715584
977872001867055107
977872180292730880
977872187213332481
977872213171871746
977872225012461568
977872317224235008
977872317190627328
977872458350030848
977872520081805312
977872541770571776
977872637270556673
977872689397411840
977872744623853568
977872752852914178
977872808335245313
977872829218742273
977872938362847233
977872949964361730
977872958524919809
977873031644270593
977873033732984832
977873064615702530
977873068164026368
977873133674881025
977873157687300096
977873208023150592
977873211768688640
977873302935846912
977873307579031552
977873473690271745
977873493734944768
977873535736733696
977873627923275777
977873696965758977
977873719153577984
977873910195806208
977874027095224320
977874109639118848
977874277692313601
977874392632901638
977874390724509696
977874444906631173
977874665325649925
977874732535177216
977874735932628992
977874738109468674
977874812965187584
977874993538363392
977875002820382721
977875115823259648
977875148991815680
977875159376973824
977875341602586624
977875411303587840
977875429771169792
977875453896773632
977875482850054145
977875503951564800
977875548037894145
977875655370063874
977875678820433920
977875725318545409
977876007129632768
977876071549997057
977876273295847429
977876274969374720
977876361258913792
977876560123490305
977876577496289280
977876684362969088
977877372455325696
977877455208943616
977877607646662656
977877642455191552
977877702446321665
977877830548762624
977877854124994560
977877946491846657
977877966419001344
977878002628472832
977878090511773701
977878104495607808
977878138410684416
977878254936870912
977878255599521794
977878454174658560
977878545404964864
977878648668684288
977878729543372802
977878786002898944
977878818026344448
977878948490162176
977878997446086658
977879058326306816
977879260311511041
977879285879877632
977879334961799168
977879690714087425
977879720485376002
977879753687433218
977879759953715200
977879815297609729
977879899615657984
977879963121614849
977880020982095877
977880065127174144
977880183003901952
977880208866004992
977880391888658433
977880439154249728
977880515494768640
977880563112660993
977880765554921472
977880795418374144
977880824694665217
977880837860585472
977880860014891008
977880957977055233
977881037341646853
977881219038883845
977881435657916417
977881515056091136
977881548920848384
977881571511369728
977881575290560513
977881676981383168
977881719742353408
977881722158239744
977881737928826880
977881739065528320
977881841595305984
977881865163075587
977882020914266112
977882043269992449
977882093958115328
977882119300108288
977882151801716736
977882240112889857
977882252771241984
977882330898620417
977882394362568704
977882485928448000
977882489493565441
977882530971111424
977882555730006016
977882588114190337
977882595160596480
977882617088528386
977882666790998018
977882741059579904
977882764107243520
977882874304180224
977882903077105665
977883105146028032
977883184661762048
977883369605394433
977883403210149888
977883495463825408
977883577441488897
977883703400681472
977883750859198464
977884068250517505
977884111317630976
977884191143718914
977884248370802688
977884327760494592
977884481091665927
977884500444278784
977884534594301953
977884605616414720
977884694170820608
977884746893144064
977884753591377920
977884757840183298
977884976740950017
977884987688075265
977885009171439616
977885081820913665
977885107179737093
977885190038138880
977885263174266880
977885263975378944
977885397035429889
977885422243151872
977885438965841920
977885517214834689
977885712669380609
977885783876145152
977885808312115201
977885921008869376
977886027737063428
977886525785628673
977886602470023168
977886686569938945
977886704672628736
977886796704034816
977886866094530561
977887190528286725
977887240985694208
977887342911459328
977887368920248321
977887448511508480
977887479838756864
977887586617245696
977887721762033665
977887743014391809
977887759330365441
977887788711448576
977887811922784256
977887846869553152
977887853651750913
977887920106418177
977887925219348481
977887962535886849
977888136972898304
977888338488315904
977888414987988992
977888496202539008
977888507568865280
977888575302897664
977888575470612480
977888589647417349
977888601110278144
977888626435502080
977888730966122496
977888856233201664
977889130779742208
977889265404252160
977889429833601024
977889453212602369
977889454504497154
977889558883946497
977889648809668608
977889672545361920
977889968373682176
977890118362071040
977890126457196544
977890184934187008
977890260427399168
977890274675478530
977890375724617729
977890401997721602
977890453163999232
977890511875960832
977890521711554560
977890985287053312
977891104254255105
977891132582477824
977891272189816832
977891371125280770
977891371238526976
977891379992059905
977891382307295232
977891420450123776
977891489492668417
977891502658596865
977891506483814400
977891594245410817
977891746083475456
977891784939450375
977891810130489346
977891901599879168
977891917450137600
977891959623880704
977892011503247360
977892184551841795
977892224355786752
977892372246917120
977892437585793024
977892473044373504
977892520964313088
977892534704902144
977892601331404801
977892610785333248
977892623355559936
977892727391244288
977892990881554439
977892993339293696
977893016664002560
977893046682611712
977893156380446720
977893335661793280
977893357258264576
977893563563462657
977893562762301441
977893606605377536
977893734179397632
977893965658820608
977893979936223232
977894035019980806
977894220978679815
977894225193906181
977894255367729152
977894279094980609
977894482870980608
977894565825966080
977894609144680448
977894627524141056
977894645324767232
977894646234927104
977894755530047488
977894763235041281
977894826858500096
977894841588830208
977895103128854528
977895161542987776
977895209681018881
977895236180602880
977895323480846337
977895477080334336
977895479320039424
977895864348921856
977895946783789057
977895988072538113
977896104288227328
977896183380217856
977896290691543041
977896392382406656
977896462511149058
977896514654818304
977896727289229313
977896737330335745
977896772210225152
977896895443030017
977896926128558082
977896975088652288
977897100104142849
977897109604184064
977897127849463809
977897447967125505
977897457202941953
977897469928509440
977897507404599297
977897545560215552
977897686526459904
977897701894389761
977897900574420992
977898021919907840
977898126576111616
977898145823805440
977898198688727041
977898241802022913
977898260126773248
977898398262153216
977898426150129664
977898427869794304
977898471314350091
977898533956104193
977898554365763584
977898716160983041
977898845622427648
977898867659296768
977899083493969920
977899470703624192
977899511245877248
977899527213547521
977899752154165248
977899780482453504
977899840268066816
977899888343179267
977900003338391553
977900005317947393
977900130744635393
977900217566625792
977900276232474624
977900311582007297
977900364145020929
977900367974486019
977900520105897985
977900520408059904
977900553199009798
977900604562558976
977900624380661760
977900635952619520
977900810511233024
977900820095225857
977900858691252226
977900938303328256
977900986076409856
977901030653530113
977901040921178114
977901105958080513
977901197247107073
977901204322779137
977901233364185089
977901237764050945
977901267233198080
977901276443922432
977901524927082496
977901533508587521
977901585593438208
977901601338912769
977901658041700360
977901694473396224
977901969577857024
977901989324558336
977902006848380928
977902018194034688
977902025064271872
977902099190239232
977902101647982593
977902237488963584
977902286780452864
977902443718676481
977902465449422848
977902666364936192
977902671297499137
977902693552414720
977902786259042304
977902861194616832
977902896162492416
977902920644661248
977903043055443969
977903129541963776
977903159610937344
977903275788955648
977903376188010497
977903379837063168
977903499727069184
977903519863902209
977903553770647552
977903616647450629
977903616509071360
977903629213618176
977903679226433537
977903709081554945
977903718971650048
977903726131339265
977903736306716672
977903824097742848
977903830934401026
977903953194246145
977904004167622657
977904105011150848
977904154248130560
977904219662569474
977904370552487938
977904474202296320
977904550253219845
977904555835916288
977904696928153600
977904714112147457
977904789739618304
977904915803705345
977905178551631872
977905185115820037
977905257333379072
977905278850125824
977905445921869824
977905491396440064
977905529317216256
977905607427743744
977905644861886466
977905685076865024
977905719998590976
977905738260545536
977906018133925888
977906034844033024
977906074060820485
977906075822379009
977906094604476416
977906104469475329
977906321046605825
977906335537876992
977906412448821248
977906496859267073
977906591314915328
977906599292538881
977906602165628928
977906616866451458
977906618623905792
977906669601554432
977906828112809984
977906906126848000
977906976083578880
977907025572179968
977907095138979840
977907285623214080
977907393458851841
977907452820803585
977907496017911808
977907539085004801
977907555971293185
977907609704587264
977907792135770113
977907828659769344
977907896418816000
977907906187317248
977907946750468096
977907968896393216
977907997421731840
977908007882412032
977908061754089473
977908063914135554
977908072650805248
977908107308359680
977908154691411970
977908194101071872
977908246794199041
977908374883962880
977908408438415362
977908420606078977
977908425232334848
977908424326426631
977908491439562752
977908504425005056
977908722650533889
977908831303995393
977908878141685761
977908889625776128
977908897083281409
977908936459223040
977909063412576258
977909074300940289
977909075898982401
977909187907764224
977909192307757056
977909297366683648
977909321878171648
977909460436844544
977909587675410432
977909657749553152
977909729904201730
977909766591827968
977909801786191872
977909888704708608
977909899861643264
977909926424141824
977909929754484736
977909955566108672
977909980883013632
977910030841401344
977910271908941824
977910274689814528
977910277378371589
977910389773160449
977910496304263169
977910600482336768
977910619218341888
977910720372396034
977911136296333312
977911191904374784
977911253006942209
977911348414812160
977911493214826497
977911685888598017
977911751927836672
977911775508291584
977911946782629888
977911962641330176
977912055079596033
977912139900997634
977912140341432320
977912249175236608
977912327138955269
977912361779716096
977912607121334272
977912712675110915
977912730966519809
977912737312407552
977912763795243008
977912847966654466
977913006700072965
977913012018401280
977913040728395776
977913256466673664
977913441984933888
977913582582140928
977913607718604803
977913618200186880
977913632850956290
977913663251197953
977913851181191170
977913874358919168
977913926322212864
977913987437297664
977914043783507968
977914132044402689
977914142936924161
977914281860763650
977914445396697089
977914557803974656
977914793163182080
977915028719456257
977915080988905472
977915104334417920
977915200560156672
977915284152451072
977915380663451648
977915399793758208
977915454235832320
977915509336367107
977915620657377280
977915794599350272
977915810692960257
977915814916608001
977915876589686786
977916014015983617
977916072690008064
977916213111083008
977916248532144129
977916273672691712
977916306795069441
977916343054938118
977916381575434243
977916445991604225
977916475402084354
977916645774684166
977916721750335488
977916883839148032
977916939027845120
977916951128367109
977916970128506880
977917050185273345
977917145106518019
977917177411096576
977917402485805056
977917425030258688
977917491589648386
977917502549348352
977917541308928005
977917557633101824
977917705863954437
977917801880064000
977917831441461248
977917882532327424
977917938475945985
977918032088567809
977918182370500608
977918265631694850
977918294995988480
977918395151732737
977918418648227840
977918431239524352
977918561799852032
977918599867314177
977918691999444993
977918763013230598
977918877039505408
977918880881565696
977918941988257793
977918967238012929
977919005423030272
977919010556739584
977919262617567232
977919333287518208
977919352581378048
977919363624984577
977919491479916549
977919532777070592
977919675958022144
977919755867901953
977919910985814016
977919976505069568
977920195565146113
977920241459171328
977920309104869403
977920349634420736
977920418572066816
977920454114598912
977920726979235841
977921043280089088
977921258896715777
977921360390320128
977921361468420096
977921379700965376
977921487200968704
977921523032838144
977921555127824387
977921567496716288
977921600992501760
977921608407908352
977921612962938880
977921616930885633
977921709805375488
977921819603693568
977921825366671366
977921824787914754
977921835386929152
977921862339629056
977921912323031040
977921913824530433
977922131152592896
977922151356551169
977922254586699776
977922520123936769
977922794385264643
977922803969265664
977922963365400577
977923059129704448
977923078041858049
977923087202209794
977923096517664769
977923119472984064
977923157838499840
977923198225387521
977923204047081473
977923215602352129
977923319784722433
977923374390304768
977923464307793925
977923504422219776
977923581806956546
977923586194370560
977923664535539712
977923702506520576
977923740632862720
977923829308805120
977923927359000582
977923973286629378
977924017792409600
977924128501108736
977924153855692801
977924247120211968
977924326132502530
977924326728060930
977924327797555200
977924383581917184
977924420198109185
977924567443410944
977924599152340992
977924615292047361
977924803972739072
977924883073118210
977924978254508032
977925079785984003
977925121070583808
977925146815148032
977925256080961537
977925328558612480
977925364738678784
977925433667866624
977925532586213377
977925685590347776
977925802812739586
977925970916184064
977925989698187264
977926794266468353
977927053851930624
977927148009861120
977927216616091649
977927302196744192
977927516588511232
977927592266420224
977927606073987072
977927627641155586
977927696918302720
977927702563889153
977927828485230593
977927930419601409
977928204991320064
977928321077075972
977928342346321922
977928596487630848
977928688321941505
977928789010321409
977928868794454017
977928873219317770
977928999786766337
977929045445955585
977929070242598919
977929115809525760
977929131986911232
977929298949627909
977929682925555712
977929699753152512
977929729306234880
977929914996404231
977930275064819712
977930300922712064
977930435958398976
977930439510835201
977930568024449024
977930803312316417
977930891279388673
977931074931175424
977931149480726528
977931282666618881
977931309246017537
977931317588488192
977931383275483136
977931400740528135
977931423876304896
977931524480827394
977931557020323840
977931718773571586
977931901360070657
977932016455839744
977932092154810370
977932163587993603
977932322996654081
977932330135425026
977932547341602817
977932607097901057
977932695157305345
977932703285866496
977932739377876992
977932783099219969
977932846886281222
977932936816275456
977932946609987584
977933109575475207
977933137635405825
977933216198905856
977933232036548610
977933233932423173
977933311099260928
977933397212516353
977933558911324160
977933749030662144
977933989351698432
977934038936801280
977934054988201987
977934245116116992
977934255690080256
977934332663869440
977934404680077313
977934490583666688
977934653003849729
977934771895656450
977934852166168579
977934853718110208
977934877344624640
977934886857269249
977934921678381057
977935067690557440
977935072090316801
977935127971074054
977935179309346816
977935272741654529
977935418405654528
977935427213692928
977935466866597888
977935619472072704
977935837013970945
977935875983147010
977936008158334977
977936147295776768
977936233560231937
977936418789036033
977936504646447104
977936687820103681
977936689254600705
977936743067521025
977936951276863488
977937046206640128
977937201744007168
977937253073858565
977937346581745665
977937366139789315
977937398586925057
977937495626338304
977937499875151872
977937559589400577
977937644704403463
977937857217253376
977937864108503040
977937881795842049
977937952851546112
977937962427146241
977938134049619968
977938200730759168
977938249820893184
977938269949263872
977938275028611073
977938403940585472
977938675152687105
977938778965684224
977938793675313152
977938797592707072
977938805033459715
977939006557245440
977939029948682241
977939178695614465
977939222739996672
977939369960005632
977939387261620224
977939523849150464
977939547408519168
977939589074685952
977939743571931137
977939822865240065
977940365373313025
977940385652789248
977940467642982400
977941013753925633
977941074403569664
977941250803404801
977941490927394816
977941631021256705
977941643813892096
977941672343597057
977941678781878272
977941796444663808
977941881693855745
977942032806277121
977942123814227970
977942186053521409
977942191849930752
977942200813326339
977942271768387584
977942270803660800
977942318450987008
977942339267084289
977942454040256518
977942523657236480
977942665009532928
977942719279632384
977942810262323200
977942821335371778
977942871579004928
977942923407953920
977943032308948993
977943045420195841
977943091687706624
977943225502699521
977943273368182784
977943481422315520
977943666118594560
977943784230211584
977943950727270400
977944104800870402
977944173255983108
977944200179265536
977944225135382528
977944359848030208
977944404978696192
977944453422952451
977944639834648577
977944678405419008
977944720935653378
977944802237988864
977944860165623809
977944934861934593
977944982744158214
977945165028569090
977945177057910784
977945252098134016
977945255147339776
977945292493467648
977945305789460481
977945359849750528
977945366837506049
977945396826857477
977945476237586433
977945486429696006
977945510739873795
977945523717099520
977945657804804096
977945819532767232
977946027239059457
977946056876068864
977946090048770054
977946134948777991
977946294282047488
977946561773744128
977946588885725184
977946609102311425
977946794272452611
977947078960861189
977947128717824002
977947394074701824
977947403067195392
977947478086610944
977947571141439489
977947593853554690
977947597498437632
977947615236063235
977947810535440384
977947960704225281
977948040500740097
977948040672743424
977948101028827136
977948220709056515
977948325256290304
977948470270218240
977948535734890498
977948612725440517
977948868783624198
977948920314781696
977949055560003585
977949080033914882
977949209855868928
977949214608048129
977949220106678274
977949226050011138
977949263706681344
977949272078417920
977949341657829377
977949422293323777
977949478186491904
977949506414219264
977949512512745472
977949516333748226
977949523430395904
977949524869050369
977949526249037824
977949527511478272
977949529092669441
977949578761785345
977949602593869824
977949670679949313
977949680607866881
977949727017881601
977949729995796489
977949748886982656
977949791652114432
977949941757771777
977949958287523840
977949982836879360
977950203717308416
977950272772366337
977950287884357632
977950303252295686
977950348714192896
977950403449978881
977950442499043329
977950507108065280
977950566478499842
977950670266490881
977950687891017728
977950716605190148
977950750704914432
977950751627644928
977950879788740608
977951016736968706
977951017672282125
977951018163097600
977951218671734786
977951235105009666
977951279665344514
977951302226464769
977951314125709314
977951359122247682
977951365342351360
977951384728489987
977951387878346753
977951512440786945
977951522058391552
977951538550329346
977951630694985728
977951666602471425
977951708289622016
977951731337318402
977951902146224129
977952054017654786
977952074414649345
977952163916865536
977952291293720576
977952297421504512
977952406347464711
977952470772088837
977952520688586755
977952635335643136
977952723998920704
977952776897654784
977952889011400704
977952901023879170
977952989901139970
977953049254793216
977953190481186816
977953258525331459
977953520832958464
977953619554091008
977953666366918656
977953690052190208
977953693285810177
977953734310457344
977953738307588096
977953825431670785
977953864405147648
977953985377300482
977954173626081281
977954189157588993
977954446113148928
977954460201816065
977954477042003969
977954619765788672
977954625386053632
977954645396959232
977954795641294848
977954862934630401
977954952596377600
977955049413513217
977955179264954369
977955376183291905
977955379802984448
977955407732924416
977955559893880833
977955698293268480
977955716026822656
977955751133155334
977955786679824389
977955843076366336
977955877998288897
977955878371495936
977956096504680449
977956116830281734
977956171926695937
977956176204894210
977956189395996672
977956232022708226
977956320786690048
977956328462315520
977956360053821442
977956420170772480
977956461274857473
977956492400910338
977956610831208448
977956745141215232
977956829799043073
977956907494395905
977956922849726466
977956924586123269
977956994723303424
977957045881094144
977957215687659520
977957217294004224
977957260113661952
977957313565904896
977957440481357824
977957507711864837
977957534270148609
977957586740924418
977957602121469953
977957666248101891
977957672120037376
977957696455487488
977957778043101187
977957799304093698
977957869348900875
977957920158646272
977957940433969152
977958080976736257
977958178125176832
977958244009283590
977958261449162755
977958376863862784
977958495491411968
977958514382557184
977958545697202176
977958664974848000
977958928008007684
977959003966894080
977959361594253312
977959707326533632
977959808702828545
977959874901561344
977959901023686656
977959915837849600
977960048705056768
977960226245828609
977960346869747712
977960465065226240
977960475123224576
977960489488699393
977960508686000128
977960679050268672
977960695911378946
977960725971906560
977960939919171584
977960953525436416
977960961435951105
977961055430365184
977961165140713473
977961344761671680
977961373484363781
977961430845620224
977961441247547393
977961448277184512
977961494578069504
977961536093327361
977961653143769088
977961701781004288
977961867468517377
977962093801598980
977962103326691328
977962188257333248
977962350664912897
977962470156488706
977962513924067328
977962605309562880
977962842845532161
977963036702052352
977963100157685761
977963107766210561
977963501628133376
977963950049497094
977964156254121984
977964465328214016
977964556298473473
977964584584826880
977964685713657858
977964770564493317
977964866416857088
977964949426327552
977964994083065861
977965053583425536
977965153823182848
977965249432256514
977965261809770496
977965299713695746
977965538147295233
977965604668887040
977965708272439296
977965714630946818
977965732523855873
977966128940101632
977966199370854401
977966221911101440
977966298712993793
977966309488119808
977966331910860803
977966366782345217
977966402710704130
977966410835136513
977966482276659200
977966535775084544
977966623201120257
977966703182254080
977966821679751169
977966893582770178
977966960443998209
977967059618467845
977967082678702080
977967269014921216
977967296529469442
977967327277969408
977967333930164226
977967358525476866
977967379639660544
977967494777491457
977967784390004737
977967800902922240
977967829180968961
977967903587872768
977967986635169792
977967989734723584
977968015638659074
977968451305132032
977968453003784192
977968454807384064
977968456967467008
977968547937837057
977968612077129729
977968738766151680
977968769522917376
977968788774760448
977968853694255104
977968878822273024
977969045663182848
977969083986702339
977969106401071105
977969159983296512
977969219181531136
977969376874950656
977969409921699842
977969599085010944
977969653669617664
977969694392094727
977970146500382720
977970338351939584
977970366210560002
977970451954663424
977970489397338112
977970577301475328
977970732138364932
977970921704247296
977970922148810757
977970953518018560
977970987609280512
977971338378907654
977971455186128896
977971653283078145
977971659121438720
977971705883840512
977971763819708416
977971852869013504
977971870602530816
977971884280164353
977972091852115969
977972223783948288
977972245149769729
977972405430882304
977972437395693568
977972605973073926
977972655730102272
977972700260921344
977972745668648960
977972870193217537
977972896491560960
977972903164641280
977972976791511041
977973119171334145
977973174221656064
977973212951826432
977973452392091649
977973535174950912
977973575662604288
977973576480550912
977973581866029056
977973694399238146
977973740612005888
977973774921453568
977974016542638080
977974026361622528
977974148923346947
977974287817691136
977974296034336768
977974306268381184
977974328309571586
977974350526779395
977974374203609088
977974394495565824
977974557075279872
977974565069606913
977974622342864897
977974662272573440
977974728047677443
977974892703477761
977974978179026944
977975001394663424
977975156890054656
977975211722264576
977975317871693824
977975329250738176
977975544070492162
977975606460764165
977975628816371712
977975803282673664
977975878536912896
977975900225589250
977975904164073472
977975975333031937
977976081151135745
977976113766043649
977976143503613952
977976215641391104
977976290002251776
977976382629269505
977976399410728960
977976448345616384
977976506252255232
977976549197705217
977976563407970306
977976615576768514
977976776889720833
977976966065393664
977977036940693504
977977172840378371
977977295850926086
977977319393554434
977977387106349060
977977390642139137
977977633030815744
977977646167576582
977977712269606912
977977962883637249
977978122946727939
977978191276068866
977978285706522624
977978287090749441
977978321609920515
977978388613910529
977978473032634368
977978528129044481
977978549851303937
977978642415439873
977978744626384897
977978785550258182
977978798338658304
977979025560866816
977979058737819648
977979075091365888
977979100697714692
977979340649566208
977979442197860354
977979470450655232
977979697303875586
977979701128986624
977979715272237056
977979815532924929
977980132529930242
977980183457222656
977980212116905986
977980216453881857
977980251052617728
977980282333728773
977980302449696768
977980314973765632
977980569886830592
977980581295415297
977980641630474241
977980644348383233
977980885122215936
977980949551083520
977981106015428608
977981112302612485
977981132137431041
977981139192303616
977981227914448896
977981312446459906
977981317953544193
977981387876814848
977981406176514048
977981523700994048
977981545452535809
977981622590099463
977981640940179456
977981652965183488
977981717662261248
977981718928871424
977982000664662016
977982031543128065
977982098031218693
977982234165698561
977982305934462977
977982357977235456
977982361814970368
977982363308183552
977982363807469568
977982412029390849
977982482225205248
977982482627944454
977982533471268865
977982876145811456
977982950850682881
977983177208852480
977983622505553921
977983624044859395
977983636556402688
977983649294397440
977983677182464000
977983809382768640
977983981558816768
977984011212677120
977984012042907648
977984126241394691
977984128837652481
977984224874631174
977984272014422017
977984290590949377
977984350032625664
977984356110209029
977984375748005889
977984569961000961
977984623102881793
977984624382173184
977984655239581696
977984841995177985
977984973964828672
977985105493835776
977985120643756037
977985134002606080
977985157524283392
977985228726824960
977985495941689345
977985514618925057
977985519568216064
977985636765446147
977985857423593472
977985891682496512
977985921185406977
977985930765185025
977986058758615041
977986058938998784
977986059127705601
977986125515116545
977986135573123072
977986221757607937
977986410300010496
977986436543778817
977987291611324417
977987398570299395
977987443868782592
977987489171460096
977987504732295168
977987565348368384
977987589054410752
977987611557072896
977987844710043649
977987878893621248
977987920069058561
977988106514296832
977988174797529088
977988181307133955
977988198239436800
977988328275537920
977988391739580416
977988397355724800
977988420243992576
977988456851890176
977988698464759808
977988844095180802
977988850877333505
977988857013600257
977988896415014913
977989066254966784
977989078472908800
977989180079988736
977989268323930114
977989322497458176
977989334354841601
977989354185547776
977989418039508994
977989418295414784
977989523605999617
977989611057242112
977989700555280385
977989732121632769
977989784026132484
977989842633097217
977989847750250497
977989879341682689
977989886904070144
977989911444934656
977990078596337666
977990090025816064
977990114663165952
977990134552518656
977990156111306752
977990166743867393
977990211119583232
977990283865612288
977990287128694785
977990291117559808
977990317935874050
977990412647501824
977990514606788608
977990550895906816
977990569518682113
977990654663053313
977990778634035200
977990901799768064
977990917641723904
977990929591259136
977990965364494337
977990981067902976
977991049732816897
977991050429173761
977991063171485697
977991106301513729
977991220814376962
977991221611319297
977991247049711617
977991249503252480
977991314112425984
977991447143165953
977991532916637696
977991555192643584
977991582564716546
977991663040843777
977991868918222848
977991949721489410
977992063055691780
977992078813786113
977992098870972416
977992122279321600
977992226000265216
977992229317988353
977992299232800768
977992317146714112
977992448722046976
977992473870991360
977992534705262593
977992581207470082
977992636748484611
977992712338198528
977993122402783232
977993128824229888
977993210613194753
977993391786090496
977993535340335104
977993583251935233
977993712398630912
977993720992759810
977993747932893185
977993876341485568
977993901012344834
977993915117826048
977993965667606528
977993975721324546
977994001512099840
977994003076538368
977994080587264000
977994090389426176
977994148153348096
977994154218311682
977994166016839680
977994202561892352
977994266810245121
977994307213971456
977994378064130050
977994393331421184
977994432258740225
977994435786170368
977994487094968321
977994559014690816
977994774379671553
977994788573208576
977994925043306497
977994943896653824
977995104035180544
977995136637571072
977995204933414913
977995304816599040
977995314308304896
977995316527075328
977995450014892032
977995510102614016
977995565895114759
977995573700673536
977995662481657856
977995734715744256
977995783164194816
977995788327333888
977995812205719552
977995915075125248
977996064211992577
977996188724187136
977996222274424832
977996226418397185
977996267887497216
977996290347978752
977996302033281025
977996331758202880
977996448427102210
977996450712997889
977996563028103168
977996815667810307
977996842448441344
977996875096821760
977996891857276930
977997231486914560
977997239015624704
977997257470627840
977997494402592768
977997518683492353
977997533468295169
977997639194116097
977997768588496896
977997934020190208
977997987908603906
977998077339594752
977998082938896387
977998126840676352
977998130938511360
977998177210118144
977998217106173952
977998262266400769
977998269384192000
977998355321237504
977998390226309120
977998485256593408
977998501740244993
977998542605307904
977998558791110656
977998638512209920
977998869454782464
977998950673338369
977998965030490113
977999111101263873
977999114133753858
977999334380834816
977999351929802752
977999393625436160
977999484205584386
977999493034598403
977999534059114496
977999534390464512
977999541852102657
977999662966886400
977999714938445824
977999742457319424
977999746978713600
977999762208313345
977999840557793280
977999888796602369
977999894672703488
978000079016603648
978000101997273089
978000167239667713
978000359883976704
978000391504912384
978000468990484483
978000474887553024
978000491291459584
978000497117417472
978000523642236928
978000543456120832
978000586737180672
978000614943838208
978000622501933056
978000625098285057
978000656828166144
978000680056221697
978000712998285312
978000861761851392
978000880338391041
978000884977332224
978000885891596289
978000953789034498
978001015151742977
978001054884343808
978001079899222016
978001086614265856
978001129341620224
978001293376741376
978001333767868416
978001346141065218
978001434921852928
978001446401662976
978001524612849664
978001562852347904
978001725314469888
978001833116479488
978001895259361280
978001909930975232
978001990306312192
978002012657868800
978002042223583232
978002107658854400
978002177342963715
978002239334813699
978002326387658752
978002376224313344
978002391751647232
978002397191655424
978002487381721088
978002529425510401
978002629178613760
978002769872347136
978002808850014208
978002902278164481
978003096394747904
978003148362190849
978003178670174209
978003192603693056
978003193903886336
978003254629076992
978003265890717696
978003401664552960
978003410933952513
978003423030366208
978003431158841345
978003566517506048
978003598171955208
978003699921547264
978003697505579008
978003811112570880
978003841726734337
978003858415915008
978003939181375489
978004144039563264
978004169721368576
978004204445892609
978004520344178691
978004572638760960
978004609422778368
978004669871149059
978004717832982529
978004757167116288
978004829888045057
978004829493751808
978004946766442499
978004968639729665
978005223057903616
978005236794216451
978005462489673729
978005482064539648
978005485734498304
978005494177632256
978005545755054081
978005783269998592
978005899225784324
978005938253770755
978006082579783685
978006089282269184
978006095879987200
978006128058650626
978006210082476032
978006215115661312
978006240512172032
978006397853077505
978006410964369418
978006596172288000
978006624769060864
978006646482927617
978006704125349889
978006711129620480
978006746940747776
978006761306279936
978006846349787138
978006941380300801
978006999018409990
978007039149510656
978007190572236806
978007391231971328
978007455559974913
978007569599029248
978007606840176640
978007633784340481
978007646077890561
978007673881923584
978007752822882305
978007755096313856
978007829796749318
978007869294555136
978007868615024640
978007991638208517
978008004674060289
978008090682503168
978008145351053312
978008242545676288
978008255388635136
978008259096449024
978008276381126657
978008360674058240
978008408971456514
978008431562018822
978008505021030401
978008650307571712
978008652954112000
978008663066664960
978008699770896384
978008790049189888
978008815416299521
978008966075748354
978008994945040386
978008998392803329
978009013538484227
978009049735319553
978009059264815106
978009067678396416
978009090742988801
978009106257797121
978009106563858432
978009115506114563
978009163652616192
978009188600344578
978009286679891970
978009317625475074
978009331793846272
978009375360081921
978009391302610945
978009530067030017
978009554163204096
978009727295684608
978009745838739456
978009837433966596
978009910431633408
978009918631444480
978009925627596802
978009944476803072
978009947513544705
978010012248363008
978010026156716032
978010215831531520
978010225683959809
978010257539682304
978010288854355970
978010341174136833
978010351571734530
978010355979956225
978010376087527430
978010398468263937
978010453644337157
978010510590468096
978010557742796800
978010562964672513
978010604098195463
978010723463901186
978010737057652742
978010766417723393
978010778124070912
978010860605132800
978011025499938818
978011043220860928
978011147709374466
978011235538128896
978011479155855361
978011481663995905
978011632252215297
978011643618656256
978011677286371329
978011747666800640
978011801110622209
978011846413357062
978011862733291520
978011926285369345
978011959332364288
978012078052184069
978012142652874752
978012185581506560
978012218414518274
978012255387291649
978012305920331776
978012315198152704
978012333476851712
978012334827372545
978012368604205057
978012399197413377
978012416603803648
978012417811714048
978012554952929280
978012569574301697
978012572267008002
978012683269263361
978012729129742342
978012767641833473
978012918322053120
978012920205295616
978012934256365576
978012942389141512
978013020977795072
978013081702993922
978013084928364547
978013113713872898
978013182320168963
978013191765725185
978013207590789120
978013270668914689
978013294144389120
978013514886500357
978013541402927104
978013717706178560
978013724270358528
978013786983497730
978013797112741889
978013804717068288
978013851965972481
978013855640162311
978013856206336000
978013877895073792
978013915757142023
978013920399994880
978013941078134784
978014138994749440
978014195869454342
978014213485494278
978014254170337286
978014316455657473
978014350073126913
978014414875086849
978014436630900736
978014443916480514
978014576183824385
978014600254935040
978014615325106183
978014624858693632
978014677803380736
978014700918239233
978014735647019008
978014920494276609
978015073640833024
978015092758536193
978015235415134208
978015237336072193
978015242700632064
978015253442285568
978015317782880262
978015541305716736
978015586902044677
978015599103217665
978015674227482624
978015687271620608
978015701502971904
978015708876550144
978015742632366080
978015772231520256
978015777168265217
978015860836225027
978015989571964928
978016104105893888
978016115094847489
978016148091490305
978016154764677120
978016240571699205
978016280333647873
978016381680668672
978016581547675648
978016593233022977
978016663961554944
978016789203505153
978016832706760704
978016909265338368
978016912998387712
978016982175010816
978017019403661312
978017045831921667
978017064731463682
978017091667267584
978017205614006274
978017208315113473
978017256432160769
978017276862615552
978017320013586433
978017427870179328
978017453191106561
978017462372458499
978017484086415360
978017663472545801
978017923104149504
978017957875015680
978018011432013824
978018028368482304
978018102393925632
978018128423682050
978018170169675776
978018198846083072
978018235458179074
978018240789180417
978018268270268416
978018484742492163
978018515184742401
978018525322326016
978018543475314688
978018639684231169
978018672781426689
978018838154530816
978018840364843010
978018908887289857
978018929980387328
978019012293611520
978019024033415168
978019147920625664
978019212127031303
978019216292016128
978019291613335553
978019312832217089
978019328661520393
978019329278119943
978019333266911232
978019383820914689
978019490918170625
978019536501796864
978019567447560193
978019599190036485
978019628290134016
978019634493341696
978019741175599104
978019742329032705
978019776323883008
978019806858432518
978019818526904320
978019851443818496
978019899523072000
978020009640329218
978020231015796739
978020372531605506
978020556112097280
978020571836485632
978020602517901312
978020661087129600
978020730783887362
978020737792528386
978020762417291265
978020800753266693
978020801084444672
978020833246564353
978020909419245569
978020937533657088
978020943858667520
978021366447398912
978021494193377281
978021523918393344
978021543174397952
978021580054978560
978021676742074369
978021713018544128
978021742949126150
978021856908333056
978021882602680320
978021913732833281
978021966291570689
978021982741639168
978021986399027200
978022007722954752
978022078233436160
978022162643738624
978022182331846656
978022184382758915
978022236861947905
978022251013574658
978022257808330752
978022263655104512
978022320026673153
978022376255434752
978022524868087808
978022790463881216
978022840690671616
978022917626908680
978023162410651655
978023213086269442
978023311899811840
978023406510788609
978023415608172544
978023428530802688
978023490841391105
978023495929081856
978023616913829888
978023620017565696
978023631556136963
978023658567491585
978023889073819648
978023905704185856
978024202732228609
978024238153109504
978024312845332485
978024497398894592
978024543481683968
978024562448392192
978024563622760449
978024599576350721
978024711652347904
978024853621100549
978024886290538497
978025101395480576
978025149311148032
978025155984265216
978025215853723648
978025268853043200
978025572491251713
978025676560269313
978025695925370886
978025754289197057
978025751504015365
978025916503912450
978026051736567808
978026079498760193
978026111832608769
978026212349169664
978026353890078722
978026356796739584
978026378963701762
978026461826297858
978026541581029376
978026645029294080
978026703682441221
978026776097148929
978026785836359685
978026817541103621
978026842765524994
978026849577132034
978027400645791744
978027461702225922
978027628794929152
978027767349547009
978027821409951745
978028077853888512
978028769360433153
978028790952677377
978028998511988738
978029044942934017
978029192125321219
978029390226513920
978029388796178432
978029474213134336
978029614101684226
978029615171166211
978029854674358272
978029870381969408
978030735557890052
978030810396839936
978030825869635585
978031014655283200
978031034922094592
978031339675975680
978031423964811265
978031519494295559
978031699576721408
978031739770753024
978031974689529856
978032040271581187
978032146706321408
978032160648192000
978032184094285824
978033059793645572
978033067444011008
978033236331855879
978033527156625408
978033625282293760
978033752998850560
978033821198188545
978033889212956672
978033943596412930
978034024919822336
978034115571257344
978034299680251905
978034307070660608
978034363119079426
978034517192728576
978034561094471681
978034674365853698
978034985142714373
978035026972565504
978035078579318784
978035099076890625
978035188704915456
978035332829638656
978035464438538242
978035525033644034
978035535980695552
978035675219087361
978035936012394496
978035952995069952
978035966215639041
978035977066307584
978036013930074112
978036049455796224
978036217148268544
978036410895695873
978036414486142978
978036733886566406
978036742262489089
978036906436038663
978036939449425920
978036975272906752
978037062392836096
978037163844620289
978037726904807424
978037906588798977
978037997689102337
978038067989745664
978038155927371778
978038220788322306
978038364397064192
978038517463965697
978038810343825408
978038835031527426
978038855143079936
978038907987218433
978039024433684482
978039256575889409
978039524969402370
978039538277732352
978039846525599745
978040055930515456
978040097089171457
978040173291294722
978040598681804800
978040824301805568
978041012550594560
978041077067378690
978041347151138816
978041349806133248
978041619298562048
978041698407403522
978042014976507904
978042017237286912
978042018420031488
978042019799953408
978042121285439489
978042736791248897
978043094384939008
978043243597266954
978043324492845056
978043796977061888
978043854111805440
978043957799104512
978044135771983872
978044238272323584
978045323829547008
978045457980182528
978045799945900033
978045886826557441
978045888772825089
978046609564094464
978046669265735680
978047054139346944
978047232585936897
978047353201545222
978048329715154944
978048431972380674
978048626739089410
978048762860986371
978048857279025152
978048872516915201
978048888031666184
978048918473752577
978049069045157888
978049689315676167
978050321984425985
978050811350716416
978051078431293441
978051167552000005
978051373668405249
978051712295546880
978052030962036743
978052615991975936
978052652461428737
978052737828040704
978053152913141761
978053250296569857
978053365706969088
978053375840473088
978053463279063041
978053470820491265
978053657211088896
978053843023007756
978053951961554944
978055437756100608
978056143502237696
978056237978877952
978056572780851200
978057225905217537
978057500036608000
978057671327862785
978057894561304576
978058017374720000
978058638068772864
978058654879330304
978058705844539392
