992555264141340672
992556407407788032
992557377869279233
992557454356512768
992558222933479424
992558485769474048
992558958123548677
992560415661019150
992560872093609984
992562034045870081
992563286586679303
992563611229917185
992565762484244480
992566020844982274
992567297045823493
992567810055462912
992568250058858496
992569451361927168
992569645453467653
992569934998900737
992570513762471937
992570625951719424
992570889412796416
992573492695588864
992574069747875840
992574320697335808
992574880271958016
992575732869140481
992576052902932480
992576732405395457
992580067732566016
992580491630039045
992580655782346757
992580663596335105
992580959944900608
992581006585544704
992581082527612929
992582017165529088
992582462147526656
992582929552412672
992584488051003392
992588099728429057
992588795731103744
992588808360099841
992590333853814784
992592290156724226
992592743439446022
992593008523608064
992594370829406209
992594520821977090
992595233257947136
992595394310926336
992596568086908933
992599212754862082
992602360630329344
992603468794810368
992604892111036417
992604999548133381
992605815373676544
992606812611358720
992606874523578368
992607274538622976
992607770548453378
992607806246326277
992607878384177154
992609454523863045
992610542438273024
992611372453285888
992611992857972736
992613442757562368
992614497251745793
992615414361415681
992615496171360256
992615914251214848
992618855041241089
992619013955112966
992619144406339584
992619181219680262
992619434476007424
992619497482678272
992619772037750784
992620264126124032
992620276134416384
992620504187113472
992620713042497536
992620744948494336
992620752921821184
992620947130732544
992621042899140608
992621291478937600
992621380679106561
992621597143060480
992621951297388544
992621963003609088
992622142264135680
992622261965414401
992622342328242177
992622375035424773
992622449618452480
992622687267717120
992622692296810496
992623069826076674
992623096816336896
992623133243920385
992623337397538816
992623399800377344
992623465697079296
992623820619091968
992623921768927237
992624684419178496
992624731730989056
992624754141073408
992624837427331072
992625013869170694
992625188167671808
992625276738850816
992625448151605248
992625666087620608
992625699541405696
992625820651933697
992625984259141633
992626104635621376
992626219974909957
992626557012316161
992626676759752705
992626738172657664
992626809140404224
992626882754613248
992627095191916544
992627231427096576
992627287349714945
992627331197014016
992627437627420672
992627486428139523
992627557395763200
992627649334988800
992627704657858560
992627720034095109
992627757724110853
992627827680923648
992627935755624448
992628010485415936
992628094090571776
992628147853189121
992628196607713280
992628300823527424
992628354447790082
992628711416528896
992628791863398400
992629253534572545
992629329816408064
992629371776139264
992629573232799744
992629581982191616
992629752077979648
992630126398660615
992630362407948288
992631617767329792
992631970894176256
992632177224572929
992632212074979328
992632260082970624
992632295554154496
992632857116987393
992633078072987648
992633367626690560
992633467119824896
992633928363184128
992634947952365568
992635421732548609
992636018716237824
992636212644077568
992636463761240064
992636466978344961
992636485001195520
992636540839976960
992637050112311296
992637320850534400
992637869738033153
992639137223200768
992639648936624128
992639675302141952
992640069155590145
992640188336795648
992640253021315072
992640551815204864
992640678122479617
992640691896545281
992641001083764736
992641014958641152
992641130377437184
992641168759578624
992641435697664000
992641719186481153
992641859435614208
992642772481007616
992642808895897600
992643016396505089
992643381976289281
992643547147984896
992643641981235203
992643668459884544
992643748583657472
992644063164760064
992644071482183681
992644201509605378
992644264688607238
992644587750592512
992644942471151616
992644990257033216
992645414322102282
992645583717330944
992645665384615936
992645669201510401
992645685181808641
992645842086572033
992645999825829889
992646041907466240
992646151596904454
992646182102077441
992646221264191489
992646251937083392
992646361148518400
992646383277617152
992646505805697024
992646595568074752
992646596042117120
992646801617510400
992646815001407489
992647303885242369
992647582273953792
992648017646829568
992648064304230401
992648185033052160
992648436498485248
992648648176500736
992648678975340544
992648928607768576
992649287057203200
992649388777529344
992649564908916736
992649675034517504
992649778671517697
992650037053345792
992650254930665472
992650267618312192
992650383142080513
992650503099121665
992650533516316672
992650604412534784
992650749556547585
992650767319404544
992650851813650432
992650850517639168
992650954116870144
992651013361463296
992651417641996288
992651726594428928
992651763399393280
992651901828202496
992651932387954688
992652119835586561
992652162789527553
992652340015632385
992652505552220168
992652534270578688
992652701585559554
992652738432520192
992652774595792896
992653153739984896
992653163420438528
992653317028372480
992653332043960320
992653695597924354
992653793044193280
992653856495546369
992653901559156736
992653940322947077
992654165699694593
992654179125645313
992654562233389056
992654658744168448
992655002983452672
992655006141747200
992655192553291776
992655207342444544
992655234550894592
992655288196059137
992655452608573441
992655483117953026
992655711837532160
992655854183899136
992656090914590720
992656191275896833
992656196950724608
992656321710305280
992656604280606720
992656629358264320
992656664959553537
992656906287308800
992657591875534848
992657759345799168
992657767491080192
992658100405592064
992658202335502336
992658289950326784
992658331327193088
992658366915842048
992658532204994561
992658580305309696
992658616107913216
992658658986151936
992658766981156864
992658946694565888
992658979649146885
992659110763094017
992659147723362304
992659395174682624
992659623114133505
992659646962917376
992659908586811392
992659914710495232
992659953897824257
992659985862680576
992660143925026816
992660178062409729
992660247868198913
992660337387294720
992660361768775685
992660368433598466
992660452613255169
992660463115685888
992660535291281408
992660572255735808
992660619269722113
992660744176009216
992660917711060992
992661000192217088
992661077338058752
992661099341340674
992661108698898433
992661233630408704
992661259127545857
992661344376819713
992661477881450496
992661504049659905
992661635113324544
992661722434539526
992662007332687872
992662412154335233
992662427195052032
992662513954111488
992662516428926976
992662523731238913
992662617683443712
992662792045039616
992662955362799616
992663028691693569
992663286012416000
992663367247593472
992663374226968579
992663440916451329
992663492560936960
992663549590859776
992663708496113669
992663878147432448
992663931205406723
992664036155314177
992664037178650627
992664046964019200
992664155613204480
992664183937388544
992664307186970625
992664439554912257
992664525496311808
992664616562868224
992664635080921088
992664665569230848
992664750306811904
992664795609432064
992664797337571329
992664840278806528
992665109561569280
992665113013473280
992665443499479040
992665470078726144
992665512210464769
992665559585173504
992665621405011968
992665747477483520
992665753374642176
992665809209253889
992665844651118592
992665871280758784
992665892038299648
992666001606037504
992666011370426368
992666019100536834
992666103154401281
992666172763131905
992666225321881602
992666350811340800
992666359564849152
992666374802690048
992666379194073088
992666410060050432
992666510324838402
992666556466331649
992666565731667968
992666572870311937
992666725333299200
992666781998297088
992666787434115072
992666790441480193
992666792974798848
992666821105979392
992666852039053312
992666996838985728
992667017567244293
992667303077732354
992667559962046464
992667656267423744
992667660902117376
992667672394559488
992667678690172928
992667695190560768
992667808386441216
992667978209677312
992668002842705920
992668032572026880
992668105137688576
992668128944508928
992668139778445312
992668319277830144
992668610870079489
992668611809611776
992668617937510400
992668673264508928
992668690331131905
992668688514977792
992668740146917376
992668771042119680
992669218670891009
992669229139857408
992669233392701440
992669278888517632
992669425341001728
992669481364328448
992669744200323072
992669896109682688
992670053710614528
992670195910172672
992670236360011776
992670248473124864
992670388411928576
992670438714216449
992670447396442112
992670711838855169
992670864230502401
992671247359201280
992671326941990912
992671334038728704
992671495380926465
992671536359321600
992671735135817728
992671802680897536
992671922302406657
992672104234569729
992672169300807681
992672241614753793
992672339669200896
992672432187207680
992672517717454848
992672540744212480
992672663020634112
992672673338667008
992672703323803648
992672737587056645
992672740153978880
992672775499403267
992673010439122944
992673012531986432
992673014465560576
992673015891546113
992673045486718976
992673067687186432
992673093628899328
992673207332286465
992673249787043840
992673529954013185
992673578234597377
992673775186530305
992673927779545088
992673938630209536
992674035006889984
992674181581099009
992674356403884032
992674420098523137
992674481377304576
992674656422367233
992674662596345856
992674717139197952
992674807744524288
992674822550380544
992674850903818240
992674935968550913
992674966863835136
992674993816432641
992675012782968832
992675262188937217
992675269092806656
992675270279794688
992675293721714689
992675311190933504
992675364332851200
992675513448660993
992675527780651009
992675527780651009
992675677592866816
992675756877778944
992675784593637376
992675837190311936
992675877308821504
992675993600102400
992676367920705536
992676374841364481
992676541774598144
992676638545543168
992676641120948224
992676826735493120
992676826538561536
992677071926292480
992677131955134465
992677176100126720
992677177962520576
992677177912188928
992677267607302144
992677437006901248
992677532922187777
992677538022461441
992677588588998656
992677675654369280
992677711486300160
992677731077836800
992677927937544193
992678003909058560
992678064172748800
992678137321402368
992678239029153793
992678282926739456
992678548283502592
992678744082014209
992678746569236481
992678747659755520
992678759940657152
992678775174377472
992678794501730304
992678798238896128
992678846322429953
992678939637239808
992679146475212801
992679159590768643
992679173910081536
992679196605468672
992679366634061824
992679460469133312
992679470208339968
992679503821443072
992679518455377923
992679665776119808
992679684457533440
992679765244043264
992679809892237312
992680048607055872
992680082002141184
992680288311394304
992680424504573952
992680524970897408
992680546265268225
992680578616000515
992680607108009984
992680695683276800
992680959622500353
992680961073532928
992680963602776064
992681213486813184
992681223993659392
992681469238792192
992681548003540992
992681554429317125
992681635740094464
992681650919264257
992681664177418240
992681957241839616
992681997817581568
992682034236715010
992682085210050560
992682153971474433
992682191204306944
992682201211863040
992682210737184769
992682265040781312
992682311241134080
992682429058969600
992682470750515200
992682478191116289
992682598643122176
992682598790062081
992682819976560645
992682994291929088
992683193458483200
992683317987303424
992683322060038144
992683434538622976
992683533901721601
992683738927632384
992683782410063872
992683797018742784
992683847077826560
992683955773149184
992683983262638082
992684029530034176
992684053018169345
992684069820555264
992684214112980992
992684218978357248
992684243527589889
992684308866437121
992684310137393152
992684337740083201
992684474021371905
992684626404696069
992684715927916544
992684722773020672
992684742461050880
992684955284201472
992685047869313024
992685057579126784
992685129452720130
992685154685636608
992685166412881920
992685240266248192
992685243554582528
992685284805545984
992685339792863233
992685357866082305
992685366502191104
992685366577639426
992685373968003072
992685395627397121
992685503446167555
992685528511377408
992685643036872705
992685760275992576
992685770266865669
992685802730721280
992685842261999616
992685860226297857
992685891826126848
992685983421423616
992685993273720832
992686033857929216
992686060865015808
992686072831324160
992686083518468096
992686088107053056
992686158705545217
992686161842851841
992686180025200640
992686316784676864
992686357486108672
992686362011885568
992686386296819712
992686475358728192
992686487006334977
992686713284767744
992686729281843200
992686737347563520
992686781014401024
992686783455465472
992686848517595137
992686860387405825
992686945062080513
992687065845264389
992687097801736192
992687102180634626
992687150658408449
992687175320915968
992687208204328960
992687274386247680
992687766310879232
992687791023837189
992687870098817026
992687912914432001
992688092954931202
992688146923081729
992688317224443906
992688440448880640
992688569113231360
992688714068516866
992688726299103232
992688834797334528
992688911674683393
992689090838564865
992689112158232578
992689167623774209
992689168257028096
992689240332029953
992689365880070145
992689387237453824
992689514148696064
992689577377910784
992689774241746945
992689794223308800
992689815748579328
992689849948917761
992690057285980162
992690154828652544
992690240119889920
992690303617335296
992690341726818305
992690390141734912
992690390326181888
992690522933420032
992690566306717696
992690580575735809
992690671776649216
992690826395480065
992690906858971136
992690909144846336
992690913414713344
992690957610086401
992691022441435137
992691023770996736
992691159737815040
992691178435997696
992691235361034241
992691261143429120
992691293120815104
992691377426321408
992691393192742912
992691403435184129
992691457915015169
992691594112438274
992691642556706816
992691710324035585
992691730481893378
992691741005373441
992691764900265989
992691852376788993
992691959759327233
992692013870059520
992692019578490880
992692194241851392
992692283626741760
992692326442196992
992692415168503808
992692450614538240
992692487834750976
992692499293622272
992692570454200320
992692588464484352
992692591941554176
992692680676335616
992692860213489666
992693048042840064
992693094159126529
992693262283628545
992693381666168832
992693480819449856
992693534477246464
992693572964179975
992693606526935041
992693793328594944
992693851772084225
992693884840013824
992693891311767552
992693896101728256
992693943660924928
992693952221499392
992693959993552896
992693989240434688
992694014808920064
992694049160204289
992694260863520769
992694267834519553
992694352655933440
992694358477606914
992694393604837376
992694440174243840
992694497938206720
992694545262563329
992694560470990848
992694602292379650
992694649931403264
992694655983718400
992694699449171968
992694766788907008
992694969730289664
992695072293576704
992695077679058944
992695265227345921
992695293819973633
992695296969801728
992695380595937280
992695399466065921
992695468386865157
992695546224627712
992695553053020160
992695561198428160
992695568307838976
992695896541417472
992696029760942080
992696052007530496
992696133515345920
992696182832017408
992696257943691264
992696299823730689
992696302113701888
992696631949590528
992696700161740800
992696869175414784
992696970664914944
992696976327237634
992696980609667072
992697026658947072
992697061983350784
992697113682247680
992697195089588224
992697223199838209
992697238664118272
992697239314235392
992697312467091456
992697391588360193
992697437927149568
992697499310874626
992697527106506752
992697643854958592
992697654105686017
992697752718061568
992697783458017280
992698138862514176
992698203773505536
992698221662269441
992698239685091328
992698291010883584
992698322468134912
992698361722621952
992698586826706944
992698629977792513
992698705445838850
992698707996041217
992698840514953216
992698857082454016
992698970777575424
992698995746189312
992699006848589824
992699061361954821
992699067670003712
992699195126497280
992699202374430722
992699203485945856
992699234234306561
992699317105328128
992699353839128576
992699370356314112
992699432394280960
992699458331738113
992699482222612482
992699553823576064
992699560664489984
992699565894721537
992699615857258499
992699670211252224
992699730651119616
992699824779735040
992699976206741504
992699979528536064
992700010449002496
992700083757043712
992700094980993024
992700103952621568
992700298291568640
992700480190140416
992700690932928512
992700689565585408
992700772809871361
992700784776237058
992700803361144832
992700878850211840
992701005509943296
992701022534586368
992701052595023872
992701107905409025
992701200708579328
992701254467022848
992701292966445056
992701306174402561
992701546512224256
992701558646337536
992701585099837440
992701600849432581
992701639122391042
992701685989552128
992701719644602368
992701754310582272
992701812036775936
992701876800978944
992701895771901952
992701978932326400
992702008477003776
992702021588447233
992702119923896320
992702209170268161
992702272944660480
992702286156705792
992702335188168704
992702442264584192
992702547466051584
992702669197402112
992702874516893696
992702879474601984
992702969190715393
992703131875241984
992703168210489344
992703264977235969
992703349597360129
992703481118064640
992703515503054848
992703588567838721
992703600920072192
992703767291269123
992703955137388546
992703970681507840
992703995658555392
992703999483641856
992704095894102016
992704183693344770
992704231135240192
992704250609393664
992704339465719808
992704341030129666
992704375427493888
992704456331546624
992704464703377408
992704473549168640
992704538879590403
992704580176752647
992704611101356032
992704614200938496
992704661583990786
992704803980660737
992704894216953858
992704901556920320
992704947107098624
992705011250614273
992705044821741569
992705058822414336
992705172525731840
992705247490592768
992705354986328064
992705557390876672
992705569738973184
992705621366591488
992705644246585345
992705661715787776
992706031456309248
992706077694218240
992706100645564416
992706111710072834
992706254182240256
992706272024776704
992706272263892993
992706291310186496
992706356431015937
992706410101256192
992706499637055488
992706791363444736
992706882035945472
992707006137028608
992707048109477888
992707173640794112
992707201402851330
992707260781645824
992707314208727040
992707498057654272
992707681210327040
992707701393317888
992707731760050177
992707793856663553
992707814270304256
992707888081723392
992707951256395776
992708060199247878
992708193397624832
992708217250762752
992708319356825600
992708320732635136
992708566967635968
992708607169957888
992708726728609792
992708868340944896
992708893091483649
992708940524814336
992708949035110400
992709067423576064
992709149229273088
992709169013755904
992709185660796929
992709275045761024
992709323905257473
992709401415839744
992709412996476928
992709599835906048
992709635760062464
992709781587677184
992709776764260353
992709914572226560
992710042293035008
992710087306342401
992710327052787712
992710734902714368
992710854440308737
992711038687686656
992711081339641858
992711103443537921
992711176596410368
992711335250157568
992711442943135744
992711474643591168
992711499645902849
992711519417851904
992711539395194880
992711545951064065
992711562468225024
992711626657796096
992711793364668417
992711810531905538
992711885073145856
992711938680422400
992712129676566529
992712180591218689
992712186207395840
992712254717128704
992712289450188805
992712296563728384
992712444438044672
992712577212911616
992712704153579520
992712790505873410
992712806561705984
992712820373512192
992712908390981632
992712915819036673
992712936983588864
992712940494114816
992712997238923264
992713055095095296
992713122678009856
992713190575353861
992713225438466048
992713226788966400
992713280480251904
992713357324111872
992713454690725889
992713598010036225
992713848879796224
992713894471831552
992714221644406784
992714223510794240
992714245447012352
992714493984755712
992714577379917824
992714786558230528
992714969744424960
992714992133787648
992715138833813504
992715185419845632
992715201492463616
992715319536910336
992715487548268544
992715580837978112
992715790708166656
992715969045942273
992716037312471040
992716335498125312
992716343383388161
992716379693436928
992716407707193344
992716592671797250
992716611315556353
992716698481553408
992716807944499200
992716870116458496
992716907190145024
992717055601397761
992717104699801602
992717158584143873
992717341506105344
992717440126775301
992717467515543554
992717531755565056
992717618036510720
992717651020566528
992717990402691073
992718030491848704
992718071298224129
992718206560333824
992718282053570561
992718350223593472
992718354988326912
992718395610157056
992718665421328384
992718765338054656
992718803346886656
992718852764160000
992718887291637760
992718889527250944
992718892475781121
992718950663442432
992718982758256640
992719007471071232
992719043231657985
992719213025546240
992719267274674177
992719270055424000
992719319875366913
992719323419611136
992719736411754501
992719933560836096
992719955492818944
992720020378734592
992720102117330944
992720151048085504
992720271118348288
992720300440805376
992720312218406917
992720403993939968
992720538165567488
992720659313774594
992720675432550400
992720684655706112
992720926839058435
992721073845125121
992721080921051136
992721203646357505
992721323280527361
992721356608495618
992721579116318720
992721660259307520
992721690378588161
992721903273029633
992722058751692800
992722062774099968
992722284522688513
992722418396516352
992722447077167110
992722494900629504
992722528614350849
992722573057196032
992722577285156865
992722643727118336
992722649796268032
992722690598490113
992722743043993600
992722811675402240
992722899730563072
992723144833200131
992723155730010113
992723385720496128
992723646518120448
992723720182685696
992723766869405696
992723857856454656
992723985937952768
992724010072002560
992724032700153857
992724067026395137
992724123691438080
992724330604789760
992724356878032896
992724420715319296
992724518681677824
992724535282688001
992724614328606720
992724617465942016
992724684516012032
992724706523574272
992724806742065157
992724909037154304
992724941450727424
992724945053548544
992724955262521345
992725004537212928
992725135714082817
992725140424282112
992725218983587840
992725332602990592
992725368586063872
992725426047942656
992725490040532993
992725682269679617
992725812762828800
992725975699021824
992725975807987712
992726092254449664
992726107232317440
992726110105493505
992726168976744448
992726194851319808
992726203042877441
992726235330596864
992726313755664386
992726361847619585
992726380642295809
992726408358170625
992726446438256640
992726506894974976
992726529233780737
992726570237296641
992726596233650176
992726621101621249
992726709173653504
992726706376134656
992726769135386624
992726808922591232
992726827033612288
992726835120295936
992726850278477824
992726867345068032
992726950295822336
992726989130825734
992726989302829056
992727051445694469
992727163127386113
992727313644212224
992727393075941376
992727547354992641
992727562047623168
992728077846437889
992728105537196032
992728267156271104
992728329584332801
992728388849848320
992728519196266496
992728579711688704
992728625869881345
992728678890135552
992728868313354241
992728905239945216
992728992829640704
992729083715956736
992729191178297344
992729416383041537
992729465095704576
992729480086081536
992729488780906496
992729521639084032
992729547748585472
992729572654309376
992729572985618433
992729740661452801
992729827915567105
992729844470505472
992729914485993473
992729930365534208
992730033356599301
992730045184663553
992730160829992960
992730168098570240
992730257168977920
992730459821035520
992730521913495552
992730523129835521
992730588946804739
992730596597256192
992730597746495488
992730601773064192
992730677786398720
992730902882119680
992731025389359105
992731155370823683
992731157329522688
992731172542136320
992731230411067392
992731312078323713
992731429179031552
992731457218142211
992731488146911232
992731540256972800
992731675825188864
992731685048369153
992731849842708480
992731942570381312
992732150142328832
992732175740096512
992732307768336384
992732391734063104
992732427331227649
992732451800866816
992732492171014144
992732526719324161
992732552753569792
992732555454701568
992732568326934528
992732600501403648
992732609108209664
992732692860014595
992733015490072576
992733074503950336
992733093147574272
992733155915390976
992733175712448512
992733313998753792
992733363927646208
992733427941232640
992733479992471552
992733659848462336
992733690290737153
992733659848462336
992733707344777216
992733718677729286
992733720061906949
992733847870693376
992733892300992512
992733921644335104
992733948932427777
992733968477933568
992734085687730177
992734090200846336
992734212779278336
992734469571391488
992734486524776449
992734492401029121
992734518611267585
992734579143462913
992734654997417984
992734690959417344
992734912334761986
992734967644999680
992734978499858433
992735019557941250
992735116559601664
992735137862385664
992735274558984192
992735370071724032
992735610715754497
992735619548897281
992735753049436160
992735809441816576
992735993605378048
992736305137074176
992736310304518144
992736367586226176
992736420161839104
992736656204513280
992736687515230208
992736690086301698
992736725326880768
992736911709044736
992736999575613441
992736999789522944
992737281646714880
992737692420071424
992737746556018690
992737788507443200
992737815539699714
992737958770954241
992738132754948096
992738183489183744
992738356776796160
992738439006244866
992738704539217921
992738820968902657
992738900123836418
992738914183077888
992738924425633792
992739051810811904
992739056986607616
992739107657969664
992739218655981569
992739294681985025
992739363439001603
992739654863552512
992739981620924416
992739986087858176
992739991741779968
992740043826614273
992740191638089728
992740317710508032
992740353756336128
992740476519317506
992740724025298946
992740766467346432
992740795269644289
992740934965170176
992741083443494917
992741157045235712
992741197339942912
992741213068505090
992741239194865664
992741411039711232
992741417243070466
992741489498353664
992741497769521154
992741568200216577
992741832865075200
992741866448805888
992741960124436480
992742291231182853
992742328400949249
992742365541601280
992742397061795840
992742412127801345
992742897626894336
992743014811521024
992743030817017856
992743115508338688
992743453997006848
992743559047667712
992743614177570816
992743623593811968
992743866729222144
992744083306237952
992744165854404608
992744310138425345
992744404317298688
992744476354506752
992744541403959296
992744659830099969
992744730835365889
992744797470384128
992744881348075520
992744886431571969
992744903116558337
992744930354302976
992744942781988865
992744958565240832
992744991066873861
992745193500762113
992745275805618176
992745320391106561
992745328360161280
992745379253903360
992745405115916288
992745419875733509
992745497172492288
992745661627076610
992745726366093312
992745869136023552
992745951369551874
992746048593506306
992746119569567745
992746146555682816
992746174850453504
992746293108887555
992746391280775168
992746437749477376
992746484725665792
992746677084807168
992746699289448449
992746763957297153
992746793413873664
992746884023308288
992746956811272192
992746997668024320
992747027233673216
992747112457752576
992747141385932800
992747165696122880
992747170741850112
992747174055284741
992747302870806528
992747407770255360
992747447347765248
992747585189437440
992747619796561922
992747649328611328
992747728219275265
992747808301072389
992747899497820160
992747999087472640
992748077822939137
992748138392846336
992748236778672128
992748310761848837
992748410158497792
992748462470033409
992748468480434177
992748498901721089
992748693173481473
992748777160298496
992748862505930752
992748907590336512
992748985541636097
992749047524962304
992749104781496321
992749139506196480
992749231533449216
992749366439043072
992749484336599040
992749963779215360
992749971131822081
992750032683261952
992750245942583297
992750381368160256
992750452679806977
992750529720832000
992750629838827520
992750692547944454
992750782356361216
992751093825396742
992751118701748224
992751147566977024
992751166613348352
992751200259985408
992751243985551361
992751360524341248
992751399191699456
992751508109365249
992751786556522496
992751786556522496
992751825756471296
992752018300260355
992752053947715584
992752072167747586
992752233241509888
992752316028739584
992752522203992064
992752612507340800
992752633856196608
992752748671131654
992752817059303429
992752895635443713
992752906976841729
992753049046343682
992753202209665024
992753213530169344
992753339250044928
992753356925014017
992753592024162304
992753618234347520
992753689067696129
992753698030972928
992753712371249153
992753790829977601
992753803081453568
992753903828701184
992753950590980096
992753957951897600
992754045667377152
992754132145659904
992754321807872001
992754340577337344
992754495510712320
992754566734188544
992754615547584513
992754702210265088
992754831906496513
992754923593981954
992755188090929153
992755324732952576
992755625259085827
992755670213627904
992755689146736642
992755774408527872
992755824438149125
992755937197871105
992756120216326144
992756160418734080
992756236637687808
992756292497309697
992756294816796672
992756299267039232
992756348344504321
992756411082989569
992756566515429376
992756602796167173
992756612078108679
992756637331947522
992756749563244544
992756754906742785
992756766797713408
992756770887143426
992757008133652481
992757242456891397
992757264607076352
992757307158220800
992757388443824129
992757605188689920
992757625925373952
992757792523120640
992757838266150913
992757950413529089
992757953026457610
992758037378162688
992758084253597698
992758093313388544
992758101911789568
992758119561342976
992758133947879424
992758205737467905
992758368245862400
992758446259888129
992758458175885312
992758601843462145
992758631874617345
992758737868935169
992758763475087365
992758784782163968
992758818814689280
992759001086652416
992759000847585280
992759140840701952
992759281240985601
992759378318118912
992759481405788160
992759713128435712
992759763522981888
992759767344050176
992759829839085569
992760084445921280
992760166998269952
992760239572185094
992760337345769472
992760515981127680
992760772072820738
992760781791023105
992760871750324224
992761005351624704
992761114042789888
992761243848138753
992761294171398144
992761337007759361
992761353810202624
992761432566616064
992761583125352448
992761718274248704
992761919290429440
992761995727339526
992762014920511488
992762136022732800
992762383075545088
992762455532204033
992762504873787392
992762542392008705
992762790686453760
992762928171503616
992762952171294720
992763053631574016
992763055858765825
992763082823929856
992763198385377280
992763242719178753
992763243121840130
992763239191732224
992763317130354688
992763336482795522
992763449863299072
992763640951574531
992763643547676677
992763910632722432
992764012705263616
992764067365490689
992764213931204608
992764304628707328
992764539090317312
992764619637907456
992764696162963456
992764750277808128
992764761199841281
992764850806894597
992764852874641409
992764856204804096
992764873133252608
992765113407946752
992765142256488449
992765239933440000
992765513230143488
992765537053741056
992765608164057089
992765645682020352
992765651532967936
992765739793776640
992765836954951680
992765879321612288
992766012062879745
992766025950212097
992766061811519489
992766144011538438
992766179197575169
992766196071071745
992766279659474945
992766280108331009
992766419103305728
992766428804796416
992766575680851968
992766799056920577
992767048789970944
992767052883615745
992767132910964736
992767182651215877
992767212304916480
992767227949543427
992767249168654337
992767349164998656
992767356920360960
992767401228931078
992767422347259904
992767517973245952
992767552634916866
992767688077402112
992767805698265093
992767845661491200
992767872257658880
992768004764110849
992768085022175232
992768380804444160
992768420247633920
992768439147286528
992768484215017474
992768764994342912
992769015142584322
992769024449826816
992769119379443712
992769172194066433
992769332701736960
992769362414227458
992769487819722754
992769526239555585
992769554739814400
992769627825557504
992769635266322432
992769643956854784
992769775729246208
992769800706371585
992769801331372032
992769956390625282
992770058526117888
992770092885860353
992770119221772288
992770139971039232
992770155645108231
992770155645108231
992770189002465281
992770295969800192
992770379830714369
992770479923527680
992770524093779968
992770651911016454
992770771268308992
992770839551598592
992770921533444097
992771001367834627
992771017104855040
992771198907043845
992771285058052096
992771371351592960
992771391140319232
992771457863307266
992771493946904576
992771511412027392
992771560284065796
992771632841285632
992771933967183872
992771958763814912
992772010001469440
992772026552279041
992772044591980545
992772443289812993
992772507089457152
992772612307800064
992772774526705667
992772809591021568
992772902322950146
992773104861696000
992773109911564294
992773134024675328
992773439139135488
992773440796053504
992773445581754370
992773613504860160
992773631196499968
992773731222253568
992773851581964288
992773905650737152
992774118532681728
992774263118721025
992774309847420928
992774403514683394
992774443826003968
992774447353430018
992774474993946624
992774502785351681
992774510117040128
992774627117150208
992774904381665280
992775028558135296
992775161035313156
992775248658350081
992775299187314688
992775425536520192
992775463796989952
992775474685366272
992775486500691969
992775658672664576
992775791908982784
992775984381333504
992776002966360064
992776040572473345
992776079566954497
992776116556521473
992776194746736640
992776495067291648
992776571302891520
992776748143177733
992776810726293509
992776838022860802
992776907065196544
992776926170435584
992776932050817025
992777130017804288
992777166973792256
992777204873482240
992777254248894465
992777424101429248
992777583392641025
992777616422768640
992777833922596864
992777945474392065
992778012306309120
992778050587774981
992778066261880833
992778130346708992
992778170855313408
992778310039023617
992778461575106560
992778526288904193
992778533754802176
992778582102507520
992778647927914496
992778683197870080
992778708480999424
992778849258700800
992779013973307393
992779072303493121
992779117841043456
992779283780325377
992779744356765696
992779830306459648
992779898153590784
992779900338819072
992779908626767873
992779992277901312
992779997306814465
992780138814328837
992780204929142784
992780215905673216
992780300076900352
992780418087825408
992780482554327041
992780634354601987
992780654197620737
992780681259503617
992780778403606530
992780821885960192
992780824654307328
992780842442338304
992780918598316032
992780949707370496
992780956036730880
992781261927321605
992781298291937280
992781334950109186
992781347289628673
992781390881148928
992781421151432708
992781424632659968
992781447407788033
992781527296638982
992781631936253952
992781697166036992
992781755286515712
992781756368637952
992781808738566146
992781817815162882
992781829802549248
992781869438599170
992781961436450816
992781964292669441
992781982865256449
992782018365874176
992782068005384192
992782220594049025
992782246724554752
992782281017298946
992782427184562176
992782692138799104
992782765765595136
992782843720986624
992782857809682433
992782903519186944
992782965976559617
992783037313187841
992783045215301638
992783115411181573
992783287637741568
992783739301310464
992783861477232640
992784038741139458
992784084429664257
992784341821546496
992784358036660224
992784369482960897
992784417990086656
992784484302053376
992784529919172608
992784550676914176
992784601679564800
992784727420620800
992784749893705728
992784932215934976
992785016034906112
992785133919928321
992785230862921729
992785297007104000
992785456910749697
992785472031248389
992785953797345280
992786013281050625
992786162782793730
992786171037192192
992786210434240512
992786246144614400
992786295264043010
992786303447126016
992786399266050048
992786410066366464
992786579876872192
992786597203628035
992786742628503554
992786760160632838
992786808818847744
992786816418885633
992786871888498690
992787032383553539
992787151619330048
992787235081740288
992787261229027328
992787264764817408
992787264743854080
992787278593437698
992787291650297857
992787342611140613
992787534160707585
992787646958141440
992787668344934403
992787673533337600
992787679220781056
992787697977774080
992787707062640643
992787899962789889
992787908867317760
992787937334059008
992787942908284928
992787973778362368
992788021698277376
992788194784612352
992788242130001920
992788244004827136
992788257988542465
992788289856909313
992788476931211264
992788508312915969
992788603687374848
992788729801658368
992788731403776002
992788814157500426
992788814757335041
992788876598087680
992788941538447365
992789006126592000
992789141099372545
992789361421967360
992789490019127297
992789509233414144
992789545203781634
992789622345302017
992789730319327232
992789754281381888
992789887777738753
992789956287434753
992790001397174272
992790066983514112
992790104132538368
992790189541089281
992790289847857152
992790337658728454
992790398782369793
992790432777211904
992790509784584196
992790551828291584
992790600171884544
992790775082704897
992790819705933824
992790855332352000
992790884486909952
992790930460696576
992790965927759872
992791014262956032
992791024736133120
992791070151987202
992791153505337344
992791266080579611
992791354735497216
992791506485436417
992791930252689413
992792031289331713
992792200621776898
992792212760088576
992792255235854336
992792281215328256
992792426539638784
992792580378185729
992792665711435781
992792726864265216
992792832799838208
992792889649451008
992792944934604806
992792949577707520
992792960243822592
992793073376808961
992793167018721280
992793460393562112
992793509785583616
992793527045279750
992793578178072577
992793583899086848
992793619609341952
992793711351336961
992793769425633280
992793821103652867
992793844465971200
992794049433292800
992794241347792896
992794247731601409
992794389318684672
992794415818313728
992794482138632193
992794573717082113
992794693665808384
992794735059308545
992794750574088194
992794827011051520
992795060226883585
992795213256159233
992795270835355653
992795360908201985
992795367124209664
992795678979100672
992795745681072128
992795750013775873
992795776412737536
992795849594990593
992795952821006336
992796036186820608
992796041757057024
992796107150385152
992796146807508992
992796238155341826
992796260716498945
992796493663916033
992796512517263361
992796544368771074
992796680406949888
992796756386746369
992796845926731776
992796895239131140
992796910909042689
992796966689103873
992797140681359360
992797152400297984
992797202723561472
992797261703843840
992797272550400000
992797412510060544
992797449973587968
992797605775233024
992797628642492416
992797730048110593
992797826420690945
992797846196932614
992798047053729792
992798073570066432
992798118247837698
992798236376223744
992798422829813761
992798511870734338
992798662974681089
992798807384645632
992798865458941952
992798953233100800
992798969360277504
992799014281273344
992799017582120962
992799035567345666
992799041435127808
992799137958649859
992799185010339846
992799286307053569
992799299053477890
992799498194780160
992799562594168832
992799639563890689
992799664733917184
992799684841410560
992799830677303297
992799856753291265
992800094163492865
992800117286735874
992800152028172293
992800163403108352
992800172445978627
992800274879340544
992800365778219008
992800420086140929
992800440256430085
992800550839373824
992800583076712449
992800705525243905
992800723745345537
992800761103953920
992800771262636032
992800816154185730
992801241850839042
992801400143925249
992801501167935489
992801526275100672
992801701232041984
992801909571571712
992801971420717056
992802079524753408
992802220872781824
992802371712544768
992802419976351744
992802430881550337
992802495528423425
992802506383163392
992802603464642560
992802802324918272
992802867336577031
992802961238654982
992803050640297984
992803104285450241
992803334255009792
992803418073980929
992803419248263170
992803475221372928
992803540895756289
992803588903702530
992803695518724098
992803879682297858
992803932413071361
992803936892542977
992804017792266240
992804136239423489
992804327881396224
992804393375424512
992804464737357826
992804506768429056
992804674427375616
992804806082416640
992804874034319361
992804896792612865
992804930539925504
992805097712312321
992805273004859392
992805326666727426
992805586088677379
992805619777310721
992805801415688192
992805815848439808
992805823771496449
992806009545555970
992806017846136838
992806038414950404
992806073076629505
992806153351565313
992806374118756353
992806429378703360
992806668974018561
992806746371522560
992806971744096262
992807112983097345
992807187197190145
992807190909063168
992807193312407552
992807211461169154
992807256860262400
992807428713517059
992807607864905731
992807657684824064
992807829684793344
992807858411581440
992807983724843008
992808067422179328
992808129330122757
992808185038819328
992808325556457479
992808357760323585
992808419227815937
992808427570257926
992808479437021196
992808673008287744
992808688162344960
992808744605151233
992808790595600384
992808877791023104
992808941611560961
992808983349080064
992808992719204352
992808995252572160
992809015796289541
992809029008322562
992809100391133185
992809119341039618
992809135539474432
992809204896489472
992809247028207621
992809271099363329
992809289155784704
992809375906623488
992809386308403201
992809419271495680
992809462699364352
992809533511733249
992809535894061058
992809593138024453
992809616475082753
992809669298147328
992809670472585216
992809690416472065
992809702638669824
992809739083018240
992809752555073537
992809789607567360
992809822029402112
992809914824298496
992809935065972736
992810161273176069
992810209730023425
992810328303001606
992810336142200832
992810462864662528
992810498533085184
992810678909112320
992810694453137408
992810719098867712
992810798077628416
992810985416114176
992811075224645634
992811086356340737
992811113203941376
992811194934231040
992811238710267904
992811278816169985
992811367764807680
992811369467645953
992811441601351680
992811487415689224
992811588573900800
992811628415651840
992811629560713216
992811766726901761
992811774318727168
992811877943128064
992811913326231552
992811962730991617
992811972067516417
992811974382714881
992812073850691584
992812136085839872
992812187608584192
992812187608584192
992812231078436865
992812253044002816
992812276234276865
992812408514150400
992812424901414912
992812473140043776
992812490600992769
992812619529621505
992812642392793088
992812712076955650
992812866049847299
992812919753728001
992812965781999617
992812966193098753
992813076142542848
992813132849532928
992813255000252419
992813265305657344
992813303708741632
992813340153040896
992813360579334145
992813408872534016
992813419974848512
992813433140719617
992813609553158144
992813636459618305
992813672601931776
992813704042504193
992813729740881923
992813737714348033
992813848968269824
992813962055114752
992813977066405888
992814004505636864
992814019206696961
992814054967332864
992814055168634881
992814152522649600
992814324107415552
992814325856382977
992814326590435330
992814444127379456
992814635333103616
992814665901146113
992814701552852992
992814750496100352
992814883224936448
992815110019321856
992815119393583104
992815183264468992
992815310389563392
992815324423688194
992815401498284033
992815477952073734
992815481441718272
992815602841538560
992815670067900425
992815833918291969
992815941338714113
992816065444016128
992816141356732417
992816380725596160
992816399469989888
992816458731343879
992816631201107968
992816829579096064
992817040242200576
992817147305963520
992817266856218625
992817437375545344
992817525514756096
992817886048735232
992817917875097600
992817974322098177
992818048196333569
992818078500179968
992818106564333569
992818163594260482
992818331802578944
992818354707730432
992818479207153669
992818746820620288
992818905696567299
992819024185774082
992819068985135104
992819145564663814
992819157711360000
992819766732775424
992820085432692736
992820110221041664
992820358452580352
992820377066852352
992820461682733057
992820461091344384
992820486152314880
992820522391089152
992820715224207362
992820734408974337
992820773269200897
992820852575145985
992820938193473537
992821011455279104
992821054925148162
992821280385716224
992821299721498624
992821386329645056
992821409327013889
992821477455130625
992821613568708610
992821644107436032
992821666928611328
992821703037272064
992821819634802689
992821912924540929
992821949855424516
992822007279636480
992822099621359617
992822162716352512
992822314172669952
992822551490498560
992822831984664576
992822922149548032
992822994220314625
992823012561965056
992823079243010051
992823087291826176
992823139288715264
992823221610217472
992823231341088769
992823366636724224
992823386173857792
992823390162554881
992823440179630080
992823486199541761
992823531326136321
992823740340801536
992823804291436544
992823931378831360
992824063843360769
992824131275100160
992824155572752384
992824190108622848
992824195640975361
992824225231704065
992824454567915520
992824455784226816
992824493436538885
992824511568457730
992824514559045633
992824569760280577
992824698227523585
992824717601050624
992824810802765824
992825013333057537
992825037194432514
992825098599092224
992825422139285504
992825428447518720
992825644215144448
992825649990701056
992825706865455105
992825826994524160
992825870648729601
992825922112892929
992825972352278528
992826043919716352
992826188392525824
992826272903548930
992826486427213824
992826689792233473
992826739339485189
992826830062309378
992826999004717056
992827016046096384
992827095935062016
992827370498347008
992827464534642688
992827661201367040
992827732458434561
992828124239888384
992828168259108865
992828180082970624
992828184868671488
992828268083531776
992828352473059328
992828712545603585
992828816807612416
992828902878990336
992828957610467328
992828993907896320
992829015370158082
992829120148115456
992829122647855104
992829168877481984
992829171192786946
992829276771713026
992829287353978880
992829425443069954
992829436763561985
992829587368312833
992829668721127424
992829761218076677
992829856642686976
992829918588407808
992829918902964225
992830295710846977
992830318498508802
992830328925491201
992830396613234688
992830403995107328
992830446055510016
992830503781847041
992830993924050944
992831003340300289
992831027688157184
992831068578426880
992831111456808961
992831185855238144
992831196005568513
992831247691984896
992831338632839170
992831427329871872
992831491855052800
992831544791355392
992831586705068034
992831644074733568
992831737205002240
992831803953119233
992831827793666051
992831845162201088
992831961742954501
992831962942451714
992832151396732928
992832184024170496
992832202265292800
992832359945920512
992832504586522624
992832603056230401
992832733926830081
992832792231923717
992832901166313472
992832916693684227
992833076265922567
992833102409027584
992833182016798720
992833196051042306
992833302129233925
992833386254397440
992833505670418433
992833558506037251
992833565862883328
992833690190405633
992833721530281984
992833773686411265
992833808675344385
992834106311565312
992834324092346369
992834350029967361
992834362193440768
992834442015240192
992834501649846272
992834651763900417
992834728100155392
992834759343648768
992834774396960770
992834892735090688
992834922476916736
992834926201462786
992834936645308422
992834949119082497
992834953145651200
992835021416423425
992835032933916672
992835097333305344
992835213796564998
992835255668273152
992835346516803584
992835374480162816
992835408965795841
992835480520740864
992835598091210752
992835607423537153
992835675111247873
992835783005437953
992835831265185793
992835887200423939
992835961326391296
992836020726124544
992836341347028992
992836361605537792
992836452747763712
992836624089264128
992836660458131458
992836808017874944
992836816377171969
992836996178563073
992837054378717184
992837127787438080
992837222150868997
992837286441168896
992837306418528256
992837456541245445
992837488732397568
992837559733637121
992837593627873280
992837834934497280
992837850063306753
992837929482510336
992837963179593729
992838174199205891
992838344160751616
992838360350814208
992838447537803265
992838623023247360
992838712898785281
992838802988257287
992838818645540865
992838827361427456
992838978192707584
992839079569035266
992839635603779584
992839725458178049
992839755338584064
992839804734918658
992839840189296640
992839883860398081
992839915917496321
992839942832259083
992840070917914629
992840071970721792
992840085862219781
992840261876224012
992840398979682304
992840446618537987
992840521344266240
992840718778535936
992840727003652097
992840768296509440
992840794569625600
992840806791827456
992840877117726721
992841066180153344
992841141589610496
992841209331830784
992841287878496256
992841394577444864
992841395550478337
992841459878518786
992841504392601600
992841510432407552
992841593634934786
992841649406476288
992841666213089280
992841770814922754
992841785738133506
992841811298267136
992841892810428417
992841943892856832
992841997965766656
992842012071223296
992842054316249089
992842103267975170
992842110792544256
992842165259849728
992842242946674689
992842382742900737
992842447322537985
992842505283567622
992842523105222656
992842682123907073
992842802785644544
992842891482619904
992843027348631552
992843123805081601
992843151621742592
992843187554275329
992843266180767746
992843530283507712
992843545231986688
992843567772073984
992843615964729344
992843681567821830
992843685871128577
992843692171022336
992843744176205824
992843861151113217
992843961629847553
992844001769349120
992844156421726208
992844344775335936
992844419408842752
992844470965145600
992844486949724161
992844599336022017
992844680231518208
992844692084744192
992844740407234560
992844849551413248
992845039263985664
992845054585819137
992845153244209154
992845412179628032
992845486712414208
992845495591751684
992845515124563968
992845561555451905
992845622767226880
992845695731331072
992845696217833472
992845699179012097
992845706728755200
992845721454948357
992845870969245696
992845958848315393
992846001764470784
992846014632652802
992846023033868288
992846128008826880
992846151970848769
992846246841929728
992846453612662787
992846469047693317
992846473485258752
992846491353051136
992846546491277313
992846555626516480
992846587582926848
992846626485043200
992846720945016832
992846759419314176
992846786762027008
992846932551913472
992847031512326144
992847048750837766
992847093059477504
992847094682738688
992847335251116034
992847409796583424
992847457645223937
992847542772748289
992847542034497537
992847578944409602
992847698981281792
992847774512238592
992847856020180992
992847904694939648
992847933988065281
992848077613563905
992848231271890944
992848389355302912
992848428282535936
992848452966068224
992848479750942721
992848492505821184
992848602623037441
992848816159248384
992848847784284160
992849035252912128
992849106975551488
992849120531550208
992849122276331524
992849201787793409
992849306641158152
992849334545928193
992849453747986432
992849509465108481
992849542310744066
992849581045178369
992849668093693953
992849908796358656
992849952551432197
992850122097733634
992850173159190528
992850212434665478
992850338288939013
992850413316521984
992850585367056385
992850626173337606
992850876925595648
992850982106214401
992851003174203392
992851342568951808
992851432805142529
992851458260381696
992851758761291776
992851809290113029
992851818278465539
992851898318409730
992851940764803072
992852011904356353
992852144138186754
992852171891847170
992852197787435009
992852311486681088
992852368642531329
992852385675599872
992852463823872000
992852966548832256
992853089572007936
992853105636270080
992853451448180738
992853531873947648
992853596957003777
992853652208521216
992853721808764930
992853726590316545
992853781892227074
992854094246301696
992854225997660161
992854234478661632
992854389869236226
992854400602464259
992854406977785862
992854464360058881
992854464133521411
992854574158499845
992854592407986177
992854658610794497
992855112212189184
992855176011767808
992855229069656064
992855238716555265
992855242600583168
992855320685924352
992855427904884743
992855515351932928
992855558964350977
992855704179478528
992855849927364614
992855951823790081
992855986342899714
992856105758883841
992856182149828608
992856253947838465
992856293487579136
992856318191992832
992856368024576000
992856429462802433
992856438111383552
992856485544808449
992856590679232512
992856811630972928
992856823073005568
992856901850402816
992857095136514048
992857314066620416
992857339643359232
992857368550608896
992857420308385793
992857604132098049
992857703893688320
992857765403156483
992857928104366082
992857982223421441
992858047889408001
992858144375234562
992858242110951426
992858289460404224
992858322733862912
992858645552648196
992858758538760193
992858818399932421
992858828206170112
992858939506200577
992859055151632386
992859141533290497
992859191659368449
992859291844595712
992859374199689217
992859412413939714
992859483134193664
992859625505611776
992859734368800768
992859779382071297
992859955572166656
992859985242738689
992860000304410625
992860000476454913
992860012312743946
992860080893775872
992860176087769088
992860285064138754
992860379570204673
992860429700476928
992860480799694849
992860533429817344
992860569689567232
992860575167340544
992860591072137218
992860724325244929
992860779287281671
992860825709875200
992860852821819393
992860944249303040
992860983449223170
992861031310479360
992861202849157126
992861258650144769
992861275951595521
992861276383645697
992861303541727239
992861326308339712
992861363167989760
992861459930546176
992861484291063809
992861550556872704
992861612359999488
992861832972066816
992861860713107457
992861932892884999
992861939150794753
992862013822066688
992862174228959234
992862200254664704
992862295410774016
992862438113660928
992862562407604225
992862775759245317
992862815009550343
992862840884211712
992862857443401736
992862924002807809
992863040713428993
992863046480683008
992863095398813696
992863193675517953
992863312785412101
992863427172491264
992863656852455424
992863703602225152
992863725282627584
992863765149421568
992863768458743808
992863788239147009
992863847102009344
992863853972160513
992863928760848384
992864107899641863
992864237419720704
992864376276340736
992864378239275008
992864491753918464
992864499911872513
992864572917846016
992864620284203008
992864704698732545
992864849200910338
992865028024995840
992865086590144513
992865115992215553
992865480494010374
992865619195330561
992865629156802560
992865725353250816
992865770001633280
992865789857452034
992865792994791426
992865859189211141
992865942970519559
992865975086305280
992866074206130177
992866127784087554
992866147904245760
992866272932229120
992866323855233024
992866378909708288
992866449101385728
992866548925829120
992866632434413569
992866636653912065
992866647475093505
992866767159676928
992866863787978754
992866966112260098
992867102108381185
992867146647654401
992867189706313729
992867227484307456
992867364457930752
992867398138187780
992867537447784448
992867584923127808
992867656851185664
992867672399507457
992867675356491777
992867819325935618
992867856051302400
992867857972236289
992868360349212672
992868380058226688
992868518571008000
992868777565007872
992868848150958083
992869011007397888
992869088144830464
992869168147025920
992869194571141120
992869243749269505
992869246286823426
992869279237361665
992869344563560448
992869535433838593
992869603457093635
992869633056215041
992869651913768963
992869787985379328
992869854993567745
992869858399412225
992870009184677888
992870050670530560
992870050670530560
992870154034974720
992870294149877763
992870317621161984
992870654755115008
992870744609697792
992870876885536769
992870929977020416
992871001875795968
992871080686706688
992871230251421696
992871231459381249
992871238744858625
992871242964357120
992871267467431936
992871326418456576
992871339298963456
992871413425098753
992871448892133377
992871595843772417
992871594593792000
992871614265090048
992871650512310273
992871751573962752
992871837511176193
992871870407106560
992871915391016960
992871945027969024
992872031732600833
992872161932136449
992872224813125633
992872325187014656
992872403469561856
992872408179793920
992872472491020288
992872566665760768
992872581656178689
992872690053713920
992872932027260930
992873382743027712
992873403890700288
992873590038114305
992873616231497728
992873838953320448
992873857961873408
992873953550045184
992873959883407360
992874052158148609
992874055438159872
992874062354571267
992874158240534529
992874349769166849
992874510033588231
992874558926573570
992874607093977088
992874747619938305
992874800619118597
992874879350398977
992874986280013824
992874993485836288
992875225414021122
992875280841826306
992875567497310208
992875859429265408
992875860867846144
992876053038280705
992876190183710720
992876252506750976
992876351337254913
992876485546569728
992876535018344448
992876598310424579
992876838295887872
992877202248265728
992877476811550720
992877521673904131
992877544495026176
992877711591968768
992877724866838528
992877867611709441
992877883562524672
992877956996521989
992877970896424960
992878158092361728
992878455871148037
992878594568400901
992878906058395648
992879125223411717
992879343276888065
992879349287223298
992879433051791362
992879457378725888
992879486373978112
992879522847608832
992879636966240257
992879658705260547
992879726221053957
992879985835892736
992880071399563264
992880108053712896
992880256930533377
992880521880461312
992880525613457410
992880894494027777
992880963775533056
992881071321681920
992881083334225921
992881172891033600
992881257926230017
992881281401749512
992881308723548160
992881389161902080
992881517432107008
992881544720273409
992881598168293376
992881711519358977
992881722881605632
992881820105666560
992881925663674368
992882352224391171
992882356490067974
992882607485485057
992882672954433537
992882814864551941
992882828236017664
992882901967605761
992883106330873860
992883198236528641
992883312594161664
992883320928292865
992883487438000136
992883538717442048
992883657462484995
992883751498780673
992883889780731906
992883888237236225
992884063957671937
992884154890178563
992884197617537025
992884315469045762
992884345982652416
992885186542161929
992885198936211457
992885380633518081
992885646153928705
992885661324664832
992885745269510146
992885761128255489
992885789909487618
992885809421389825
992885851502899200
992885967487930369
992886051801845761
992886105702887424
992886129614565377
992886316332388352
992886539205128192
992886729085464576
992886843686387713
992886864754429953
992886954374156289
992887118195249153
992887126705483776
992887165293154304
992887216576892928
992887233941254144
992887247748960257
992887461230579712
992887482457960450
992887494323646464
992887588770938880
992887722363760640
992887733852000257
992887847723130882
992887915096231940
992887953256058881
992888235666833413
992888502403715072
992888780276355072
992888854398095360
992889457710944257
992889540921655296
992889980392542209
992890234508578816
992890300392722439
992890387705589760
992890445427564551
992890483637669888
992890570086510593
992890632577388544
992890650558418945
992890696460914688
992890898018111491
992890999495065601
992891316102139905
992891343553880066
992891381420085248
992891563989700608
992891677076590592
992891801429266432
992891853803573248
992891920421670912
992892007868645376
992892394793250816
992892438535720961
992892530936119296
992892627619065856
992892857542479874
992892970000142336
992893008642281474
992893056822185984
992893302805590018
992893401187213312
992893449526546433
992893799004295169
992893829819838464
992893922157481984
992893960032079872
992893969309814784
992894075593519104
992894527026417664
992894588502380545
992894678688325632
992895004405370881
992895134219030529
992895163465977856
992895446560493568
992895656971980800
992896473359527936
992896484394840066
992896565030289410
992896609485819904
992897261779734528
992897325382225920
992897385507549184
992897509386276864
992897685677137922
992897911565504513
992898048492802050
992898091882893312
992898474348867591
992898930794008576
992899108200419328
992899212546314245
992900158512869376
992900228780085254
992900435831918593
992900886958657537
992901289448214529
992901747080421376
992901951888216071
992902020947423235
992902283057946624
992902555603697664
992902678949834753
992902832897568769
992902873053843460
992903040104624129
992903047390121984
992903076662136832
992903080034390016
992903162293116928
992903729119711232
992903919717310465
992904323716861953
992904363566878721
992904415538483200
992905006079774721
992905248313413633
992905345499652096
992905991032397824
992906116328820737
992906356037386242
992906552431513601
992906910813827073
992906953885192192
992906972285620224
992907433189302272
992907506652459008
992907550361350144
992907674990858242
992907707362566145
992907758335864832
992907870235742211
992907936753209345
992908027748642816
992908080823365632
992908121407479808
992908181910286338
992908209684918272
992908248838819845
992908279977299968
992908306644701184
992908348738691072
992908535846629376
992908584785793024
992909226996649984
992909350330040322
992909631260422144
992909720435511296
992909730195623936
992909970004996101
992910015857078273
992910291716460544
992910741849198592
992910822262353926
992911165855498240
992911172130279425
992911232100388864
992911266351058944
992911465605664768
992911466146750464
992912226351747072
992912275974578176
992912509744156672
992913054038986752
992914147368194048
992914257124655106
992914349072289792
992914376532332544
992914554496671744
992914625904676864
992915043892244480
992915271777112064
992915506289143814
992916347226083328
992916519255531520
992916664441233409
