954866141897416704
954866162579525633
954866313876393990
954866329160503297
954866469149593600
954866509297397766
954866586392940544
954866669687582720
954866821911506944
954867225650921478
954867226246569985
954867357410910210
954867358463614978
954867404345102336
954867414679932929
954867502433165312
954867536188923904
954867581978062849
954867822592757765
954867964335058945
954868033918525447
954868309341679621
954868382054191104
954868517521805312
954868697000300545
954868856731979776
954868881134366720
954868967906168834
954868994367991809
954869106070753282
954869191454134273
954869194868305920
954869203307253761
954869345573916672
954869428684050432
954869524624564228
954869727440130049
954869809824587776
954869869790494723
954869944344293376
954870004104749057
954870065278701568
954870119842410496
954870142281842689
954870167502229504
954870176247369728
954870240411832320
954870250624966657
954870499271761921
954870503096844289
954870608524922882
954870689865129984
954870819859116033
954870852402798593
954870919629074433
954871011295531015
954871207630917637
954871320956764161
954871382231453697
954871668912132096
954871721332486144
954871756317167616
954871785656373250
954871788005142528
954871789074763776
954871795194191878
954871937892847616
954872147599478785
954872416253218816
954872591013031937
954872662437883904
954872711397937153
954872872295649281
954872896463228929
954873026088235010
954873035873574912
954873125535125509
954873133927985153
954873158720516097
954873163862638592
954873171508940801
954873198318931969
954873254392541184
954873659394527232
954873843046338560
954873962156130305
954874063209615361
954874074324525056
954874125813563392
954874199939731456
954874231506001921
954874318089084928
954874543574802433
954874678522368005
954874854079193089
954875070844895232
954875339729260546
954875398462017536
954875436290527234
954875449490006017
954875450622468096
954875452497244160
954875481706389504
954875524412858369
954875685188796416
954875710455328769
954875825186361345
954875847084838913
954875956346449920
954875965221548032
954876092430651392
954876095479808000
954876208990310401
954876344478978054
954876423138889729
954876424468488197
954876506416861184
954876543775444992
954876558476488705
954876568391897088
954876601556197376
954876783400189952
954876976690548736
954877016762961921
954877075894259712
954877166587731968
954877260401725445
954877312130002945
954877357172641792
954877459895410689
954877762619179008
954877921042337798
954878021885923329
954878117478305792
954878342150393857
954878348685176832
954878384672333824
954878635705585666
954878712406773762
954878794900238338
954878930372186119
954879165798473730
954879270458929154
954879344408743936
954879356127662080
954879674689179648
954879732226519040
954879967841710084
954879997172441089
954880053405462528
954880155838709760
954880219936120833
954880366921289728
954880368322195457
954880545665806337
954880691732402177
954880805800742912
954880823693541377
954880833332105217
954880861211709440
954880944598650881
954880946779516928
954881038416842753
954881297712926721
954881646452461568
954881705453682694
954881765415489536
954882041555931136
954882093061951493
954882644424183808
954882857071243264
954882894069161984
954883055465975808
954883142011285504
954883163880292357
954883347435720704
954883482483941377
954883504860475392
954883565875064833
954883960395456513
954884207653859334
954884252889505792
954884267489873922
954884485291667457
954884583241256960
954884642460626945
954884676593778689
954884697758322693
954884914096287744
954884920123551746
954885169646891010
954885253264424961
954885353411940352
954885853746221056
954885928601911302
954886186039959552
954886295616151552
954886372346748930
954886581294379009
954887024577826817
954887075257561088
954887375502626816
954887400135757825
954887416187322369
954887511213510657
954887892001751041
954887953263812613
954888129802096640
954888622272077826
954888636390047744
954888699216646148
954888759681732608
954888883338141699
954889248188108801
954889291192250369
954889406321631232
954889791547564032
954890094472818688
954890144015929344
954890418667257857
954890653057601541
954890788911149056
954890801070342144
954890862831521792
954891069468106753
954891318215544832
954892486618570752
954892488887685125
954892493027454977
954892519896178690
954892835165233152
954893108734578688
954893333851095040
954893547379019776
954893883204399104
954894082383360001
954894182077911046
954894211391873024
954894592821743616
954894976835637250
954895067575214080
954895388263309312
954895740924461057
954895840946073600
954896008391118848
954896021603135488
954896065647570944
954896194752434176
954896590514393088
954896959453761536
954896991695273984
954897049979379712
954897243315884032
954897340816609280
954897617607188480
954898139122683904
954898176934375424
954898360737128448
954898689897717761
954899140114132992
954899588883853313
954899727807631361
954900040740466688
954900237184897030
954900248144633856
954900351529963520
954900400250990592
954900602382794752
954900604119232512
954900710839259136
954900789306290176
954900910400069633
954900927449878531
954901162746171393
954901184262934533
954901477486747648
954901713248489473
954901754478505984
954901881146441728
954901973807091712
954902089238568962
954902161829322752
954902344818446336
954902436669526016
954902603976118272
954902661903642624
954903092830535680
954903798706769921
954903804205502464
954903893359628288
954903955556982786
954904310764187648
954904657830334465
954904670593605632
954905212283625473
954905454911553536
954905728015364097
954906015815950342
954907161708171264
954907391673368577
954907617423478785
954907706107756549
954907728845123584
954907842049343490
954907892443992064
954908160661258241
954909497092444161
954909784477782016
954910083544215552
954910518577332224
954910996535152641
954911864961556480
954911943466323968
954913392464195584
954913721222131712
954916444395003915
954916912399601664
954918042324025344
954918511268200448
954919388670435328
954922210916958208
954922276847280129
954924341262655489
954925887434252290
954926384098480128
954926415438368768
954930262806319104
954932302454411265
954932481349779456
954933468022091776
954933474120650753
954933852467810304
954934425401389056
954934986540494849
954935530998857729
954935724364611584
954936053810520065
954936181346709505
954936223159734273
954936986984419328
954937195432833026
954937275573350400
954937355424550917
954937576711958528
954937660853948417
954939236616232961
954939472373800960
954939740423270400
954939762158260224
954940096590970880
954940292507070465
954940388594409472
954940480055214080
954940662780178432
954940945954349057
954940958851833856
954940984026001408
954941397274185728
954941938251296773
954942137010880513
954942353936183296
954942562812530688
954943431847153664
954943524436303873
954943525740732416
954943526965424128
954943868126007296
954943877433233413
954944547678801920
954945967333302272
954946557056573440
954946747431899141
954948005156786176
954948526873686021
954948653126266881
954948872131969025
954948962271801344
954949067062247425
954949210864046080
954949275942875136
954949315373408257
954949637441499136
954949693989105664
954949739333804032
954949989276487680
954950132600070144
954950306571407360
954950486003781632
954950537216167936
954950878351458304
954950983334981633
954951068982677504
954951162763055105
954951342262546432
954951544981647360
954951735931531265
954951763060178945
954951888583233537
954952246097260544
954952320755863552
954952415748374529
954952502293794816
954952737669746688
954953289048739841
954954007335915520
954955095938015233
954955154792513536
954955533412311040
954955781413076992
954955783527174145
954955999651291136
954956293156102144
954956338047668224
954956528959836160
954956735172763649
954957534426787840
954957667759509505
954958405680226306
954958474374508549
954959088504352768
954959261016166400
954959517837488130
954959520769306624
954959522866511872
954959952178589701
954960008172613632
954960625339334656
954960673615773701
954960703869411328
954960929036361728
954961037769433089
954961156397035520
954961499809894400
954962423101972481
954964063611744256
954964081454276613
954964610863558656
954964803365240832
954964832880676864
954965743694766081
954966607104589825
954967027923542016
954967470095335424
954967485182304256
954967746906902528
954967878998085632
954967882668101632
954967975668396032
954968000423178241
954968086733623296
954968488489209857
954968509599150080
954968612716142593
954969011099402240
954969435479134208
954969559244722176
954969608901013504
954970739878309888
954970934061957120
954970959819231232
954971086898184192
954971129566912512
954971138517499910
954971423495385089
954971509939781632
954971524238401536
954971862718541825
954972104163704832
954972107032625152
954972267267620866
954972605899042816
954973122372935680
954973359774683136
954973619649572866
954973665313124352
954973981509062656
954974016363786241
954974023447908352
954974247805472768
954974654514520065
954974968667832320
954975090042601472
954975285170003968
954975286960930816
954975288932184065
954975364928897024
954975904698130432
954975914357555200
954976038215397376
954976168419217408
954976293514305536
954976382416769024
954976550000168960
954976766761684993
954976928489816065
954976939135021057
954977297307709440
954977733183975424
954977930291175424
954978069281873920
954978382676221952
954978457800396800
954978498745008129
954978501542793216
954978613258084352
954978961217515520
954979016062185472
954979342156574720
954979352038404098
954979452706066435
954979697183555584
954979933553557505
954980117138288640
954980899044683777
954981031534239745
954981184521560064
954981296278667264
954981723393191938
954981866406281217
954982059059154944
954982223731621889
954982342929547264
954982524882530309
954982542171688960
954983064106688513
954983169228337153
954983572447875072
954983763070550016
954983905936916480
954984153497391104
954984197294305282
954984198984601601
954984283323682817
954984356900233216
954984407395454976
954984682139127809
954984733515112448
954984835860324352
954984914025369601
954985329005604864
954985536158134272
954985617355665408
954985724461309952
954985739665715200
954985909765787648
954985951276797952
954986194915512320
954986269880258560
954986280269635586
954986456216489984
954986545504837632
954986602236956673
954986665193410560
954986785867730945
954986792016588801
954986846769033216
954987060481445889
954987097818984449
954987163535409152
954987291319111680
954987629933678592
954987685147488256
954987780299476992
954987866546999296
954987870934241280
954988074030845952
954988348912828416
954988564957286400
954988656867074048
954988825360719872
954988836534345729
954989471015022594
954989559045152768
954989675927785472
954989681409654784
954989775257251840
954989886058258432
954990052274327552
954990126777683968
954990806770864128
954991161885814784
954991215497306113
954991216893964293
954991218127024128
954991259323715584
954991325086183424
954991578862546945
954991693836750848
954992193302880257
954992303260680192
954992457661472768
954992470642843648
954992550024286210
954992602725613570
954992609335889922
954992613471420417
954992680966197249
954992960122343424
954993098467299328
954993138363457536
954993356488302592
954993596272381953
954993608062570496
954993644095885312
954993715734634496
954993814250409984
954993946123436032
954993984304230400
954993999693189120
954994006039113728
954994252735569925
954994311380262913
954994386881908736
954994521481318400
954994527294709760
954994595007533056
954994872733364224
954994992669515776
954994995957764097
954995332827566080
954995468144136192
954995478302806016
954995640328695808
954995746838806528
954995788349890561
954995837213532160
954995974916714496
954996004108959744
954996025856528385
954996087013732353
954996225903923200
954996288541614080
954996366006280193
954996384834506752
954996392153501697
954996520142757889
954996541441433601
954996543907606528
954996674673369093
954996779556261888
954996796350238720
954996967725297664
954996984137609217
954997077855137793
954997223812730880
954997319488843781
954997433938993152
954997488393576448
954997585915383808
954997597139275777
954997821131972608
954998047712346112
954998149101256705
954998444317429760
954998595912110080
954998755853553665
954998856990765056
954999404095819777
954999513625882625
954999561067614208
954999679032483840
954999728013537280
954999903532527617
955000003633827841
955000126816239616
955000155501031425
955000164703490048
955000611635949568
955000671417356288
955000714459275264
955000722025795586
955000829148303360
955000839743123456
955000920143794176
955000952557318145
955001043821256706
955001093049774080
955001117431214081
955001122799828993
955001196506501120
955001246880026625
955001424634699776
955001486928424960
955001556444811264
955001565085077504
955001625017507840
955001661528952832
955001740255997953
955001861471383555
955001876327682048
955001994544123904
955002067466227712
955002187544977410
955002197418397701
955002202548031488
955002204166983680
955002283221311488
955002428130320384
955002552302567424
955002748717666307
955002780619558912
955002823460220928
955002825070841858
955002881769426944
955002885103812613
955002885389148162
955003050837577728
955003109671100416
955003273991335936
955003373647884288
955003418430595072
955003465020952577
955003498814459904
955003590845878272
955003597594521600
955003633258594304
955003664036483072
955003768369754112
955003855649099777
955003912049872897
955003932799094790
955004148835110913
955004156938522626
955004170297278464
955004197790978049
955004343505358848
955004394675867648
955004532391542784
955004625161252864
955004674469490688
955004692815384577
955004806556368896
955004927662837761
955004954120466432
955004988908101632
955005058638336000
955005061255585792
955005073012248576
955005101290217473
955005132068081665
955005150392934401
955005324242640896
955005342164967424
955005479541002240
955005480333725696
955005542333911041
955005574604836864
955005952641683456
955006042764709888
955006045558108160
955006188952932352
955006276181749760
955006435137552389
955006442712399872
955006443991711744
955006445401006080
955006456889249792
955006472890605568
955006512195428352
955006540985126918
955006601257250816
955006636535570433
955006677719371778
955006826722013184
955006958712573952
955007165571436544
955007223519948800
955007242604105730
955007252498386944
955007262417973248
955007274891796480
955007312758034432
955007345452638208
955007429556801537
955007457574707200
955007459784970240
955007468828069888
955007538885427200
955007539934056448
955007618002628609
955007634695913473
955007722839257091
955007821837250561
955007834218999808
955007959666393088
955008049198092288
955008098946768896
955008147072208896
955008299581214720
955008319525195776
955008395534204928
955008419689361408
955008495643975681
955008627332517888
955008706936176640
955008787253026816
955008788356100096
955008814453002240
955008975468220417
955009102450638848
955009106896719873
955009219090173952
955009252019638273
955009258143305728
955009552893739010
955009588549554177
955009607939837952
955009677024260096
955009682145411072
955009849548472321
955009871283355648
955009971866841088
955009980729524224
955010032516714497
955010105870901249
955010300532707328
955010341582393344
955010363598299136
955010374537043968
955010381746982913
955010521564176384
955010547757600773
955010587334979584
955010665059581952
955010814368415744
955010962481917952
955011000864043008
955011172117467136
955011298705670144
955011463449600000
955011570483986433
955011742383435778
955011791322574848
955011841759105026
955011980288516097
955012058050854912
955012310887739393
955012415346937856
955012461249417216
955012489359626240
955012561623289856
955012642158104576
955012713901588480
955012718137872384
955012859297173505
955012866251395073
955012923642011648
955012934803099649
955012948023443456
955013009063186433
955013015216246784
955013048116371456
955013097156116480
955013112423485440
955013201585954816
955013262244044800
955013273375727616
955013435863044096
955013480360366080
955013579350118400
955013626859057152
955013755737427970
955013786229923841
955013788805353472
955013853116497920
955013911857725440
955013964315930624
955014016581152768
955014155718848512
955014281912725505
955014437617971200
955014598435987456
955014658255077377
955014667402989569
955014704119853056
955014710470103040
955014769471315968
955014778111524864
955014788052148224
955014869442588672
955014884542083072
955014905576517632
955015075957432322
955015160447553537
955015295697072128
955015342820118528
955015359551234048
955015400030441472
955015454489300993
955015505361940481
955015653110484992
955015663533330434
955015679425511424
955015695498084352
955015700648747009
955015749109796864
955015850192334848
955015904642945027
955016124407734273
955016185959124992
955016247082659842
955016252090658816
955016253755752449
955016261121003525
955016268767211520
955016389303050240
955016531783639040
955016662725615617
955016768770203648
955016905202503680
955016928350924801
955017041521664000
955017043081879552
955017199508426752
955017236913315840
955017268580306944
955017408888045568
955017467952287744
955017745762082816
955017813281918977
955017923378151426
955017928843415552
955018007503364096
955018039203901440
955018090215104512
955018107982106624
955018163275599872
955018174461829120
955018265339842560
955018314580832256
955018408814350336
955018468255973376
955018476401422336
955018647491219457
955018704605106179
955018741917642752
955018753917554688
955018891083878401
955018968305225729
955018976911863808
955019010638303232
955019090724311040
955019329682182144
955019403095171072
955019510897102849
955019536624910336
955019621308026880
955019685074006017
955019822475153408
955019886476124160
955019960530632704
955020141573689344
955020210704134144
955020274965114880
955020310537035776
955020370721067008
955020520814268416
955020606294183936
955020855880404992
955021033681162242
955021280583045121
955021294139072512
955021388032692224
955021638046806016
955021664982585345
955021669319487488
955021672012308480
955021681612984320
955021751527895040
955021758272344065
955021782431551488
955021809216380928
955021837049778178
955021843001479168
955021900115259393
955021920663203840
955021933057400832
955021940749717504
955022013046943744
955022037776510976
955022078641692673
955022228869079040
955022230953582592
955022242567647232
955022280211517440
955022299278782469
955022326839611393
955022344929644544
955022373341859840
955022433244807173
955022441369292800
955022525905408000
955022921465978882
955022932606009344
955022934875152389
955022945419751424
955023159299846145
955023338660876288
955023434437857280
955023630550749184
955023660804395013
955023857475309568
955023875695357953
955024107145519109
955024206269427714
955024236464058368
955024257830055936
955024265916674048
955024375060844544
955024444422086656
955024447353901056
955024480266539008
955024480396611586
955024590522241024
955024678443278336
955024700769529861
955024835188576257
955024982140170240
955025036938801153
955025328598024192
955025376354492416
955025586933653506
955025642285826049
955025811437969408
955025819637862401
955025877661831169
955025941893443589
955025989469396993
955026049359851521
955026244063645699
955026327110897664
955026372208005121
955026519042220032
955026530559840256
955026696197038080
955026702941540353
955026722935705600
955026766149619712
955026813318811648
955026869107200000
955026905270575104
955026957623848961
955026961730072576
955027020647460864
955027063831965696
955027068877721600
955027231469948928
955027239040626688
955027317369303041
955027448181284864
955027488891076608
955027635784093698
955027756437340162
955027774909100032
955028029121683458
955028136877543426
955028140669227008
955028158771879936
955028165017112576
955028189339881472
955028249473617920
955028351328153600
955028510669762560
955028513618358273
955028542336749568
955028674482442240
955028694376075264
955028707239964672
955028791616733185
955028816031862784
955028987142696960
955029096689491970
955029112636178432
955029230911442944
955029358904791040
955029462768324608
955029603491438594
955029642183929856
955029657140826112
955029669803446273
955029776049336320
955029780201705472
955029837818793985
955029841488818177
955029921516216321
955029962070876160
955030061861744640
955030235002662912
955030260927561733
955030261787480067
955030316393123843
955030397649334272
955030446928224257
955030490909675521
955030510501277699
955030541224603648
955030545234317312
955030553748758528
955030566088445953
955030572023336962
955030617414164480
955030856757891072
955030970838724608
955030973867061253
955030982779916288
955031078162632704
955031137377832960
955031225080664064
955031230818521089
955031336015802371
955031345054535680
955031357494824960
955031441770983424
955031441326333952
955031523295555584
955031580053041152
955031625695416320
955031642812370945
955031683195121664
955031688572276737
955031715680083968
955031869485182976
955031955912974336
955031979677966336
955032018571669504
955032095675568129
955032129158688770
955032155117228033
955032155322712064
955032256996921345
955032294510727168
955032301271961605
955032301292937218
955032308326780929
955032335606517762
955032395673231360
955032413368995841
955032618642411520
955032626146021376
955032656550531072
955032672602083328
955032683633049600
955032724452061190
955032753128591360
955032864726437888
955032887207845888
955032999434899458
955033019680743424
955033025712218112
955033044150358016
955033148496150529
955033215907106817
955033250648547329
955033298874626048
955033361327841280
955033362871316482
955033375802355712
955033547613589505
955033570225131520
955033635987578880
955033641561874432
955033734616702976
955033846394716160
955033920579493888
955033967849365507
955033968163868672
955034086044831744
955034162188247040
955034167129071616
955034314583900160
955034431168962560
955034675570978816
955034818001211392
955034874838224897
955034926151294976
955034930542673920
955034943041818625
955034956471918592
955034981528686592
955035007138938880
955035165151186944
955035173812363264
955035282646142976
955035307883335680
955035320038449152
955035324912160768
955035381338165250
955035392658628608
955035428796665856
955035454675521536
955035585651134464
955035732862820352
955035789016141825
955035841692405760
955035872235282432
955035905416466432
955036050883338240
955036074413346816
955036131543969792
955036150221111297
955036185365286912
955036250678923265
955036270299926528
955036406371573760
955036448922710022
955036448868184064
955036452592734208
955036542405357568
955036553885216768
955036688996331526
955036753550807040
955036778397921280
955036812837343232
955036868504154114
955036944290983937
955036965094772736
955037043217793024
955037078131179520
955037185597722624
955037205101150208
955037220221710336
955037268246515712
955037317005303808
955037341512617984
955037355609612289
955037456163856384
955037600745627648
955037607490138112
955037733667426304
955037943286157313
955037960981839872
955038020767449091
955038116246507522
955038131006394368
955038192704675841
955038226091307008
955038226783358977
955038244672016384
955038286338170881
955038287969665024
955038298107334656
955038376733888512
955038378965258240
955038492941307905
955038588802093058
955038918277259264
955038933502611456
955039052033658881
955039137131876353
955039142387310593
955039237296009218
955039279473979392
955039374554615808
955039388437762048
955039425486049280
955039551147429888
955039617769553920
955039777081917440
955039784862445568
955039906895720448
955039975078232064
955040038986964992
955040109119901696
955040192104157185
955040326837850112
955040346530074624
955040353412841472
955040377983160320
955040391425871873
955040521923244032
955040680811876352
955040683152338946
955040761090854913
955040812827627520
955040856972685312
955040868506963973
955040951965310976
955041124443414529
955041160489250816
955041215103332352
955041218240696320
955041314122420225
955041317578518528
955041365838221313
955041382091116544
955041388357476353
955041403440070657
955041435446890497
955041457794142208
955041525632823296
955041550618243072
955041689948876805
955041837517025282
955041984640634882
955042012872441861
955042159442513920
955042167176777728
955042231290744834
955042250551189504
955042279890276352
955042329341169665
955042366842384384
955042395153944576
955042454025179136
955042482311565312
955042523768082433
955042674939236355
955042838135365633
955042856338710530
955042885572943872
955042899997143040
955042967680581632
955043032822411265
955043040858705921
955043046185369601
955043092993855488
955043131334037505
955043201970245632
955043222505574400
955043249613365248
955043253455343616
955043281901182976
955043331146358784
955043344257835008
955043376453373954
955043538542178305
955043593907032064
955043621585260544
955043659862499328
955043687465209856
955043698651357184
955043703508340736
955043814233858048
955043869883846656
955043963546820608
955044040499658752
955044074700070912
955044228094156800
955044313653825537
955044328069529600
955044480343773184
955044499356516354
955044501147529216
955044636015448064
955044663844589568
955044729615503360
955044819939840000
955044899967074306
955044909978923008
955044988102041600
955045060038537217
955045076660555776
955045128997089280
955045142301421568
955045267786620928
955045274849873920
955045414029484033
955045420610260992
955045468391858176
955045469608140800
955045482899955713
955045584402108418
955045599472218112
955045637275488256
955045636730163201
955045644531625984
955045703151124480
955045714509357057
955045821384445952
955045857266675718
955045886307991552
955045986262573061
955046050884128768
955046145256050688
955046156391931904
955046297450541056
955046401695764480
955046466841702401
955046510567280640
955046512450514945
955046532117663744
955046546843848704
955046624128094208
955046720077000705
955046760258441216
955046764746244096
955046787630424064
955046822627684352
955046837194493952
955046839652311045
955046909013577728
955047041566171137
955047067508002816
955047091499302913
955047120846950400
955047185128808448
955047196927430656
955047217827639296
955047302569263105
955047332940304385
955047445020467201
955047481540214784
955047493426991104
955047495985520641
955047497449267200
955047526331187205
955047734981009408
955047736700821505
955047782372569088
955047810994499585
955047825812938752
955047916011442176
955047917693349888
955047951688224768
955048241090957312
955048260267401217
955048286737625088
955048335664087042
955048383777067008
955048480359223296
955048525666144257
955048529201893376
955048594570186754
955048747255377920
955048756650631171
955048798690136064
955048876402241536
955048881250848768
955048888548888576
955049005662093312
955049056417480704
955049075866587137
955049301633269760
955049307652198400
955049411167621120
955049421808504832
955049434936762368
955049489777283072
955049489697591296
955049839859064833
955049852945207296
955049931743645696
955049936365768705
955049960453672960
955050043584761858
955050117337419776
955050126770409472
955050215026851840
955050251915792384
955050389384155136
955050513581690880
955050584230584321
955050599212560384
955050698487533568
955050706314162176
955050860014432256
955050917522558976
955051254002126848
955051301808861185
955051316002385921
955051374567452672
955051437054201856
955051522399891456
955051556340142081
955051644940668928
955051650590396416
955051680810262535
955051685562462208
955051760476856321
955051785663676416
955051802671702016
955051851803774978
955051852617236485
955051898817695744
955051904656134145
955051926734991360
955052013439586304
955052117403820032
955052128158081025
955052179081125888
955052221665894401
955052362862923776
955052380621557760
955052397772013569
955052401244827649
955052477287682048
955052508577189888
955052741122027521
955052801570287616
955052910487965701
955052928577998848
955052995279978497
955053092462002176
955053114708713474
955053118844276736
955053145440350209
955053160938295296
955053165686091776
955053349732102144
955053367990145025
955053469462876160
955053587599642624
955053593077407744
955053645208354821
955053688636264448
955053756495917056
955053770668478464
955053794936619008
955053850548932613
955053875635085312
955053968526163969
955053994862432256
955054024809730048
955054036377636864
955054067369340929
955054129189212165
955054154254356480
955054168565256197
955054218909503490
955054312937443328
955054321368010752
955054397494562817
955054463856861186
955054503123996674
955054505669857281
955054549198352384
955054556379000833
955054586930302976
955054684858970113
955054692572254208
955054798155538432
955054985196294144
955055105773940737
955055136027631616
955055251043880960
955055323370450944
955055378001219584
955055404999901186
955055446179614721
955055479180455936
955055518669852672
955055620167733250
955055638874345472
955055656821719040
955055691340963840
955055750518398976
955055855736639489
955055888607469569
955055984262746112
955055990382178310
955056012377100288
955056047739359238
955056133936418817
955056213603049472
955056324223610881
955056358340153344
955056417337237504
955056433573384192
955056488489390082
955056496534085632
955056533217468416
955056587546284032
955056595171495936
955056599026028545
955056638976602112
955056761655971840
955056857529356288
955056878240915456
955056892296028160
955056930908667904
955056961590120449
955056984553910273
955057269611352064
955057316558229505
955057378541604865
955057613238161408
955057642904440832
955057775725473792
955057794973085696
955057795635716097
955057870541860869
955057977370783745
955057991140724736
955057999122436096
955058013840314368
955058030361612289
955058137450590210
955058229406584832
955058234573971457
955058336512266241
955058444758929408
955058463167594496
955058568650285057
955058608567476229
955058623784333313
955058641710845952
955058711441100801
955058728872611841
955058738448265216
955058802491101184
955058808589602816
955059115306422272
955059174269997056
955059195975557120
955059236312113153
955059266595024896
955059384903716864
955059566819053568
955059655574720512
955059710419447808
955060034760790016
955060074388615168
955060192147722240
955060338029973504
955060359408349184
955060384397971456
955060412197859328
955060438395490305
955060464358223872
955060543517331457
955060547615166466
955060626669428736
955060665038884864
955060711029465088
955060712950386688
955060808387579904
955060825290608640
955060884312911872
955061011509374976
955061144326164480
955061242330312704
955061255533989888
955061336974741504
955061401810362368
955061407359303680
955061681092268032
955061787178782720
955061891793121280
955061900051714048
955062005890797568
955062242910916608
955062243762360321
955062243451957248
955062269326610432
955062381117427712
955062457487253504
955062467578777601
955062546226208768
955062596020957184
955062595731456000
955062638463119360
955062692431228929
955062741999521792
955062987051630595
955062991334051840
955063032769601537
955063035961454592
955063113082077185
955063145327931392
955063190643240960
955063206678073344
955063305210617857
955063336978272256
955063433745125376
955063534852993025
955063583272046592
955063593485160448
955063674133204992
955063698758029313
955063794841145344
955063841968226305
955063880593571845
955063918161883136
955063959220047873
955063961690562560
955064015188787201
955064049649188870
955064140808278017
955064161901404162
955064366927372289
955064471709470720
955064480005808129
955064604123631616
955064683999973378
955064743995244544
955064792984838144
955064896315711488
955065055233658880
955065140180897793
955065202789281792
955065213446950917
955065227019616256
955065305360945153
955065423648653312
955065473590333440
955065490216554496
955065504040972288
955065569732153344
955065661801328640
955065718982217728
955065903489548288
955065937874575366
955066002013937664
955066078379560960
955066205303377921
955066224194531328
955066280662331392
955066295191556096
955066368751296513
955066371607547904
955066541657284608
955066595176583173
955066600775970816
955066738483187718
955066771110879232
955066887699824641
955066906939043841
955066978540060672
955066978858921984
955067048807288832
955067074598064128
955067077777330176
955067089148145664
955067146333237249
955067170261753856
955067179799646208
955067206311858176
955067234568802304
955067235097305088
955067272829329408
955067279171039232
955067309646909445
955067339493576704
955067354534367232
955067495748026368
955067526303703040
955067554124500993
955067573816700928
955067631786254336
955067698781786112
955067729576423424
955067769954979841
955067844064153600
955067902989946880
955067910640168960
955067968588800000
955067985047314438
955068029808922625
955068101791543297
955068205919170560
955068277692293120
955068352032108550
955068357820207104
955068425038069760
955068494856339457
955068537776861184
955068564276498432
955068635927674880
955068655779368961
955068717355995136
955068780392206336
955068791272112131
955068790689103873
955068905797685251
955068937426948096
955068972524822529
955069033254084608
955069038429745153
955069093635395584
955069189668200448
955069196483907585
955069203031175169
955069254205833217
955069261877268480
955069313161015296
955069377329627138
955069408774377472
955069415179001856
955069455427624960
955069462016864257
955069465812615168
955069497072865282
955069506698797057
955069659593826312
955069724693471232
955069734189350913
955069736273920001
955069740770209792
955069746734682117
955069738404560896
955069731916017665
955069780255559681
955069809150124032
955069822513147905
955069845078392832
955069867845210112
955069880373571584
955069924799590400
955069981267554310
955070039220195328
955070116580020224
955070162448928771
955070163090538496
955070180060749824
955070184955502592
955070187719491585
955070209525772289
955070243294121984
955070273761546240
955070290752569345
955070301800349699
955070516775342080
955070535565807616
955070553991340032
955070641996288006
955070761584164864
955070907248148480
955070943776342018
955071017214533632
955071080300974080
955071112714555393
955071304734052353
955071407439872001
955071448212819968
955071639250665474
955071647836491776
955071650889945088
955071815956787201
955071946005336064
955072125714550784
955072165078061057
955072175240818688
955072304945475584
955072431890321408
955072439700086786
955072452094251008
955072709096083457
955072718055071744
955072735880863745
955072791086329857
955072899265826816
955072921202057217
955072953745596418
955073031390552064
955073055067394048
955073167269212160
955073171161567232
955073268968501248
955073414733205506
955073523822858241
955073604135333888
955073759270055936
955073935820849154
955074083926036482
955074170571886594
955074361022656512
955074492195377152
955074500307058691
955074539708395520
955074546142466048
955074794772410369
955075142161502208
955075156967411712
955075221727346688
955075712989442048
955075812541296640
955075856199749634
955075921316327424
955075928601825280
955076022344568832
955076037137850369
955076100509650944
955076268688539648
955076335889772544
955076372631781376
955076474989629440
955076483021725697
955076530929127425
955076694657896448
955076769761042437
955076787939237892
955076794914430976
955076857610883072
955076991337844736
955077155163136001
955077286767841280
955077327905546241
955077331131011072
955077385900183552
955077419962118144
955077560957841411
955077597955846144
955077602179416065
955077604092112896
955077612094836736
955077854009622528
955077898469367808
955078167986876416
955078167672250368
955078200266080256
955078588080025603
955078665917878273
955078691842818048
955078699581362176
955078761199947776
955078798155943936
955078823636340736
955078838068932609
955078874127327234
955079118185525249
955079120408514562
955079161906978816
955079171688026115
955079203162124288
955079320648560640
955079444305268738
955079479424057344
955079538677084160
955079658751610880
955079784249352200
955079834773925888
955079835705016326
955079919721205760
955079949488214016
955080039934103553
955080041989332992
955080051850059777
955080066005954561
955080078542671872
955080332126154752
955080333438935040
955080344914440193
955080380599668737
955080401718005760
955080465492447232
955080472551415809
955080586917564416
955080673173344257
955080712935366658
955080740475154432
955080746074505219
955080976627109890
955080983107264512
955080999339249665
955081057790984192
955081084139577344
955081180180811776
955081208181993472
955081264813559809
955081284111433729
955081392165179393
955081647128567808
955081687943270400
955081746739089408
955081825331875840
955081835138174976
955081952205463552
955081970823913472
955082062423347201
955082163204091904
955082171752034304
955082195227484162
955082203901431808
955082209899229184
955082232456237057
955082242254045185
955082273958912000
955082363075219457
955082506105245696
955082525642313734
955082585809608704
955082623193362432
955082658425470977
955082688528048128
955082711844249600
955082766340755457
955082784292425729
955082849916477441
955082984486522880
955082987279912966
955082997388193792
955083024735133698
955083060764119040
955083070079750146
955083071816065025
955083103600627712
955083150794903552
955083181568512001
955083264812871680
955083281518727168
955083299415822336
955083344060043264
955083406412582914
955083422652870656
955083496229425152
955083556644061189
955083647626948609
955083680778768384
955083913998884866
955083934861324289
955083958802374657
955083974862430208
955084002817466368
955084120341798912
955084152222597121
955084173814960129
955084235689390081
955084361522610176
955084376634789888
955084431362084870
955084533111644160
955084654528282624
955084687495581700
955084711847743488
955084783872331776
955084824296984576
955085029780217856
955085079067447296
955085081407901696
955085135489069057
955085152945831936
955085189595660288
955085231647727617
955085306893684736
955085310702088193
955085344554221568
955085350065631237
955085366582808577
955085477190782976
955085486443376640
955085644811964416
955085752211296257
955085766765391872
955085803742547968
955085842309099521
955085873154084865
955085945866514433
955085955865726977
955086025344372737
955086036035624960
955086040217382912
955086041316282368
955086094630088704
955086110987898880
955086111679885312
955086188175642625
955086203887456257
955086285550641152
955086429356425217
955086545081520128
955086565671235584
955086586563133441
955086641844113408
955086648009744385
955086674182230016
955086715424854016
955086800111980544
955086864838549504
955086856047099904
955086939778056193
955086999731490816
955087055234662400
955087128215674881
955087133919805441
955087154237014016
955087159605825536
955087227947769857
955087329479282689
955087424530583552
955087429794451457
955087439336558593
955087607372959749
955087622602403841
955087637563527168
955087689975549953
955087697827258369
955087726856032257
955087799153233922
955087812981817344
955087877377019905
955087894934380546
955087905780793345
955087905315262465
955087981190279168
955087986579918852
955087989536849920
955088009946456065
955088011749928960
955088069132275715
955088078430851075
955088093970919424
955088118553698304
955088122043404288
955088193879248897
955088323009302532
955088334241505281
955088410619858945
955088561216376832
955088633803038722
955088718230179841
955088767110524929
955088795338268672
955088802074243073
955088833602904064
955088890133712896
955088930977800192
955089017984487424
955089030508670976
955089180647968768
955089245064097795
955089603135987712
955089621158912000
955089688301330432
955089770945961985
955089780139806720
955089810695258113
955089935689814017
955089946053939201
955090018275676160
955090085036412929
955090278226055170
955090279492669440
955090319095279617
955090341841039360
955090391375712257
955090412343058432
955090438444240897
955090507490906112
955090539929591808
955090579179716608
955090589573267462
955090591682936832
955090593755013120
955090595709468677
955090597752131585
955090599958405120
955090602902695936
955090605230637056
955090608216920065
955090907090640902
955090907476393984
955090908315254784
955090961973039105
955091029807558656
955091193985200128
955091536122916864
955091537347727360
955091826804953089
955091891233665024
955091902948241409
955092016223997953
955092198218981376
955092211619782657
955092377881980928
955092594597486592
955092619054350336
955092840295600129
955093012572459008
955093026535288832
955093083955367936
955093139735408640
955093259314966528
955093288142426113
955093289199390721
955093357121982464
955093606855004165
955093915308355584
955093922879098880
955094117582802944
955094138164215808
955094336588472320
955094397519106048
955094423167225856
955094621272522752
955094623063490561
955094625210875904
955094627371048965
955094629552214016
955094629317148672
955094631192059904
955094633003982849
955094634887172097
955094637017939968
955094913795936256
955094970674839552
955094977196982272
955095010562723840
955095046948311045
955095112022941697
955095159083028480
955095164506312704
955095237709500416
955095302708572166
955095395981553664
955095450725449728
955095542467579905
955095578467282945
955095636898123776
955095673132797953
955095720230555653
955095789637963776
955095824421343233
955095849448755203
955095874861961217
955096165078503424
955096253225893891
955096318602510336
955096475406688257
955096481748455426
955096496482996224
955096543111077889
955096546445529089
955096576418041856
955096760128557057
955096879737556992
955096884007317505
955097215365713920
955097511898812416
955097515212320769
955097629725265920
955097643537006592
955097741239246848
955097746373005312
955097765843005441
955097825062412288
955098000602419201
955098098472226816
955098339317600257
955098383231799296
955098385257648128
955098387358957569
955098389485518848
955098391503028224
955098393612754944
955098476089692160
955098551201214465
955098713537556480
955098833700249607
955098934787104768
955098974259699712
955099278300581888
955099280678760448
955099473037942784
955099522560077824
955099565237198850
955099589492822016
955099590327459840
955099647621681153
955099652679876608
955099770586124290
955099780962816001
955099786331516928
955099993685331968
955100136371302400
955100179052417025
955100220995653638
955100223499628545
955100389086547970
955100464223342592
955100471013859328
955100500101394432
955100512344567808
955100658943905795
955100691395211266
955100772810809344
955100849927344128
955100932454395904
955100983239069698
955101063429926912
955101173123637249
955101178655854592
955101508651159552
955101569661440000
955101607443578880
955101692009287685
955101724200656897
955101762431709187
955101795130454016
955101874356719617
955102096721891328
955102267903942656
955102338179588096
955102400917987329
955102467703877633
955102587832946688
955102629964795910
955102671630929920
955102705512525824
955102732582555648
955102750219612161
955102849486217216
955102903873818624
955102916632719360
955102943488946176
955102977626427392
955103022950092800
955103100339150850
955103112817270784
955103174167269376
955103249643732995
955103350730747904
955103430493818880
955103496742801408
955103525972987904
955103819511357442
955103921399386113
955103944916729857
955104054736293888
955104065138188294
955104097434152960
955104105256517633
955104110470049792
955104117478768641
955104161116442624
955104197405536257
955104317928853504
955104364133306368
955104429094719488
955104469703938050
955104481108258816
955104567368314880
955104645709553665
955104785392422913
955104834763534336
955104874919849984
955104923011579906
955105074702966785
955105082139381760
955105178881085440
955105353200529408
955105468476780547
955105604816777217
955105834660519936
955106007537082370
955106020954722304
955106084414509057
955106168476708865
955106235031879681
955106298336546816
955106346952806400
955106362551250945
955106417605795840
955106505547747333
955106531002998784
955106568135237634
955106754311880704
955106756681662464
955106837308825600
955106911220887553
955106955760160768
955106977130070016
955106982205169665
955107016598532098
955107126707478528
955107155618693122
955107357301919744
955107525178937346
955107542937501697
955107620804730880
955107831669297152
955107916587167745
955107944537952256
955107994026508288
955107995314159617
955108000171286528
955108001031098369
955108027262259200
955108059734560768
955108118182100992
955108189573394432
955108408486760452
955108476367368192
955108477667627008
955108555002208256
955108563445321733
955108622576603136
955108628645732352
955108659541012481
955108719003660289
955108777342197770
955108914793762817
955108916379176961
955108920951017473
955108938307039232
955109011317297153
955109061766377472
955109093991165952
955109097560592385
955109241320218625
955109244780662785
955109328150724608
955109347616489473
955109368172724224
955109376444063744
955109422963023872
955109450884448256
955109473772867585
955109478948659205
955109586930827264
955109610792345601
955109639049400320
955109654224351232
955109742044680193
955109744921993218
955109761401479168
955109789264220160
955109836013830146
955109902967435264
955110001068138496
955110036099031041
955110084572602369
955110101647491074
955110129762029569
955110150054006786
955110173131100160
955110181951737856
955110260368461824
955110327099772928
955110334200733697
955110671716405253
955110676841795584
955110699554009090
955110748560248834
955110832937070593
955110876457197568
955110882899619840
955110937563934720
955111033672265728
955111240627572736
955111305026965505
955111679976787968
955111852798865408
955111886273630209
955111892124565504
955112047716552704
955112156625850368
955112159490592768
955112346149629953
955112352000614401
955112388952576000
955112498813984769
955112534113226752
955112544020172800
955112602249527296
955112641533497344
955112744843464704
955112880864743425
955112888250675200
955112928461680646
955113016676274177
955113058942308353
955113093595648006
955113303302434823
955113354816839680
955113495074430976
955113531724238849
955113630420422657
955113631003365378
955113661672116224
955113686678556672
955113873148805121
955113878655983616
955114132117884928
955114154943238144
955114399953510400
955114421759733760
955114428885753856
955114510624309248
955114510548836352
955114601749807105
955114616102801408
955114716682248198
955114790451646465
955114792259383296
955114827453677569
955114827612958725
955114854423105537
955114908542230531
955114923306160128
955114944743247872
955114996089933825
955115226927648768
955115239514796034
955115333194518528
955115381118574592
955115512127684611
955115515667714050
955115532713381888
955115566393589762
955115571821142016
955116192531910657
955116199402180610
955116230960189440
955116354578866176
955116382210928642
955116657097273344
955116664839966720
955116686709059585
955116744867229698
955116763724898306
955117059993608193
955117060018749440
955117101911543811
955117230328557569
955117275740127232
955117276822466560
955117283516432384
955117285399658496
955117291556937728
955117294400647168
955117296887898112
955117407630065664
955117407692926976
955117517458026496
955117530980474880
955117599985160194
955117634537869313
955117652485312513
955117773528723457
955117796668727297
955117947814645760
955118084058157056
955118211686690816
955118261716340736
955118264014770176
955118435284877312
955118483225960450
955118914232516608
955118960696967169
955119084252942341
955119489695219713
955119577716969473
955119659853975553
955119695169978369
955119822546898945
955120152894476289
955120223102914560
955120359660978177
955120562212360192
955120604444790785
955120605086535681
955120642986315776
955120703912710152
955121008662536193
955121052925026305
955121268331819008
955121313848463360
955121344299044865
955121372816117761
955121498020306947
955121527766339584
955121572716609541
955121626324127744
955121676286603264
955121805894848512
955121847623913472
955121931824648193
955121938350903297
955121939336527872
955122005224906752
955122017560350723
955122116072038400
955122183575130112
955122510026149888
955122558415892480
955122672190525440
955122822384357379
955122874435756032
955122904991137793
955122912167645184
955123146016854016
955123292255506432
955123294755319808
955123304121225216
955123411260493824
955123459633418240
955123526599692290
955123584229347328
955123585403809792
955123592538263552
955123632333783042
955123637153095680
955123945006665729
955123984911228928
955124065446105088
955124101429030913
955124135637725184
955124140880646144
955124224896663552
955124297743216641
955124365368033280
955124602174353413
955124639684091907
955124660009619456
955124731765776384
955124768470110208
955124813055569922
955124882576150529
955124903233060864
955125004043243520
955125050566500353
955125083823099904
955125105008496640
955125113283862531
955125226597179394
955125239477882881
955125374714859520
955125421741309952
955125475218739200
955125525240012800
955125770850009088
955125783441403905
955126033119772673
955126064648466432
955126146018037761
955126193174523904
955126204155260928
955126271620546560
955126281896685568
955126485832077312
955126507369893888
955126569923760128
955126852087099392
955127032970694660
955127294225453057
955127458088529922
955127704042565632
955127710572986369
955127712397627392
955127723428597765
955127817892659202
955127963321761792
955127965020540931
955128009295646722
955128057701912576
955128071576850433
955128124274069505
955128128690642944
955128198878162946
955128207803604992
955128221963640832
955128254238617600
955128321012060160
955128378578923525
955128464008396800
955128465988059136
955128555993751554
955128596091293697
955128800551096320
955128800840478720
955128829378547724
955128905479802885
955128906385735680
955128968667172865
955129124951150599
955129176251547650
955129176339619840
955129251543633920
955129255167393797
955129308573519872
955129335773564928
955129415947771904
955129541017718785
955129956186640390
955129991603376129
955130049497305088
955130310215241728
955130462288142336
955130513139826688
955130533834641408
955130546614669313
955130548820815873
955130550746058754
955130553010982912
955130561500246021
955130624800587782
955130653497966597
955130750348791809
955130767721496577
955130771748028416
955130785094356992
955130802316169218
955130840366936064
955130911896604672
955130946881191937
955131077877796865
955131185985814528
955131236233695233
955131255380697096
955131328885874693
955131493600374790
955131583702425600
955131611682615296
955131746055487488
955131761016627200
955131804222197766
955131838195957760
955131936258842629
955132030370701317
955132075153248257
955132078022189057
955132101153771521
955132112402833408
955132129532313601
955132165871886338
955132197719150592
955132237632147461
955132242107518976
955132253843025920
955132350685474823
955132392993378305
955132416972197888
955132437243269120
955132457598226433
955132514854727680
955132589710434305
955132686737264640
955132727619145728
955132731037331456
955132732539113472
955132762616483841
955132767376945152
955132789254508547
955132810062450690
955132967646580737
955133022755487744
955133112698236928
955133135410356224
955133155471691777
955133288842219523
955133494577033218
955133530685702145
955133568048607233
955133612625682433
955133677671014400
955133783405137920
955133787649773573
955133834734993408
955133849238953985
955133892905795585
955134064381620224
955134109373861888
955134174385639424
955134181264252930
955134207403220993
955134244514385920
955134308011954177
955134320032800768
955134321475641344
955134343227330562
955134401234526209
955134478590070785
955134507165896704
955134516758278144
955134566087487488
955134735810027520
955134793972363264
955134793817182213
955134801417265153
955134988307050496
955135005352775687
955135048101105665
955135053121585152
955135089700044800
955135218607943681
955135228372291584
955135238073671681
955135328825864193
955135385276952577
955135451584745472
955135512905502720
955135572754010112
955135580643512320
955135616538365953
955135643880960007
955135734234697729
955135851461214209
955135927277555712
955136151375015939
955136170069037057
955136413732868097
955136452970631168
955136461208276992
955136552996364290
955136570667028480
955136639256485889
955136647724720129
955136677349089280
955136682235441152
955136708877717506
955136709410385923
955136712312836096
955136740196536320
955136801886425088
955136813533974528
955136821796761601
955136828801191937
955136844232122369
955136846199222278
955137033743355904
955137137506123777
955137281429590017
955137355148644356
955137370491416577
955137438019702791
955137571901919232
955137595687743488
955137668819582976
955137707650535430
955137740743630848
955137763703128066
955137818375999489
955137889763037184
955137930326134784
955137933903843328
955138012538687489
955138035254996992
955138089319575557
955138202750287873
955138332652077056
955138351425781760
955138360678469633
955138455503364097
955138547241160706
955138588450213888
955138630170955781
955138645098422273
955138839844139008
955138868428361728
955138971478253568
955139045490876416
955139096124551168
955139118937378818
955139146586214401
955139267457617922
955139354732744705
955139460785688578
955139498660257793
955139556277411840
955139577169301504
955139587382349824
955139633901395969
955139684455337985
955139704458022912
955139708471963648
955139709189140483
955139719150686209
955139744006115329
955139868677607426
955139961627570176
955140150010482688
955140165940506625
955140266494713857
955140272370962433
955140281900335106
955140295678742529
955140322933264385
955140519235121152
955140569793220609
955140582627794944
955140610876375040
955140736898486277
955140764576681985
955140792611409923
955140912673382400
955140945795866625
955141052918362112
955141069016043520
955141129502158851
955141143561474054
955141173433298944
955141177149415424
955141235030810624
955141339620012032
955141523984838656
955141663432826881
955141687428501504
955141760698802176
955141841791455232
955141845180403712
955141905934966791
955141970967621632
955142151452745729
955142163519758337
955142176983474176
955142201905991681
955142327852511232
955142355975368704
955142383657803777
955142401730936838
955142420613787649
955142499491819521
955142518986874880
955142519469281280
955142598120869895
955142664466370560
955142804363194368
955142808515547138
955142845962358784
955142858301956096
955142881400025088
955143043035877376
955143106822836224
955143138259210240
955143151542587393
955143151714426880
955143436377739264
955143471832141825
955143561061679104
955143563028893698
955143572914831362
955143751088951301
955143928356986880
955143949538283527
955144072917864449
955144125556371456
955144126311301121
955144186264739840
955144249980399622
955144324131491842
955144437600047105
955144486035902471
955144551458660352
955144626960306177
955144673517096960
955144801481056256
955144868753543173
955145030708224001
955145045342121984
955145211629461506
955145213470806016
955145225630044160
955145227148374016
955145257926225921
955145283662434305
955145355426959360
955145362792243200
955145409336365056
955145440571396096
955145467905617922
955145473165324288
955145479184179200
955145484305301505
955145539905081344
955145648981950464
955145653528625152
955145674554859521
955145722957099016
955145731303755776
955145737339318272
955145772567269376
955145892423663616
955145945573986307
955145952578371584
955145977039671297
955146086846550018
955146139883450370
955146310130204672
955146433010823174
955146493903634437
955146494566334465
955146558512693252
955146650133172224
955146661566861312
955146730143612931
955146781704314881
955146877682569217
955146906489049094
955146908007391232
955146958955515905
955146972788330501
955147011195580417
955147023384305665
955147030397095952
955147074118586370
955147128246071301
955147140195606529
955147219308597249
955147267379552261
955147381586251778
955147533034119168
955147582405214208
955147641666637829
955147678249349120
955147691104796674
955147693982072832
955147712273567744
955147717432545281
955147728983609344
955147759627243520
955147801222107136
955147886139977730
955147895325544448
955147964334436354
955147975449366529
955147999969083392
955148027030892545
955148162318159873
955148285504884737
955148296120688642
955148338336337920
955148378442227712
955148446398320641
955148481076842496
955148555433467904
955148666762940417
955148777664413702
955148838746107905
955148899664228352
955148925979320320
955148998758862850
955149056426299393
955149127230328832
955149287025008641
955149306427830274
955149355027136512
955149425248210945
955149428452622339
955149499395117056
955149605716578304
955149676638023680
955149687090184193
955149698670710785
955149825498144769
955149836579495936
955149922088685568
955149925867819008
955149930699649024
955149948672241665
955149983166197761
955150051466194944
955150125852233728
955150174816538624
955150192235380737
955150409865269251
955150416886497280
955150680620195840
955150775507759104
955150798043910146
955150820496105472
955150833414483968
955150958224343041
955150994916151297
955150997105598464
955151084405870593
955151190203002881
955151368674783232
955151416762363904
955151470906748928
955151511310434304
955151619590680576
955151618802180098
955151645624684545
955151684594012161
955151729212952576
955151735684820992
955151812012793856
955151839812575232
955151855688044547
955151901745668096
955151937569218560
955151992246108160
955152120851902464
955152147431145472
955152148412751872
955152172290920449
955152336678252546
955152364863983619
955152532199952384
955152537144963072
955152560461037568
955152615612080128
955152641625088000
955152665062752256
955152812131999749
955152821510385665
955152916654018562
955153017829056512
955153037127012353
955153061038698496
955153100469186560
955153106882396161
955153171302830080
955153327276388352
955153361963282432
955153374361669637
955153450165329920
955153484076208133
955153566884384770
955153571606970369
955153597909610496
955153648958476294
955153654310428673
955153932292116480
955153939904761856
955153953913700353
955154042933702656
955154060063199233
955154068976041984
955154068913184771
955154088911622144
955154152170147840
955154164446883840
955154193098137602
955154222667923456
955154250786582529
955154271879749632
955154298396135424
955154480500301825
955154642056425473
955154700080439296
955154741893500929
955154773631819776
955154786944503809
955154810558451713
955154904917729280
955154991743938560
955155117803819009
955155165237084163
955155259445383168
955155391779954688
955155473719873537
955155676774400001
955155713034280960
955155764393410560
955155791413202949
955155854101286912
955155877887033344
955156169684897792
955156465555263488
955156479564185600
955156620455153666
955156724968771585
955156772511272960
955156799283515397
955156821035102209
955156935967461377
955156971916791809
955157027579465729
955157068335509504
955157140645269510
955157189823516673
955157296333688838
955157366399520779
955157389505978369
955157423555317762
955157471231963136
955157490781556737
955157509827911681
955157602916360193
955157626966429696
955157632557436928
955157710688997378
955157844030115840
955157862673731584
955157870907199488
955157887214669825
955158156233138176
955158332532289536
955158411330678786
955158510731431936
955158654696804352
955158663089524736
955158693074690048
955158745239072768
955158822003261440
955159011514609665
955159099699879939
955159164682227714
955159166900932614
955159195120267266
955159301940801536
955159372447059968
955159383805235201
955159407259717633
955159426230571008
955159656921485313
955159721895514112
955159738936889345
955159804883996672
955159812735717376
955159815147458561
955159919036108801
955159999336144896
955160194765545474
955160317025308673
955160327800414209
955160330870689793
955160495333498880
955160569211957254
955160600186847237
955160621225512961
955160688258887682
955160767350919168
955160823260991488
955160825316171777
955160957784920064
955161040496443392
955161041687732224
955161165058977797
955161208663035909
955161431808335872
955161448258338817
955161472904171521
955161543599157250
955161607264456704
955161656757284870
955161757131198464
955161779553865728
955161817101340673
955161882498879488
955161946973753344
955162006247665665
955162096941129729
955162097217953792
955162165073326080
955162227828551681
955162367939276800
955162410507276288
955162496272338944
955162523778650113
955162536525123585
955162545593180161
955162673016172544
955162999718850567
955163012796764160
955163013434060800
955163047928172544
955163073630887943
955163085848932352
955163123790557190
955163147907796992
955163156346785794
955163421691076614
955163551051800583
955163562992955393
955163614800904192
955163706417086464
955163828140027906
955163870800367616
955163919030652930
955164298967334913
955164373269565442
955164486662541312
955164605034254343
955164747804102656
955164841580355585
955164850438754305
955164896739713025
955165111357988867
955165215842357248
955165313745727488
955165371916570624
955165389444538368
955165393487835138
955165489344532480
955165577328447489
955165579991764994
955165632873443328
955165669926080512
955165715920801792
955165763127660546
955165771533078528
955165779980374018
955165817099911168
955165881788784640
955165959215550464
955165967528710144
955165996972761089
955166110076334081
955166121723822080
955166210320142339
955166249117503488
955166278070743040
955166397646213120
955166448967708673
955166457041752064
955166501409083392
955166510657531906
955166549396152325
955166561731596288
955166621047443458
955166622397947905
955166668908564480
955166687883677697
955166710650343430
955166728832593921
955166764538695680
955166773229342723
955166887461126144
955166911091929089
955167016406708225
955167081435054080
955167097579098113
955167134509948928
955167155561123841
955167295319564288
955167364080955398
955167489452802053
955167491478687746
955167581945716741
955167585431146499
955167604162859008
955167609644896258
955167618792554496
955167649272680448
955167717413269507
955167808123559938
955167859780542465
955167878466154497
955167952554176512
955168056053063680
955168106506280961
955168125800144896
955168366649593856
955168455036145666
955168510426210304
955168512179343361
955168603086770178
955168632216150019
955168642873856000
955168658447269888
955168677527212032
955168692748341248
955168772977053701
955168886495858688
955168890077765632
955168896088203265
955168973527580672
955168978934124549
955169013188976640
955169044595986432
955169123415228416
955169226238590976
955169287546855424
955169322628014080
955169442459209729
955169451397263360
955169574089035779
955169574839824385
955169677424123909
955169862850109441
955169866624970752
955169886103367681
955169942000816128
955170008035930112
955170032862072835
955170051803566080
955170052155863040
955170122968260609
955170158967951360
955170195148099584
955170231017721857
955170251607601157
955170279663259648
955170375045873665
955170392922042370
955170414845726720
955170469648523265
955170488849981440
955170532676259840
955170633595473920
955170705578119169
955170788063227904
955170854014521344
955170866823876609
955170931277692928
955171017885978624
955171032616325120
955171047661334535
955171138505789440
955171148031057921
955171177013575680
955171200015257600
955171244042747904
955171306864963584
955171377119625216
955171381678952449
955171525644247045
955171569453752320
955171625758011393
955171630459904002
955171651259428864
955171828179329024
955171962799652864
955172005355155462
955172041409392641
955172168698138625
955172174268174336
955172175677358080
955172200063078400
955172239527284746
955172280602120197
955172290093862912
955172301451997184
955172338202497028
955172372184748035
955172412018057217
955172445727666177
955172555467485184
955172619871023105
955172699592187908
955172706672173056
955172749764263936
955172765346254848
955172795360665604
955172824368451584
955172886515503104
955172991855419393
955173052496646149
955173082506977281
955173115394494470
955173149737439232
955173218167468032
955173266506862594
955173292591276032
955173331187261441
955173369070211073
955173451077246976
955173482790379520
955173562402324481
955173694753656832
955173708037017600
955173718808023041
955173720414449664
955173842242146305
955173853168365569
955173872046891008
955173894222213120
955173931664773121
955173962966884352
955173999180505088
955174032659353601
955174071620263936
955174091480358912
955174102846902273
955174183910207489
955174208971079680
955174238641672192
955174246287732736
955174264423858176
955174274570047488
955174336834539522
955174382682492929
955174452999925760
955174592288575488
955174645514334208
955174674052321280
955174693627158528
955174772073205760
955174803199152128
955174892537876481
955174956685578244
955175026281631745
955175073861816320
955175188378931200
955175305143992320
955175485436321792
955175503022796801
955175568366071808
955175596182659072
955175751690616833
955175875766554624
955175914299633664
955175923342610432
955175947224911873
955176001876701188
955176282526027777
955176335403552768
955176374775328768
955176475522629632
955176483118608386
955176641357144064
955176723867463680
955176864884187136
955176940645830656
955176987580141568
955177205293813765
955177230874931203
955177331810799623
955177592172302336
955177603920551936
955177663521546241
955177841989210112
955177909244825600
955178019446026242
955178235993739265
955178369653633026
955178515653120001
955178553183735814
955178578408300544
955178706003087360
955178783337623552
955178802937810944
955178806251225089
955178893685788672
955179047864201216
955179131460825089
955179162553155586
955179175089987584
955179351368261633
955179487125278720
955179512182050816
955179558977835018
955179635196813312
955179700577603584
955179924947599360
955179952953069569
955179993734303744
955180048746676225
955180307212394496
955180540646297607
955180565262667781
955180719164329984
955180721508880386
955180790412914689
955180843831611393
955180938182438912
955180949872021507
955180975377518594
955181018549489665
955181043996418048
955181071620067329
955181086681849856
955181089567531008
955181139429294080
955181164607758336
955181346376339456
955181367335313409
955181412386304001
955181419243999232
955181459551088640
955181461803618305
955181466480185345
955181480241778689
955181485228806144
955181537137446912
955181538865549312
955181543831597056
955181564006207488
955181578266861570
955181595811606528
955181652606705665
955181824648601600
955181830583578625
955182209983565830
955182258708676609
955182392062414849
955182518973513728
955182792031293443
955182875187564544
955183005907210240
955183338251223041
955183339534725122
955183351572377602
955184093641224197
955184259333017601
955184324202156033
955184391747260416
955184407387701248
955184416418156544
955184495237492737
955184499318550533
955184524002037767
955184608311697411
955184644378562566
955184765136666625
955184815120289793
955184858120314880
955184999283732480
955185067873140736
955185096058957825
955185125616218112
955185137439752192
955185201285496832
955185351399804928
955185589543931905
955185627334610944
955185635421229057
955185642752921601
955185666563936256
955185841692971009
955186066952253440
955186089458917376
955186121939468289
955186140448948224
955186539935551488
955186645422178310
955186776649469953
955186783914024960
955186843804491779
955186946330038279
955186952525025291
955186985945260032
955187012038004736
955187119307329536
955187155336298497
955187234109644803
955187322185768961
955187418105372672
955187462321639425
955187698146344961
955187829117739009
955187853025251329
955187954280026112
955188024966393856
955188032520437761
955188036635017216
955188034575654912
955188142033833984
955188251387719681
955188341238091776
955188451506376704
955188678862745600
955188777202438144
955188795565068288
955188803274268673
955188828960149505
955189000557522944
955189087262081025
955189088147202048
955189130379583489
955189137421881350
955189157890019333
955189231172939776
955189279180972032
955189351243223041
955189406633201664
955189543401074690
955189569393217536
955189570433355776
955189578507407363
955189585134448642
955189586761838592
955189621473849347
955189717162741760
955189724083302404
955189747638513670
955189785252986881
955189863573225473
955189955894050817
955189958200918016
955189997602267136
955190000353673216
955190032289222657
955190047971651587
955190061032771586
955190077147160577
955190084550234120
955190114614886401
955190177034629120
955190207279783936
955190247633104898
955190471697068032
955190532715827201
955190587258560514
955190605461774337
955190629738405889
955190685656846337
955190753059319809
955190801235087363
955190904712843271
955190952150396929
955191084119986177
955191145025417216
955191174079434752
955191222011924480
955191272465199104
955191287740760065
955191299962961920
955191454871293952
955191458813956096
955191550681722880
955191664364179458
955191667845459968
955191691283173377
955191721641553920
955191758127853573
955191833986035712
955191935009947648
955192020523462656
955192034582769664
955192064123265024
955192115071520768
955192318402887681
955192370705793029
955192505829650434
955192681067634688
955192681206108162
955192686419509249
955192734788222976
955192787686903813
955192961859497984
955192969816104960
955193300914528261
955193330924752896
955193404060766208
955193556532068352
955193617806655488
955193674287190016
955193784589004800
955193860438855681
955193949295202307
955193968983269377
955194015145693184
955194182599106560
955194248114180096
955194395162181634
955194420088987648
955194422618095617
955194460526333952
955194547595894784
955194606664192000
955194609260548096
955194694383923200
955194719390355456
955194721638539265
955194785983234049
955194815502798851
955194818795376640
955194978229202945
955195271742414848
955195287877939211
955195370635710465
955195378927890432
955195381444481024
955195414210383872
955195419486773248
955195514647142400
955195519957196800
955195575342915584
955195596868145152
955195676006207488
955195695685873665
955195736957816833
955195830423736322
955195865832001536
955195989631143936
955196085928120323
955196103460343809
955196119235092480
955196204173766656
955196225879392256
955196271899348992
955196305244065792
955196314953928710
955196318548406277
955196321086017537
955196347887575040
955196460773060609
955196561771950080
955196698955014144
955196733641945095
955196754923872256
955196755657871360
955196898020872197
955196983127478272
955197055017869313
955197085820866561
955197151033819136
955197189088784384
955197274510028801
955197339148410880
955197477308764162
955197598876479490
955197749472964608
955197958437457926
955198060451319808
955198274234875904
955198359404507138
955198385463676928
955198461128986624
955198496713461760
955198498651156480
955198519991824384
955198744290611202
955198805326012417
955198876738342912
955199006728249346
955199036943945728
955199037724151808
955199332478865408
955199368793124866
955199379673149440
955199613534916608
955200093514358784
955200238033219584
955200253438898176
955200367788208128
955200421236297728
955200460545282048
955200502840659968
955200515733950464
955200594272235520
955200602379833347
955200792843161606
955200854860226560
955200861512306690
955200890167857153
955200927220281346
955200929128763392
955200955024334848
955201057390583808
955201108636467201
955201176802398208
955201238127316998
955201262080921601
955201366443675648
955201483770859521
955201538275889153
955201639710945280
955201708497436677
955201781906202625
955201883928498177
955202018565591045
955202076233162755
955202111125577728
955202126912937984
955202261168386048
955202276834017281
955202363035398146
955202683580841985
955202857350914048
955202915119050753
955202929568505857
955202973608697856
955202974426521600
955203096371744771
955203116735057921
955203150989930496
955203184519151616
955203212306534401
955203266970873856
955203286768017409
955203309975064581
955203315146657792
955203366174343169
955203425498779648
955203467185999878
955203481731772416
955203530012454912
955203532310925312
955203677681307649
955203678276898817
955203834980327424
955203848636895232
955203894975623170
955204013846220800
955204019403788289
955204019219136513
955204117173100544
955204254310027264
955204276053213184
955204321142075393
955204339999629313
955204386103463936
955204446220423168
955204449122824192
955204509076160512
955204547814789121
955204687103315968
955204710637568000
955204716035633154
955204760885481472
955204852828852225
955204915495882753
955204915944677376
955204918792552448
955205095762874369
955205172254396416
955205422557917184
955205579252826114
955205609237942277
955205614107549696
955205630066855937
955205706889691136
955205737067753473
955205920916692998
955205921810141186
955205993713070081
955206099388588033
955206166325456897
955206416331165696
955206533855481859
955206558908145664
955206610770628608
955206629435244545
955206645159792643
955206648892706818
955206692169543681
955206726906761217
955206741427458050
955206819596599297
955206830145331200
955206844980527104
955207044868403200
955207048014295040
955207120416395265
955207217720057857
955207298187714560
955207544355528706
955207561405485056
955207630691164160
955207632264089606
955207658344210433
955207699612004352
955207725658660865
955207755975086086
955207833527701505
955207951941361666
955207954269130752
955207964549439488
955208157151801344
955208244711997440
955208258054172673
955208359682232321
955208483334483970
955208572316594178
955208617090867200
955208623508131840
955208654076170241
955208700662296576
955208726398554114
955208792580423680
955208811731615744
955208980460130304
955209072143486977
955209092288696326
955209132893724674
955209148043579393
955209277311995904
955209324992892928
955209368986845186
955209369922220032
955209375970463746
955209613024120832
955209674625871875
955209684306284544
955209964062150656
955210154718519303
955210336205987842
955210374365708289
955210587839049730
955210746799017985
955210784908414976
955210810745335808
955210931151175682
955210958686826496
955210975786881024
955211056783282183
955211094150340608
955211300333858818
955211341685579777
955211357791567874
955211359813160960
955211362338140160
955211365727260674
955211371217534976
955211387248226304
955211445997883392
955211569436164098
955211590101618688
955211707361640448
955211721739816965
955211737313239046
955211847271141377
955211917194391555
955211955475828738
955212007082512384
955212107108225024
955212135449219072
955212341993529344
955212345269260289
955212395307204610
955212483563835392
955212489255456770
955212492355063808
955212582503272448
955212671242162176
955212686895321092
955212689575378951
955212741828104193
955212770043187201
955212777999749126
955212838536208384
955213035257417730
955213068748902401
955213098801131521
955213308075892736
955213349893099521
955213410257469441
955213474031919104
955213519661817862
955213575789907969
955213808401829888
955213910537367552
955213910537375744
955214156004777985
955214394744598529
955214706586935296
955214773351829506
955214878473670661
955214903454859264
955214966608551936
955215004374126602
955215144942006272
955215149375348737
955215169013067777
955215265947701248
955215297673342976
955215304744988673
955215360025923586
955215431178113026
955215446638235648
955215586014904320
955215587927457792
955215717691023365
955215844350545920
955215871328378880
955215931260702721
955216004241592321
955216232671739904
955216281631903744
955216528563109890
955216627532025859
955216807509577729
955216834374008832
955216960169611267
955217078079950850
955217146648387587
955217226818342918
955217265988964353
955217300663230465
955217365079330816
955217606260219905
955217708391399425
955218020934316035
955218076538163201
955218142845947905
955218175402151936
955218177432178690
955218254930305026
955218274924531715
955218502515904513
955218515409145856
955218539425779712
955218577027629058
955218593804898305
955218641716424710
955218676801835011
955218825984839680
955218879650979840
955218887376850946
955218903122104320
955218946558394369
955218972777046017
955218979219476480
955219106214576130
955219154981851136
955219227081953281
955219354534252544
955219451091144704
955219495370575872
955219532100112384
955219564085829632
955219691701751814
955219825860718592
955220040982388737
955220388514095104
955220408923578368
955220534962335744
955220698997379072
955220773093986305
955221189403856896
955221420589637632
955221483504185345
955221562306818049
955222074687094784
955222314974633985
955222396419624960
955222670186110977
955223632862642177
955223690769305601
955223744435417093
955223753734131715
955223763313971200
955224151475793920
955224183780331520
955224805149638657
955224951090503680
955224968811483136
955225064198279169
955225162890215424
955225212907290624
955225333640376320
955225419782897664
955225486963236864
955225497344073729
955225664700993536
955225902132031488
955225947128647680
955226226557407234
955226528224342019
955226797465112576
955226800170266624
955227069599895557
955227279558234113
955227347342544896
955227711005429761
955227975406051329
955227998768254978
955228079621857280
955228343300968454
955228356433367040
955228452361207808
