991105084535820288
991105125006618624
991105323321749506
991105351901700096
991107509359448064
991107623364722689
991107683813068800
991108014861058049
991108070049804288
991108356944343040
991108586976825344
991109387606372352
991109659795877888
991109732260896768
991109942395326464
991110280800362497
991110607729504262
991112084820721670
991112475977437184
991113280054792192
991113370945368066
991113530333163525
991114297140023296
991114666582663169
991114789798776832
991114794777313282
991115024302268422
991115419468615681
991115713766150144
991115849506357248
991116084551053312
991116092264402944
991116211164413952
991116433949122565
991116768931467264
991116951375278080
991117236449488896
991117302602043392
991117521305686016
991117509888798720
991119134443360257
991119216194609152
991121275518111745
991121389066293248
991122908062932992
991124424131858433
991125229719220224
991126307768602625
991126750859055104
991127019328102401
991127097895804929
991128273697562624
991129095894372352
991130412784209925
991130666648600576
991131046455410688
991131622232788994
991131978568159232
991132364217692161
991133118517207047
991133719774756864
991134559629692928
991134575001833478
991134779964887042
991135348620218368
991139102962737153
991140439192371200
991141184142807041
991143076373639169
991144211536908288
991144582611120128
991144795505610752
991145432305799168
991145822690492416
991146066341965825
991146523357536256
991146569432010754
991148362392010752
991150628775841793
991151856561852416
991153014827311106
991153094259040256
991159444280168448
991162578431864832
991162836238897153
991163485500272640
991164136473186304
991164139224682497
991165161108058112
991166375740825601
991166542271442944
991166917598765056
991166987203108866
991167137225039873
991167485897359360
991167577920598016
991167648728866816
991167687027019776
991167774486605824
991167838231678976
991167938068697088
991168074119307266
991168144835317760
991168201437442048
991168320169791488
991168400251637761
991168440600875023
991168531516612609
991168696591831040
991168758780694528
991168802586054656
991168870269489152
991168947767701505
991169006089404417
991169100515864577
991169159085084673
991169227531915266
991169280950579200
991169328006549504
991169406775554049
991169501394866176
991169618944450561
991169727438434305
991169811794231297
991169961786859522
991170049795936256
991170144280997890
991170146210406400
991170315228205056
991170427434295296
991170479313518592
991170680661176321
991171234632294403
991171242299412480
991172689707655168
991172943232356352
991174007419539456
991174221677154304
991174436555513856
991174479333281792
991175731962105856
991176361552293888
991176610148732929
991177026865377280
991177176681771008
991177239374032901
991177459939840000
991177757458620416
991178281977344001
991178544314241024
991178691974717441
991179480503869440
991179521029230593
991179905206489088
991179987108728834
991180078368387072
991180361555169280
991180535371386880
991180538009485312
991180631982985216
991180783867047936
991181339318718465
991181993433059328
991181997564465152
991182261654638593
991183187505242113
991183187505242113
991183857100689408
991184626411626496
991184891185324032
991185406828924928
991185747335098369
991185801005424640
991186080031387649
991186453152632833
991186633767772160
991186757315067906
991186897564307456
991186956003500033
991186977222545408
991187179991982080
991187371898089472
991187427241938946
991187497009991681
991187752673796096
991188034229035008
991188515609198594
991188584530169856
991188732840763392
991188769830207488
991189219304452096
991189293312954368
991189399898599424
991189587610472448
991189832775995393
991189961780158464
991190555265773568
991190800783552513
991190805971980289
991190828172435458
991191070624174080
991191164681375745
991191540897853440
991191578130767873
991191594865954816
991191661953847296
991191750206218245
991191836826927105
991192235222986752
991192280940863488
991192282568298496
991192594762944512
991192727034490880
991193398618017792
991193421091098624
991193475252092929
991193489491849216
991193548547600384
991193613894848512
991193630734942208
991194121778946049
991194199180677120
991194361135280128
991194498872037376
991194681752145920
991194746822504448
991194786861404160
991194806951948288
991194852783214592
991195084233363456
991195136431357952
991195234523668481
991195239258898433
991195300185419776
991195724888014849
991195892781932544
991195983286386688
991195994539941889
991196037535715328
991196131362312192
991196319233392641
991196335637483520
991196406735044608
991196534552182785
991196970671857664
991197193166962688
991197258812141568
991197342698233857
991197372196753408
991197415502962689
991198242930069504
991198295975452672
991198332864184320
991198341500465152
991198377319649281
991198537084944384
991198605372526592
991198621302509568
991198637731516417
991198673752150022
991198760100401153
991198962567794688
991198992070569984
991199091899207680
991199248065662976
991199411735740418
991199504346025984
991199685166723072
991199771271532544
991199782109671424
991200113056993280
991200316325548032
991200554624962560
991200713530277889
991201005831409664
991201019093766144
991201053264801792
991201055965933570
991201433369436161
991201461995556864
991201485525585920
991201774475333632
991202160070324225
991202248561655809
991202289749807106
991202302773153792
991202506771517440
991202522844008448
991202624891482112
991202750531821568
991203031013306368
991203031059398657
991203162370519040
991203216783282176
991203226904035328
991203458131922944
991203471679467520
991203496220381184
991203529024004097
991203749417889793
991203769957351424
991203899301183488
991203907312504832
991203938019041280
991203990691033088
991203994084233216
991204012220403712
991204104641896448
991204133989421056
991204146165493760
991204165257957376
991204181435408384
991204297714163712
991204298532052992
991204332283580416
991204408556949504
991204471412789249
991204542955081728
991204669031624704
991204669182697472
991204718230859776
991204804654485504
991204958564438016
991204960028184576
991205105180569606
991205123408920581
991205412610433024
991205541283270657
991205653942284289
991205720728244225
991205829427826688
991205897383960576
991205901959823360
991205966694756352
991205981685211136
991206125629575168
991206261160017921
991206312703873024
991206315216261120
991206452449742848
991206501799858176
991206559039545345
991206706255450114
991206825734365184
991206956256911360
991207008811585536
991207033394417664
991207174763352064
991207189728591872
991207203486003200
991207206996627456
991207295232151554
991207377893502976
991207403432677377
991207514246139905
991207577202708480
991207597289234432
991207603907768321
991207608659972096
991207747071901696
991207846590275585
991208061095247873
991208062332624897
991208064626937857
991208108499156992
991208118825742336
991208370580443136
991208444286963712
991208503124557824
991208550201479170
991208595474788352
991208648427831296
991208713179582464
991208788807086085
991209000212619264
991209064062504960
991209079753396224
991209169859547137
991209240017670144
991209294791172096
991209329788358656
991209377498566656
991209393982267392
991209457244889088
991209553587994624
991209746760978432
991209818441572352
991209848581836800
991209906702356480
991209942765002752
991210052198584320
991210165218238464
991210184646316033
991210218028781573
991210296160243712
991210385113079808
991210407502274560
991210461260603392
991210522937909248
991210530290458624
991210580701798400
991210655008030720
991210708917506048
991210943467212800
991211007669305344
991211069577285632
991211085436014592
991211127404085249
991211120886190080
991211205892231169
991211297063755776
991211310099714048
991211315447427072
991211326562275328
991211351518433280
991211401908715520
991211431621165056
991211535618969601
991211580313493504
991211583694139392
991211612286701569
991211679051632640
991211691399630848
991211740527583233
991211750048583680
991211751336267777
991211809548914688
991211833162952704
991211867371687936
991211996040384512
991212033424134144
991212096011595777
991212131172474880
991212167318949888
991212188336504834
991212238857031680
991212335632211968
991212353273417728
991212466079232000
991212511771979776
991212542474235905
991212570248957954
991212663165382657
991212669322584064
991212680252928000
991212687093915648
991212773261697024
991212790974242816
991212860305956864
991212887535489025
991212923501588480
991212947283369984
991212987544354816
991213004325867520
991213025347686401
991213076966862848
991213115219042305
991213123804811265
991213146458279938
991213155358425090
991213281279922176
991213289949540353
991213357238800384
991213375580499968
991213439782719488
991213443830157312
991213476952596480
991213482887581696
991213485643231232
991213487199277056
991213500218380288
991213507545911298
991213512813957120
991213620645236737
991213657601212416
991213676253319169
991213713981091841
991213723749625856
991213725620293632
991213751322886144
991213780729257984
991213799511293952
991213835133620224
991213835758587905
991213873230434304
991213911750991872
991214035105337344
991214035109597184
991214067724546048
991214121050890240
991214193088004098
991214205549326336
991214232892002304
991214317025611776
991214498743750657
991214532487008256
991214544855994368
991214646047756288
991214670886440961
991214793943068673
991214799441756165
991214845973450752
991214885110452224
991214937769988097
991214941523841024
991214961316659200
991214980115697664
991214981512335365
991215155580153856
991215165403226112
991215204603219968
991215331761967104
991215347947667457
991215398677831680
991215416042250240
991215429547970560
991215487504801792
991215611597541376
991215619075911680
991215665997647872
991215722486484992
991215750022082561
991215803302404096
991215805864984576
991215841520836609
991215887981137921
991215957468237824
991215976548102144
991215980859838464
991215987226824704
991216111378227200
991216239036043265
991216239056969729
991216240541798401
991216304492171264
991216392354566144
991216393323515904
991216559543783424
991216658957127680
991216750581747713
991216840113311744
991216869871968256
991216913526214656
991217050520571905
991217081487183872
991217166216237057
991217276522303488
991217282373373952
991217322265317377
991217371506462722
991217409515315205
991217429014614016
991217476364009472
991217510623129600
991217638201266176
991217647869218816
991217720774537216
991217758896578560
991217832481447936
991217950186135552
991217958650343424
991218038644117510
991218064665530368
991218117832474624
991218121754202112
991218137604546560
991218178872238080
991218236065812480
991218263882457089
991218281444003845
991218311772954624
991218312163086336
991218323621928964
991218434989019136
991218438243864576
991218499845525504
991218536168161281
991218645056606208
991218653411463168
991218724450562049
991218765332471808
991218833884098560
991218898023407616
991218930642538496
991218950649376769
991218971310460928
991219151082541056
991219210603958272
991219312902975488
991219383392505858
991219384667594752
991219384659120128
991219385846128640
991219465953169408
991219474002071553
991219481610473472
991219490338824192
991219591509618688
991219770249883648
991219866261704705
991220028669333505
991220089260249088
991220154058117122
991220215424995328
991220291702546432
991220294353326080
991220385462079489
991220508346716161
991220661107478528
991220749766680577
991220820134518786
991220865714085889
991220884630310913
991220944562737153
991220958676553728
991221014427205632
991221063068672000
991221194518089729
991221226776547329
991221336252014592
991221598286962688
991221694097448960
991221717187022849
991221818731257856
991221822283804673
991221826222284800
991221900268449793
991221922133430272
991222024189161473
991222050739118081
991222205886402560
991222425575673856
991222451915902977
991222483780014080
991222502046171136
991222600020963328
991222672477519872
991222700088545280
991222703767150593
991222975088164864
991222983724331009
991223049524596737
991223158211600384
991223206886420481
991223427670343681
991223466211897344
991223526962159616
991223529520750592
991223628996993024
991223734492164096
991223856680652800
991223872166023169
991223898271289344
991223942575742976
991223964872708096
991224103519612929
991224198440906752
991224211694866432
991224302061129729
991224410605539328
991224495225626624
991224501412286464
991224504608321536
991224748624445440
991224763686277120
991224800377962497
991224825975885824
991224850608984065
991224852207095808
991224880514387969
991225003231338496
991225015130607616
991225017500389376
991225068620525569
991225072076644352
991225071913054208
991225091307573248
991225128372629511
991225135616155653
991225205174554624
991225209452711937
991225221112836096
991225447433342977
991225490349412352
991225638567792640
991225652119592960
991225662588440577
991225746990555137
991225748676628480
991225829958004736
991225953643892736
991226052352659456
991226122460368896
991226132942016512
991226142962126848
991226181931470848
991226224059011072
991226337787604992
991226340715253761
991226498165170176
991226544482869248
991226559708172288
991226566905679872
991226609389719552
991226626368294912
991226681032667136
991226763475898368
991226772573360129
991226788247371776
991226845642346496
991226857608679424
991226892375207936
991226908154187777
991226923824107521
991226963334516736
991226975258898432
991227063263690752
991227126870405120
991227156452782080
991227295057829888
991227317426053122
991227341220216832
991227445419368451
991227554613915648
991227567070949376
991227678840770560
991227690513588224
991227706636427264
991227864006774784
991228031065821184
991228114322821121
991228120190595072
991228281193226240
991228281247629312
991228383400026112
991228408439992320
991228424189562881
991228491675983872
991228498252652544
991228701533724672
991228864314699776
991228869020737536
991228908996612096
991228967473606656
991229091134300162
991229166451281920
991229191713710080
991229326052995074
991229394093043712
991229397280555008
991229455606657024
991229546165923841
991229563597443072
991229628579831808
991229687694266369
991229717469712384
991229765641220096
991229841608495104
991229893131292677
991229968981078016
991230011238748160
991230047456583680
991230059255132160
991230084609724416
991230202708725760
991230461748875264
991230554468167680
991230673859080192
991230710525636613
991230715806142464
991230751764107264
991230886275235840
991230926154878977
991230985189642240
991231102013591552
991231151678291968
991231193269129216
991231281248776193
991231336953282560
991231394180489216
991231497611902976
991231521536249858
991231590373187584
991231604843565056
991231613475303424
991231616436654080
991231837484867584
991231857164476416
991231928211820544
991232007920324608
991232059220942848
991232180037849088
991232377837031424
991232403564883969
991232590156877824
991232607366107136
991232705621823488
991232712521539584
991232740656910336
991232798160818176
991232815973908480
991232823469146112
991232901084672001
991232930776342528
991232977668657152
991233005875290112
991233415927214080
991233585205084160
991233595351158784
991233689907597314
991233707418832897
991233755636367360
991233766063591425
991233808082096128
991233883273400322
991233944409526272
991233976386846720
991234018678136832
991234028127838208
991234118133452800
991234162261659648
991234302632497154
991234313772560385
991234385302228992
991234518731325440
991234581708718081
991234622137741312
991234719189815297
991234757731274753
991234826115145728
991234957556187136
991234973603688449
991235114993676288
991235128553869312
991235142353063936
991235316630654976
991235338373918721
991235338612936704
991235461430562816
991235467722010624
991235509853835264
991235512613519360
991235591277895680
991235595321167872
991235670525075456
991235682847862785
991235767090532352
991235798765899776
991235821327015937
991235866180947968
991235922141343744
991235934430679045
991235989585760257
991236151053815809
991236176714584064
991236214383693825
991236404515688448
991236496186322944
991236636359962626
991236666538057728
991236735395860480
991236750545735680
991236888961998848
991236932582756352
991236959623409665
991237027776655360
991237029995405314
991237087096721409
991237120835702784
991237218340614144
991237287378812929
991237407679926272
991237502055968769
991237560100933633
991237601649680384
991237634885324800
991237689050632192
991237746751569920
991237825327718400
991237889861279744
991237951601377281
991238027954409472
991238107713458176
991238243361357824
991238259916333056
991238261950631936
991238352027443200
991238360877420544
991238401977475078
991238466712276993
991238467748319233
991238507514482688
991238534328651776
991238585381777408
991238596341522432
991238657095979008
991238706488139776
991238742340927488
991238745654480896
991238774968541184
991238889867268096
991238918531141632
991238946402205696
991239043932475392
991239049917722625
991239111515234305
991239375085363200
991239527846088705
991239717743136768
991239740858003456
991239752585269248
991239817177550848
991239824278540288
991239817177550848
991239895199952897
991239934949429249
991239948199190528
991240016914538496
991240023134568448
991240047679721472
991240155158761472
991240199387664385
991240338261073920
991240568507453440
991240609389215744
991240650820603905
991240663231619072
991240716197220352
991240751840485376
991240757704122369
991240767824912384
991240792340512768
991240805598875648
991240813152784385
991240830739460097
991240858715525120
991240863450828800
991240868714680321
991240896959143937
991240924712796163
991240962511986689
991240979150721024
991240980325130240
991241031021748224
991241054157524992
991241066576826368
991241092447252480
991241133278859265
991241177558081537
991241256410984448
991241275088269312
991241289025970176
991241291638943744
991241328720826369
991241370877743104
991241451232223232
991241564356861953
991241565157851136
991241569767448576
991241673488437248
991241757546500096
991241871795085312
991241900400218112
991241947250556934
991242071230111744
991242072899358720
991242090679021569
991242106126684160
991242153853677568
991242240860344325
991242314617106432
991242317142155265
991242318714953728
991242379779854336
991242428706377729
991242450885861376
991242483953741824
991242581626454016
991242604674256898
991242619274620928
991242737856012288
991242745133064194
991242830524944384
991242839131553792
991242939442581510
991243067993874432
991243070531350528
991243092064899072
991243223560544256
991243306712682501
991243455266508800
991243466733694976
991243599965769729
991243766567665664
991243816622612482
991243827716476928
991243851129065472
991243879381860353
991243925930291200
991243926169358337
991243943961612288
991244000182046721
991244205132517376
991244619076825089
991244682054258688
991244817740042240
991244842402447360
991244878146359297
991244935813894144
991244953274724353
991244995041681408
991245001651904512
991245033021100032
991245035390885889
991245145810096128
991245184733270016
991245198431866880
991245200528986113
991245280803741696
991245326282522627
991245424337047554
991245424211226624
991245437792288769
991245446319308800
991245462731722752
991245756018372608
991245822053400576
991245825283055616
991245839841579008
991245878194302976
991245989624385536
991246129215016961
991246206994210816
991246241844654080
991246277340991488
991246374367891457
991246380382420992
991246616014225408
991246632170635264
991246715637379072
991246791864672256
991246832478060544
991246842544447488
991246924136185856
991247216860950529
991247281629351936
991247299367112706
991247455080546304
991247538677276673
991247673805164545
991247820270325760
991247870476083200
991247967247110144
991248005008244737
991248091033554944
991248154828988416
991248215772037120
991248215499509760
991248247749595136
991248258122035205
991248352728748033
991248397150584832
991248410320793602
991248444445614080
991248514586820613
991248558845251584
991248576754921472
991248622439280640
991248667305799681
991248865687932928
991248916833292289
991248968934805504
991248970159505408
991249078578302982
991249081895915520
991249100095000576
991249148501471233
991249214880567296
991249289086230528
991249335563190272
991249367507111936
991249380748427264
991249402596642816
991249415192137728
991249433965707265
991249461853802496
991249477477351424
991249570410696706
991249582649638912
991249607257722880
991249626714996736
991249739416039425
991249781187063808
991249838049300480
991249855015251969
991249903690113024
991250111601741825
991250126109802496
991250219198271488
991250286105841664
991250315600187392
991250357706780673
991250444411383808
991250468830629888
991250474128084992
991250529794838528
991250598350729216
991250648149757952
991250683507691520
991250698988871681
991250784330371072
991250802701463552
991250811891146752
991250940752744449
991251096847953920
991251111783927813
991251165986938882
991251236488908805
991251249961095168
991251262246215680
991251360023830528
991251450360750080
991251456278892544
991251462700392448
991251467565756417
991251515267600384
991251582691020800
991251618980036609
991251621450534912
991251695270326272
991251723141476353
991251766317649920
991251810252926976
991251854649626629
991251932135284736
991251964674629632
991251967187062784
991251986061365248
991252033746489350
991252037638721536
991252146959147009
991252166957522944
991252185102069760
991252198276325377
991252204052013056
991252231688261632
991252243193229312
991252253335080960
991252281164169216
991252330464018433
991252351666327552
991252395769450496
991252414715047936
991252421119762434
991252439876685825
991252502489202688
991252513402818560
991252514296291328
991252707326529539
991252819830288387
991252835001143297
991252888868540417
991252893159378944
991252941901324288
991252955939725312
991252969738862597
991253095861628928
991253171447173120
991253265106063360
991253581595635712
991253634599079936
991253685786304512
991253709643493377
991253739569844224
991253800995483653
991254020923777024
991254065194655745
991254156089479168
991254233935642626
991254260275929090
991254288402874368
991254339871178752
991254354790420482
991254366979088384
991254377888403456
991254389087227904
991254442199498755
991254517227241472
991254560734961664
991254633694756864
991254685406453760
991254702196252672
991254827148742656
991254958405189632
991255055239172096
991255196490764288
991255311750180869
991255587731181568
991255609654824963
991255619473690624
991255671638319104
991255707264708608
991255873858269185
991255884264337413
991255957400322048
991255959266832385
991256064531337217
991256091244642305
991256113902489600
991256128007884800
991256172090019840
991256191396384769
991256199445217280
991256210765561856
991256316571258880
991256358010974208
991256399500992512
991256440252678144
991256520791904257
991256608029241345
991256634369478656
991256714816249856
991256747477225472
991256884480036864
991256894839894016
991256936569102336
991257009092734977
991257252056182784
991257323875291136
991257346105016320
991257399565737984
991257462555774977
991257468385812480
991257558362017792
991257616629354496
991257687991226368
991257847659933696
991257850365337600
991257872951664640
991258067487674368
991258135930245122
991258195413864449
991258387022254080
991258400536383488
991258411642834946
991258631432794114
991258661451427840
991258784495521793
991258788492701696
991258897917841414
991258901097189376
991258946538176512
991259042810081280
991259104952963073
991259257164083200
991259313464373248
991259334997938177
991259359748476928
991259375011540992
991259516519018496
991259526769922048
991259573360226304
991259618595700737
991259698258219008
991259796106981377
991259824208990208
991259829867044864
991259842621865985
991259883407331328
991259930018697216
991259935345430534
991259941817155584
991259941817155584
991260045496156160
991260069902929920
991260081550479360
991260204770758657
991260330977316864
991260590378233861
991260623391674368
991260627271344134
991260644828643330
991260719655129089
991260863234527232
991260884914798594
991260914463756289
991260920381952001
991260935183650816
991260935091351552
991261041878290432
991261129929306112
991261171297738752
991261201358344192
991261436142931970
991261460067110912
991261505122430976
991261723226230784
991261764590465024
991261848954695680
991261904952872961
991261990122348545
991262052256813057
991262066597158913
991262080182423553
991262151926009856
991262179486674944
991262210365247488
991262353575555073
991262368515715078
991262475323629568
991262527215603712
991262561663365125
991262606630506496
991262711597207552
991262715091079168
991262782694871041
991262797634920448
991262837153579008
991262905155969024
991262994431660032
991263067001511936
991263069987921920
991263106998439936
991263165806796808
991263221729386496
991263226007621633
991263221729386496
991263254105247745
991263335327981568
991263348447641601
991263424859557890
991263432358989824
991263452130922496
991263457130500096
991263517545152514
991263619345248261
991263673887977472
991263795266899969
991263936698769408
991264060292255745
991264075794599936
991264147550679040
991264164478902272
991264215737470977
991264244309078019
991264308565704704
991264346729865216
991264352576602112
991264411481407489
991264541592965120
991264565773193216
991264628268290048
991264677178085377
991264728197541888
991264776562016256
991264791363772416
991264830060355584
991264845629743105
991264955960840193
991264980300333056
991265108914528256
991265125201055744
991265197653463040
991265238430269440
991265318407458816
991265337827045376
991265458727866368
991265503069913088
991265534137241600
991265567360344064
991265587333656576
991265598352052224
991265669642620928
991265898324529152
991266057318010880
991266058454609922
991266072841080832
991266076141862913
991266203044859904
991266289250271234
991266337178570752
991266394510675968
991266414207164416
991266468971954176
991266483333468160
991266563524308993
991266634139684864
991266676070023168
991266847000596482
991266924943347718
991266953984724993
991266959605075968
991267065171529728
991267109102551041
991267111749259266
991267122889281536
991267221111386112
991267392641789958
991267535839428609
991267536233816064
991267594136145922
991267690013741056
991267830275411968
991267848860430336
991267867751600132
991267923745390594
991267932658372608
991267941827129344
991268218152120320
991268343578529793
991268988700254208
991269028118388736
991269032316887041
991269157600747526
991269239087665153
991269254489141248
991269287859048449
991269440854679553
991269574158028802
991269589706211328
991269658853593089
991269819931615232
991269823152869376
991269860687667200
991270007274426368
991270014580875265
991270016971624448
991270070079934465
991270119555895296
991270152980303872
991270152024068096
991270193526726656
991270210110935040
991270229140561921
991270520841818112
991270523748438016
991270588483358720
991270607378632704
991270621815373824
991270622582968325
991270818368942081
991271059293949952
991271060816453632
991271133415690240
991271413817495552
991271427675443200
991271496214548480
991271504963829760
991271532830822400
991271801618563073
991271819440246784
991271860947116033
991271890546241538
991272224656183297
991272418781155330
991272596065996801
991272694984400896
991272744783409152
991272752559648768
991272768774733824
991273066633326592
991273373656408064
991273378299437057
991273393885466624
991273607610462208
991273629009801216
991273640254672896
991273976331677701
991274062470176770
991274250970583040
991274289994371072
991274312874315777
991274689006891008
991274696476905472
991274806816530432
991274826814885889
991274949292605440
991274975410745349
991274991617544193
991275070659153921
991275252318695425
991275268961685504
991275286837780480
991275411333099520
991275475912876034
991275540970725376
991275578077704193
991275612370358272
991275878503067648
991275894995144704
991275916486758401
991276144170323968
991276185412866048
991276306183741440
991276399737671680
991276617006628864
991276635340058624
991276636736761856
991276706727124993
991277121673801728
991277133447286784
991277149222068224
991277189705412608
991277336258543616
991277564332257280
991277564546240512
991277591259746304
991277641503211520
991277699158237185
991277761116475392
991277856314609665
991278073650835456
991278079808024576
991278146468089856
991278245827022849
991278275912785920
991278311430148096
991278521354944513
991278530733445122
991278596894359552
991278628745904128
991278638661173248
991279071987486721
991279150454452225
991279183325290496
991279422799011841
991279484119670784
991279705943937026
991279710444367872
991279825859088385
991279837674377216
991279855235993604
991279920511930368
991279938153017344
991280071829835777
991280291040940032
991280371567243265
991280384607387654
991280446393733120
991280615961047041
991280763361546240
991280852503093248
991280887168978944
991280906118803456
991280910929616896
991280966672011264
991281068467720192
991281086830448649
991281162776731648
991281187481112578
991281291680145408
991281325045960704
991281494193668097
991281538946842624
991281601274437632
991281619058266112
991281858729127937
991281912881627142
991281993047560192
991282079257243649
991282299974115328
991282329564958723
991282379556900864
991282440848146433
991282640291479563
991282645437952000
991282674995052545
991282817505034241
991282854205239297
991282856004669441
991282914401939457
991283123655671808
991283290333171712
991283320339226624
991283327943528449
991283421929525248
991283536631140352
991283703371452416
991283771382038528
991283788264165376
991284027964477440
991284032150425602
991284063368597506
991284194356719616
991284213033861122
991284272286830592
991284347834699776
991284383595233281
991284443783581696
991284467758223361
991284497093193729
991284538503413760
991284553519108102
991284581495201794
991284702291120128
991284792326021126
991284795119407104
991284819446386689
991284855811072000
991284866351321088
991284935360163840
991285010580852736
991285022949769217
991285134895788032
991285175844835328
991285246040707072
991285257226858499
991285279855120384
991285326252511232
991285362432663552
991285401875820544
991285509153611777
991285555131502592
991285749612994560
991285776574046209
991285778004226050
991285974872264704
991285982023602177
991286032367804416
991286220180414468
991286270788800512
991286494991147009
991286521989943296
991286608115650560
991286749593784320
991286872742744064
991287032075968512
991287073423454209
991287209604059136
991287289115500544
991287338935508994
991287374826147846
991287382212337665
991287381578874880
991287381578874880
991287613620473856
991287654280056832
991287707862208512
991287777902899200
991287812048805888
991287864376877057
991287944756461568
991287951177998337
991287963244953601
991287964914343936
991288063119839232
991288181449482241
991288229524631552
991288281361985536
991288454008004608
991288461775818752
991288540607721472
991288559960289280
991288575030431745
991288594240299008
991288722074361856
991288819570958336
991288852831752192
991288860679262213
991288900118294528
991288979923271680
991288994540306433
991289105173622785
991289109518999552
991289115797794816
991289203894956033
991289220676378624
991289289173594113
991289291702722560
991289517746384896
991289578257637376
991289594334326784
991289712664080385
991289817123250176
991289961377918976
991290038783750145
991290064574533633
991290076666744832
991290087592943617
991290153426673664
991290229343637505
991290232111878145
991290646076981248
991290699525115904
991290720391745537
991290915435307008
991291021874122753
991291100693454848
991291123413979137
991291224991682560
991291235775270912
991291263554072576
991291336455278592
991291505246720000
991291572837933057
991291704270606338
991291705377873920
991292023587123200
991292053609906182
991292176142426112
991292177870401536
991292281780162561
991292298624471040
991292362721808384
991292488286658560
991292490283192321
991292613805445120
991292677298839553
991292710702198784
991292774925336576
991292776577892352
991292862003339264
991292891187249153
991292927711285248
991292976587460608
991293158737760256
991293179449298945
991293213641191424
991293242896453632
991293474434674688
991293629418364929
991293956238520320
991293983925129216
991294019249590273
991294032608247808
991294089474772992
991294098257666048
991294100761665536
991294222153191425
991294501808467970
991294592355045376
991294629143367683
991294660478930944
991294685976068096
991294839714172929
991295228379369473
991295272323043329
991295368393609216
991295483099348992
991295487515951105
991295557829263361
991295742353596416
991295743540555776
991295957852655616
991296010948399104
991296526961008640
991296536641523712
991296592798986240
991296668657246210
991296778648596480
991296981959172096
991297330555977728
991297402308096000
991297516028289024
991297552900415492
991297617488326661
991297672756781058
991297801878458368
991298053301825536
991298143231856640
991298214782386177
991298216233598977
991298244784394241
991298312165830657
991298611333029888
991298636003897344
991298657742766080
991298735920459776
991298750453727234
991298752597102593
991298893630574592
991299008097333248
991299162456158208
991299263828180993
991299351505858560
991299439364014080
991299443751239680
991299453524037632
991299461870735360
991299526014197760
991299527956189184
991299639595995137
991299756809957376
991299854516277248
991299857729114118
991299902595588097
991300084943015936
991300107759968258
991300122150662145
991300152819372033
991300361850781696
991300405664641024
991300415139532800
991300479752785920
991300607544844289
991300676167794691
991300787908349952
991300815146094592
991300833365999616
991300902895185921
991300977931313154
991301190674722816
991301298678099968
991301385370161153
991301432652521472
991301459584212992
991301511509626880
991301553058402304
991301667869155329
991301683597709313
991301697652871168
991301805333270528
991301861973090304
991301885087764480
991301934010322944
991301962976190465
991301964238639105
991301985608589313
991302240785879040
991302305260634112
991302383580803074
991302396214034432
991302407882723329
991302421426008064
991302476505677824
991302501843554306
991302621209223170
991302684312571904
991302799475576832
991302838776139776
991302954819964928
991303102346219523
991303146206097408
991303237042102273
991303350267326465
991303484715782144
991303606522580998
991303687921455104
991303750743666689
991303842041131008
991303882235146240
991303909380632576
991303957711609856
991304094726926337
991304145222209536
991304605983178752
991304651088842752
991304718713581568
991304752314150912
991304773621166080
991304822828732424
991304988478640128
991305042669039616
991305239683829760
991305274517606401
991305335695691780
991305342431752193
991305425449553922
991305451848523783
991305541245906945
991305999570165762
991306142176501764
991306160555876353
991306212242280451
991306273802129413
991306285734805505
991306456694747137
991306551448227845
991306559841013761
991306664237326336
991306731543322624
991306782214705152
991306788724183040
991306829715181568
991307079142002688
991307129557602304
991307171500625920
991307250995224577
991307289389944833
991307381224230912
991307427390939136
991307441760595969
991307470843842560
991308218948358144
991308233112506368
991308328935489536
991308573572587520
991308577615818752
991308597886939137
991308846382665728
991308853739474945
991308905593622529
991308979946098688
991309185831841794
991309318002692096
991309385438826507
991309405248540672
991309589160349696
991309590578061312
991309602389184512
991309646739705856
991309753103081472
991309877552312320
991310079700987904
991310165541613569
991310207841075202
991310508572774400
991310618824200192
991310797753155589
991310807207239690
991310930658111488
991311073751027712
991311102821699586
991311132961988608
991311136938184705
991311191044775936
991311230949363713
991311253783052290
991311291271827456
991311523955007488
991311675788849152
991311851517509633
991311887177482240
991312056891604993
991312106338291712
991312217655119872
991312351952560131
991312490343649280
991312747207036928
991312761744494592
991312973108039680
991312983627354112
991313172970733568
991313216797134848
991313412717268992
991313495936421891
991313554954473472
991313774073270274
991313807212449797
991313879278829569
991314126667333633
991314222360551424
991314223669104640
991314280493604864
991314417135603713
991314490212913152
991314689538715648
991314799345786880
991314842253496321
991314888692719622
991315048248332288
991315068863250434
991315080842240000
991315081576185858
991315127399043072
991315131392053249
991315132813905921
991315356730974209
991315373000716289
991315438695936000
991315481792524294
991315481792524294
991315564034494465
991315601296642050
991315682666086400
991315684041854976
991315690324803584
991315874807255042
991315874626916353
991315941043585027
991315977026654208
991316081557098496
991316258384760832
991316264722337792
991316671456522243
991316674325327873
991316715106721792
991316928265408513
991316929703890944
991316932736368640
991316934816710658
991316983659597824
991317052311982080
991317101653700610
991317101821513728
991317106246541313
991317124441362434
991317254364114944
991317259388940288
991317320680329217
991317330570330113
991317556526026752
991317596837416960
991317596367663105
991317634909163520
991317773086265345
991317778266230785
991318026426368007
991318105195450368
991318282295828482
991318352562933760
991318437438861313
991318515675205633
991318542954979335
991318622902652930
991318757934075905
991318782495920129
991318874116231173
991319085559492608
991319231047155712
991319504125865985
991319583394017280
991319637458644992
991319645717020672
991319710162673665
991319802781294592
991319865012183043
991319924181274624
991319951217655809
991320030913626112
991320287588356096
991320333973098496
991320447621980160
991320662496153602
991320837541244928
991320908647354368
991320971704401923
991321089010819072
991321249061179392
991321286889672705
991321377218203648
991321455366492161
991321481647939584
991321555782324224
991321573461233664
991321772338409472
991321945462460418
991321954710831105
991322055130910728
991322106586595328
991322175046111233
991322361570955266
991322419439767552
991322517964050434
991322516483387392
991322620481228801
991322617478090752
991322732896890886
991322781705998336
991322885951295488
991322943912337409
991323015504891905
991323061684228097
991323192185716736
991323355839156225
991323370242412546
991323446817804290
991323572298747904
991323779182841856
991323870882861062
991323911022370816
991323936007901185
991323963652534272
991323997806694401
991324008426737664
991324265726316544
991324306830479361
991324382990622721
991324424354836480
991324515576811521
991324532337270784
991324536862838784
991324872793034752
991324917294657541
991324974077108225
991324996151758848
991325003558813696
991325101588209666
991325156302901249
991325347839913984
991325489380904960
991325552727519232
991325762048454656
991325846127423494
991326040986476544
991326181290070017
991326252043784192
991326257659850753
991326277947846657
991326322969411584
991326546194558987
991326702977634306
991326814021746688
991326856757510144
991326906678239232
991326909601648640
991327084260798465
991327294718296066
991327476541526022
991327510142087168
991327560255537152
991327570623950848
991327600634155010
991327683148746753
991327796109758465
991327858617475073
991327866913771520
991327888954753025
991328030051176449
991328151426002944
991328159667769345
991328147235917829
991328197961768960
991328235286753281
991328339054022657
991328363271852032
991328370427342848
991328400756310016
991328435619299329
991328473041039360
991328540946780161
991328564468441088
991328761508442112
991328821763870720
991328910368534528
991329271061807104
991329304322723842
991329321204748288
991329445507158017
991329600306401280
991329803956576257
991329826500947968
991329853306757121
991329857425543169
991329961851179008
991329977055547392
991330082542292992
991330158010396673
991330159398711296
991330305335324674
991330317372985344
991330343230820353
991330580531957761
991330617160814593
991330628284100609
991330730960703488
991330961156603905
991330985848393728
991331091788296192
991331140475785216
991331152177836032
991331173111685125
991331283094687745
991331311288635393
991331316154191874
991331404431622144
991331409280274434
991331422345588736
991331490297466880
991331498014978049
991331727711899648
991331937611640833
991331962202750976
991332003017625600
991332052464209920
991332067068825600
991332158106042369
991332242587865088
991332249227464705
991332251223769088
991332280248352768
991332443180486656
991332447395688456
991332496829661185
991332528991567872
991332531344621568
991332533710110720
991332545382858752
991332548448956416
991332552333021191
991332610646429698
991332682058620930
991332772173307905
991332997881303040
991333009063280640
991333157629759488
991333220099739653
991333379701387264
991333402107351041
991333475004411904
991333563974017024
991333644286529538
991333802596294657
991333853389377536
991333897068863488
991333952798552064
991333974617350144
991334159351209985
991334164279554048
991334358790295558
991334393221349376
991334586251661321
991334701418864640
991334710860304385
991334720641388545
991334801453002753
991334854573871104
991334882059145216
991334954851360769
991334996962144256
991335012392894464
991335056193998850
991335203527413760
991335299115601922
991335374332014593
991335460206186496
991335525494738944
991335678628777989
991335786833473537
991335802910199810
991335839748763648
991335868295204864
991335919537008640
991336282319151107
991336290661564416
991336412309082112
991336489874264066
991336711170002944
991336802173800448
991336828543356929
991336933539434497
991337012241272834
991337044298301441
991337245998309376
991337353737310210
991337356023287808
991337382648647681
991337430782488577
991337524479123456
991337597204037632
991337719816245249
991337792209870849
991337941942329344
991338012138266625
991338143982018560
991338152353783808
991338371011305472
991338418113216514
991338487210303488
991338553421516800
991338646539325443
991338693230321664
991338817700417536
991338945144385537
991339059162296321
991339087192870912
991339182344765440
991339203484057601
991339221435723776
991339411085365248
991339559526043651
991339640966860800
991339837943898112
991339844193439745
991339879991840768
991339908412436481
991340035701137409
991340072497811457
991340080739516421
991340155066900480
991340171751772160
991340218505728001
991340326127329280
991340341948231681
991340347484725248
991340479743709184
991340492272078848
991340479743709184
991340514959126528
991340561171931143
991340597649829890
991340609523810304
991340639215288320
991340680000802817
991340905033551872
991340945093296128
991341020385341440
991341081588654080
991341132041871361
991341145111318529
991341149968363520
991341196147675136
991341270453948417
991341572708077570
991341609399783424
991341735933628416
991341789608017920
991341828761882624
991341910370471939
991341920029945856
991341949855633408
991341971196317697
991342092747231233
991342284519112704
991342346729029633
991342407311556610
991342465633472513
991342540757626880
991342543949516800
991342566225432577
991342681560436737
991342700115963904
991342734219890688
991342772882956288
991342873823072256
991343016999780357
991343020992815105
991343103935242240
991343107349336067
991343108284706816
991343145521680387
991343560028053506
991343667670642690
991344032013045762
991344082529214464
991344166184669184
991344723158818816
991344931250888704
991345012054032387
991345219345047557
991345592289910784
991345606152122370
991345744094343169
991345804374880257
991345996557946882
991346321133981696
991346324317581313
991346567302078464
991346577959784450
991346653033529345
991346795518267392
991346829773205509
991346934328844289
991347061500121089
991347062930395136
991347107939389440
991347262721871877
991347314815008769
991347430254960640
991347511968313350
991347530012094464
991347745964347392
991347774607282176
991347811101753344
991347900088283137
991347952617652224
991348047530594304
991348045089591296
991348234470780930
991348281048526849
991348383460872194
991348385788510212
991348467900469252
991348483692093440
991348488750411776
991348534900346880
991348841847943168
991348873074442240
991349075076362241
991349134518087681
991349147247759360
991349153581105152
991349154445225985
991349340902916096
991349411774128129
991349528090562562
991349537804517377
991349585305128965
991349635238199297
991349754268471297
991349843569315846
991349862171074561
991349935810412546
991350091666599936
991350256842498049
991350277948215297
991350340434976768
991350363986059266
991350429899468802
991350439588323328
991350457594359813
991350535654690816
991350537470861312
991350608509702147
991350616206336005
991350645155385346
991350662679220224
991350715800014849
991350777275920385
991350868468486144
991350890924859392
991350995400654848
991350998265487360
991351002946326528
991351045682065411
991351069451091969
991351117027184640
991351130310500353
991351199088762880
991351208127418368
991351319934963712
991351385529647104
991351434498203648
991351551733182466
991351580296347648
991351599946612736
991351656934670337
991351670603952128
991351704347127808
991351825919107076
991351855388217344
991351946010419201
991352146024108032
991352291356798976
991352301561565184
991352381676933121
991352497523580929
991352729749647361
991352739526520835
991352867377352707
991352918585610240
991353112630910976
991353389664653312
991353495658876928
991353504085233664
991353756028686336
991353832084033539
991354126880649217
991354147805917184
991354173416292352
991354268451000328
991354290445914114
991354383366610944
991354418741342208
991354447623311360
991354486684778499
991354594465902592
991354914826850304
991355064072785921
991355209208254464
991355450296881153
991355658262937600
991355752613892096
991356065693491202
991356087424208901
991356113240109056
991356159834710017
991356180688785408
991356192982228993
991356235382484993
991356345344344064
991356513120866304
991356604401553408
991356791660433408
991356805803663364
991357240463560705
991357287901130752
991357374916153344
991357456654749696
991357633721454592
991357700285108224
991357803913732099
991357936269189120
991357955000893440
991357972994514944
991357976517767168
991357998567129088
991358034151649281
991358060378644482
991358071875219457
991358096730738688
991358142427561984
991358271561846785
991358283083591681
991358288703905792
991358393779712001
991358498431819776
991358514068180993
991358605361369093
991358613326303232
991358743647531010
991358859448078343
991358871976448000
991358915903393792
991358928628994048
991358988053831680
991359029514469381
991359034807799808
991359040495243264
991359071562452992
991359076335538177
991359208523169793
991359240492240897
991359285635571712
991359291679526912
991359314295181312
991359360956796928
991359430636769281
991359460487639041
991359699143585792
991359780324290560
991359788196999169
991360018011377665
991360030925578241
991360090040098816
991360336908509184
991360338028265472
991360372824211456
991360630769750016
991360674029883392
991360690375020546
991360764052111360
991360781630476289
991360960031088643
991360988430643200
991361144022585344
991361212565909504
991361382812717056
991361458377314304
991361461950779392
991361472314970114
991361540547805184
991361551218102272
991361609019768832
991361640053592065
991361647318093824
991361650761617409
991361832668598272
991361875047780357
991361939661119488
991361953116360705
991361979200618496
991362044283834375
991362367245246465
991362429618655232
991362446588895232
991362446869737472
991362454474149889
991362455891857408
991362653380542464
991362925515374592
991363001470062592
991363139445907456
991363151626162176
991363202213560320
991363496452411394
991363565742379008
991363583987548160
991363626652065794
991363723825643521
991363868873101312
991363997663416322
991364096841969667
991364342644961280
991364358553956354
991364398492024832
991364470243983361
991364478024470528
991364571515453440
991364606248407040
991364637248622592
991364679657312257
991364704646909955
991364789183107072
991364836562034689
991364943629910016
991364980850216960
991364986810388481
991365042539986946
991365053101367297
991365277064613889
991365295590830080
991365379984363520
991365507021524994
991365553850929152
991365599782735872
991365657659936768
991365768934772736
991365800677330944
991365889240035329
991365919812345857
991365956923469825
991365975982342146
991366023965216768
991366097948626944
991366118915919872
991366157310529538
991366215468711936
991366365306073088
991366432578588673
991366443152310273
991366457580838912
991366508331851776
991366597045641216
991366611465621504
991366673964945408
991366681732812801
991366867402088449
991366879615778816
991366931021262848
991366957650862080
991366965041262592
991367195274940418
991367330545438720
991367444311789568
991367526176186368
991367694824935424
991367817659379722
991367866418106368
991367868121051137
991368023725486081
991368100988817409
991368141321244672
991368217586225152
991368265770459136
991368347337089024
991368371915640834
991368463917703168
991368518112292864
991368912460595200
991368947701305344
991369016131407872
991369021747552256
991369056421900288
991369100965408768
991369146171568131
991369160163815426
991369164358062081
991369167315132417
991369229235576834
991369231257219074
991369278594191360
991369301117620224
991369349922480128
991369435184234496
991369556139626496
991369683579351041
991369824625479680
991369876496420865
991369902907969536
991369907521671168
991369908423405569
991370058361462787
991370328931749888
991370389145247744
991370511673450497
991370604153638912
991370750497034240
991370816741957632
991370828272070656
991370844126490624
991370891526311937
991370913856835587
991370975160799232
991371002901860352
991371108560629761
991371111681142785
991371129053990912
991371147500511232
991371231583703040
991371396059226113
991371445912719360
991371523146633219
991371533435260928
991371546089357312
991371549629386752
991371576703700992
991371681829711872
991371686049210373
991371713102393345
991371777023586305
991371829246820352
991371838159753216
991371838851821569
991371868178472960
991371965242978304
991372273859907585
991372287059415040
991372315702198273
991372515137216512
991372785372057601
991372817403965441
991372869727858688
991372906465808384
991372908911046656
991372936069238784
991372946504650755
991373017984000000
991373064838565888
991373093343059969
991373138536562688
991373221781037058
991373342321111040
991373410436558849
991373494993776641
991373496054935554
991373519857573888
991373547380658176
991373604314005504
991373616930488320
991373752029077505
991373790843162627
991373838922539008
991373847873105922
991373974356578304
991374001007218692
991374010381406208
991374016169611264
991374029637419008
991374141289893888
991374269652316161
991374270851842049
991374326405455874
991374884864327680
991375055828537345
991375058214977543
991375065253113857
991375196295782401
991375271562547207
991375372406181889
991375415712342018
991375430526566401
991375468589977600
991375501913743365
991375671199981570
991375791182307334
991375881124884482
991375944555393024
991375948556767233
991375964381876224
991376034082811904
991376048347664384
991376049899532288
991376142614573057
991376218728665088
991376578553810945
991376599735066628
991376650016296962
991376769969205248
991376789917220864
991376890685542403
991377231221010434
991377277379317763
991377292487249922
991377308656152576
991377310283632640
991377358732095488
991377382438309893
991377515158671360
991377544082534401
991377556057350150
991377563946749952
991377825558093825
991377855203500032
991377948426100737
991378020454805505
991378151631740928
991378460600864768
991378503269535744
991378565466853382
991378565370392579
991378789966938118
991378818404364288
991378986558205952
991379106783776770
991379150371016704
991379188203520001
991379322085748742
991379434358935553
991379540214722561
991379540747448320
991379606254096385
991379651556773889
991379774613393411
991379844566044672
991379851125944320
991379854552596481
991379902560636929
991379927189655552
991379966213410816
991379969174659072
991379976732717056
991380013307097092
991380167426740225
991380308527386624
991380452110876672
991380493038968832
991380501595291648
991380537326653445
991380539545411584
991380545161629697
991380616057782273
991380632877064192
991380653877886977
991380891539853313
991380924892876803
991380951505743872
991381040869662721
991381058720620544
991381089133498368
991381266460225537
991381299502960641
991381373989646337
991381418134646784
991381481804193795
991381535747203072
991381565077942273
991381573294583808
991381582152962058
991381651979718658
991381672758317057
991381683646664704
991381700872679427
991381765754368005
991381816312385536
991381838596894720
991381854103236608
991381873015316480
991381875297017857
991381911275823104
991381957094363137
991382043949961216
991382143606640640
991382169204518912
991382284866588673
991382299131473920
991382336590831617
991382407445086208
991382427124817921
991382449002352640
991382509869989888
991382832961474561
991382867119869958
991382971516059649
991382977841115136
991382998988808193
991383162164039680
991383260390412289
991383260390412289
991383366493704194
991383479144337409
991383563261104129
991383597012615169
991383598803619848
991383611994771456
991383677702688769
991383719566102528
991383805750628352
991383942610776065
991383950596689920
991383958167408641
991384061296996352
991384154943213569
991384166112645120
991384286032023552
991384350850801664
991384361424605186
991384429753982976
991384431020535808
991384445939789825
991384657907404802
991384739742269440
991384757513703426
991384768788000771
991384780896964608
991384789268750336
991384806658330625
991384858495717377
991384931912863745
991385038129418240
991385141850394625
991385184833605633
991385256019288065
991385319399411712
991385359790628866
991385362889981952
991385425339088896
991385547288469505
991385560844505088
991385580150972416
991385631359160320
991385633514962945
991385901119963136
991385971550834688
991385971370360842
991385980404842496
991385981755375617
991386041746644993
991386093466644480
991386170096603136
991386187632906240
991386191105789952
991386400456048640
991386619847507968
991386650642182144
991386702840320000
991386786260815872
991386789163257857
991386792141180928
991386855043141632
991386864903958531
991386901146894336
991386984009682944
991387012019163142
991387012967092225
991387150452252674
991387195142492160
991387302923587589
991387311349878784
991387390597058560
991387412973654017
991387413074382850
991387508163448832
991387535178952704
991387582763339777
991387619555794944
991387623230001152
991387662123663363
991387729748471808
991387756592017409
991387841824481285
991387848254291969
991387905166921730
991387954177196032
991387962490355713
991388010968121344
991388074524532737
991388080392294400
991388131889991680
991388185073799168
991388195257335809
991388226215608321
991388227922726913
991388253088559104
991388343165431812
991388457699348481
991388493065670656
991388507594723328
991388583247405056
991388598913126402
991388657499213826
991388681469661189
991388834637205505
991388898180943872
991388923346681858
991388936911147008
991388941478658048
991388971199598592
991389023351595008
991389023351595008
991389056444649472
991389096688963586
991389124346175489
991389130503450630
991389135184293896
991389221243052037
991389269456539651
991389292554579970
991389335877570560
991389379812888576
991389529943822336
991389687817400320
991389728279810049
991389749691764736
991389828045524992
991389861935550470
991389888812650496
991389919590469635
991390062528094208
991390123483942913
991390157998829569
991390209295159297
991390248356659200
991390360030064640
991390561511858177
991390565328654338
991390576003207168
991390589240389644
991390641295970305
991390647994200066
991390703652614144
991390785760321536
991390840718266370
991390868975243264
991390890034909184
991390942174367746
991390993458057217
991391003742560256
991391017730535425
991391038135853057
991391053629489158
991391060160143360
991391134973820929
991391183954960389
991391226304884736
991391373248159745
991391436670164992
991391484560707586
991391613447438338
991391613690826752
991391623681593344
991391672952029184
991391701188120576
991391703620780033
991391770599743488
991391841147916288
991391880754728961
991391893404704768
991391973780140032
991392133226684418
991392154391076864
991392204492103681
991392283001065474
991392297353965568
991392320930177025
991392333722734592
991392352597049345
991392396368842754
991392407458639872
991392407597002752
991392456150339584
991392488219926528
991392494226112512
991392538325147648
991392573578244102
991392618880872449
991392644113879042
991392784648155138
991392802213912576
991392804415983618
991392927938170887
991392938805616642
991392986251579392
991393141809872896
991393149338701826
991393190187020288
991393256566149120
991393356600066048
991393402251108353
991393453341904896
991393589669302272
991393626734452736
991393878891745280
991393901239046145
991393941865066498
991394043312640000
991394278155923456
991394292219502592
991394302176702464
991394349077467136
991394419705344000
991394533710712832
991394630666276864
991394644595527682
991394701575118850
991394729211387905
991394825189711873
991394829551722496
991394883293368320
991394938075172864
991394961877864454
991395008195555330
991395020291919873
991395024482045954
991395046221066241
991395060892798976
991395062671134721
991395070145425414
991395097953619968
991395123190779904
991395158846509057
991395211199832065
991395351579021317
991395500132851714
991395648900599808
991395652516106240
991395685609164801
991395701077704707
991395797349687297
991395815984914433
991395880455548934
991395987024433152
991395995006177280
991396084248391680
991396084298678277
991396118973075456
991396193132601344
991396230436704256
991396282395701249
991396310883422209
991396411676790784
991396604912590848
991396673682378752
991396706691543040
991396708683788288
991396794335625216
991396857535434752
991397034069504007
991397170116005888
991397202340794378
991397291817885697
991397304946053120
991397312827191297
991397400681082881
991397483552133121
991397499926704128
991397533082619904
991397688284532736
991397688200585216
991397772980031494
991397852697055232
991398005650677760
991398045693743104
991398149179826179
991398177625567232
991398309423140866
991398322819817473
991398356399329283
991398402930958336
991398470736121856
991398568207552514
991398569436467201
991398797514280963
991398805538000897
991398807773614080
991398935834087425
991399024983990272
991399062544044032
991399156534140928
991399163505119232
991399302001037313
991399304144310273
991399325996601344
991399392312725505
991399401078886400
991399468804247554
991399527851679744
991399540233261060
991399705769861121
991399840776146945
991399887446167552
991399905699811328
991399962171895809
991400107600941058
991400133416796160
991400132796088320
991400247917244416
991400251109117953
991400260437192705
991400326866620416
991400408546463745
991400471230341120
991400537911447552
991400619515809792
991400630366494720
991400727204548609
991400873506025474
991400963553611776
991400996969615360
991401015223123968
991401038438633472
991401138909007872
991401222136565762
991401244014104577
991401282983419904
991401471882252290
991401478039498758
991401556271665155
991401678434914304
991401779278569477
991401780696281088
991401829345976320
991401959721750528
991402108309172225
991402126025854977
991402156937838593
991402237355323392
991402244552777730
991402273451454464
991402300370505728
991402355974340608
991402374680936448
991402386756456448
991402389394485248
991402464531267584
991402568994652161
991402723215134720
991402918107631627
991402937871036416
991403036751822848
991403041504092165
991403058180624385
991403155199004673
991403242759315456
991403276523442178
991403369733480450
991403372837253120
991403373692964864
991403503095635968
991403559915802624
991403623933464578
991403635954409473
991403649850109952
991403735019646976
991403735137112067
991403837910142979
991403985117605888
991404169817985024
991404169176256513
991404280782491648
991404288491606016
991404407014256645
991404473657552898
991404536764993538
991404545703112710
991404555643564032
991404570772467712
991404638858510336
991404727748382720
991404743212916738
991404801027133441
991404931943948288
991404945164423168
991405047002161152
991405052278566918
991405095681130496
991405200375189504
991405226417623040
991405255119253506
991405281153290240
991405320017768448
991405356600393728
991405386304548864
991405495914258433
991405552726106113
991405614470483968
991405685647790080
991405718992506882
991405796109049859
991405823543922688
991405834486861825
991405910118584321
991405991240585216
991406002602938368
991406146362728453
991406161122549760
991406316554997770
991406407059693570
991406410272391168
991406560868958210
991406581052043264
991406676933738497
991406726514700288
991406766108872706
991406854155759616
991406884241465345
991407456440995842
991407482038824961
991407700465606658
991407709139472384
991407749949833216
991407872826314754
991407964186664963
991408149289676802
991408172085768192
991408176728760326
991408215920439296
991408253165887489
991408260304592903
991408401765847040
991408416672411649
991408445734580224
991408445956993025
991408448737808385
991408478702002177
991408513271332866
991408527129399296
991408555021471744
991408593588183042
991408639561826307
991408675003748352
991408744964808704
991408906864877569
991408911256350721
991408951572008961
991408953815961600
991408966109417472
991409006345359365
991409021491011589
991409022006947840
991409037353897984
991409048510763009
991409052189110272
991409203800690688
991409232250589185
991409263057821696
991409299267170304
991409301825753089
991409311933923330
991409352954216448
991409369609854976
991409447246467072
991409494969274368
991409523666583552
991409537134579712
991409556340256770
991409587436838912
991409761009717249
991409814420033536
991409815393046528
991409912155602947
991409937296248833
991409984473829376
991410017797640195
991410200220446720
991410218398601216
991410360056983560
991410457675288577
991410556283342849
991410609693642753
991410622289063937
991410653293367296
991410716006592512
991410720964308992
991410875616645125
991410881195073541
991410992700588032
991411084375527426
991411108585005056
991411173659684864
991411185831596035
991411220103286785
991411273299578881
991411373556019201
991411415310372864
991411425426976768
991411458058735622
991411473518944258
991411526539137024
991411541500186625
991411564296187904
991411642058575872
991411683666128899
991411694743310336
991411854315544576
991411977284149251
991412074667536385
991412095181840385
991412139800788992
991412183555870721
991412311691874304
991412348643659776
991412435365097473
991412614914805762
991412640084738048
991412646548303873
991412678945067010
991412764634738689
991412772792651777
991412786575167492
991412904535699458
991412950140358657
991413090146312198
991413379167412225
991413472226365441
991413480719896577
991413563767083009
991413735171510272
991413775323615232
991413888259371008
991413933574643713
991413936175054849
991413950523887616
991413953493454851
991413954726506497
991414128383348737
991414217340223488
991414228098699265
991414299745837058
991414299800285186
991414325561774080
991414337846857729
991414341172908033
991414341416177665
991414423481995264
991414427747483649
991414471439433728
991414471531909121
991414541937397760
991414549218840576
991414714759634944
991414747835838464
991414840274096128
991414976928735233
991415133594443777
991415157342527488
991415166851043331
991415300879998976
991415312892481536
991415389031682050
991415431377444864
991415502743441408
991415517117378560
991415574583537665
991415587338321920
991415663838334982
991415802116104192
991415808101412864
991415980504084483
991416054915260418
991416075194597378
991416112796651520
991416178819194880
991416190479290371
991416235731640322
991416274830929920
991416298126168064
991416395459153923
991416505043685376
991416578792095744
991416586618789889
991416650120482816
991416650271510528
991416752113422337
991416776524263425
991416807272714241
991416883852259331
991416908670013442
991416963619610624
991417010201481216
991417053167935490
991417063435571200
991417083203334144
991417145908170753
991417206251679744
991417281078013952
991417476033470466
991417538834784257
991417541988962304
991417609898905605
991417627686916096
991417692094640128
991417725946806272
991417832503169025
991417939495653378
991418175752474624
991418180089405441
991418299325001728
991418341964308487
991418361291603968
991418392434434048
991418487426945024
991418531169406976
991418532167593985
991418578984407072
991418617198710784
991418758467112961
991418972296933382
991419075292291072
991419156053614594
991419208604045312
991419353282371584
991419396206813185
991419488758304769
991419581687320576
991419621499658242
991419754937171968
991419763539742720
991420135259897857
991420139475173376
991420512701222913
991420578232979456
991420591713538049
991420594129461249
991420607043723265
991420691147821056
991420712937193474
991420727197945856
991420897692192768
991420919770963969
991420933553446912
991420971788595200
991421186516144128
991421218870804480
991421267059314688
991421308436008960
991421338018635776
991421359602438145
991421532298674177
991421584366850049
991421599910973440
991421619640860672
991421763715321857
991421872989523969
991422115030159360
991422168318857219
991422171305177088
991422395432013825
991422470845542400
991422475459153920
991422519071641602
991422631361396736
991422704040448001
991422843400474625
991422885087662081
991423019389251584
991423042814447618
991423043409981440
991423047033909250
991423133365166080
991423231767863297
991423382649438208
991423384809549826
991423422923198465
991423515449614337
991423604507271168
991423630885183488
991423662103449606
991423740138450945
991423771688005632
991423790029647873
991423846795431937
991424007613202432
991424034897309697
991424037929783296
991424042921054214
991424087850389505
991424193039355905
991424322781827072
991424547198038016
991424575094312960
991424583768117252
991424590739058689
991424618098376704
991424739930443776
991424799414149122
991424870926966784
991424897703403520
991424914707140609
991425104750886912
991425114813161472
991425122417377280
991425133955891200
991425137105883137
991425236212969472
991425307365158912
991425380107063296
991425398838833152
991425403364364288
991425415158927360
991425494112489473
991425543676379137
991425638652366848
991425646948704258
991425677701283841
991425760404455424
991425803962302464
991425871209730048
991426038017081345
991426258734141441
991426288597397504
991426377109983233
991426527026909184
991426586019708930
991426607360421889
991426701421875200
991426759907299328
991426783382790144
991426865138225153
991426889737699329
991426944771280897
991427106814005249
991427323873415168
991427401866395649
991427408413822978
991427712588840961
991427728229457922
991427772026257408
991427772504567808
991427937156116480
991428347346464769
991428577911599104
991428682093821953
991428717946851329
991428790998962176
991428793276477440
991428862587305984
991428927557169153
991429003151138817
991429027398324224
991429304528629761
991429405510721536
991429562922921984
991429603787984896
991429664802525185
991429703423741953
991429769307795457
991429825264062469
991429833560379393
991429838459342848
991429910072823808
991429973041930241
991430038582124544
991430136582066176
991430216416362496
991430706650796032
991430831687258112
991430903586050049
991430917397909504
991430980257943552
991431118787371008
991431191998976002
991431249448255490
991431282080014336
991431356281389059
991431375541567488
991431471314300928
991431555011809280
991431555041120261
991431691729358849
991431734494416896
991431852819931136
991432017438019585
991432048400306176
991432091375161345
991432099092680704
991432160828645377
991432194026549248
991432297885917186
991432301379760128
991432302470270977
991432353674219520
991432427196243968
991432589092192256
991432635091058690
991432631136014336
991432844160446467
991432852674883584
991433075111350272
991433122871889920
991433195525619712
991433234578837506
991433368888721408
991433404229996544
991433408843628544
991433536451305472
991433694580625408
991433703174950912
991433842845208576
991433848142614529
991433904165974018
991433919512891392
991433991738839040
991434013293404168
991434310409273347
991434337873776640
991434367753949184
991434389765672960
991434438528716802
991434450016919552
991434512600064000
991434617071833088
991434720968957953
991434733165907971
991434859657637888
991434967174582274
991434980327809024
991434988733149184
991434988917751813
991435123345252353
991435167028994048
991435186226237442
991435228874002432
991435253322526723
991435359711047680
991435496294363136
991435514581430272
991435596584251393
991435641312432129
991435721004273664
991435835273773056
991435990769242117
991436054682103808
991436202288074757
991436288590057473
991436481418940418
991436518131716097
991436623245012992
991436768317669376
991436798466449408
991436805848387584
991436869068980226
991437038577704960
991437325728190466
991437331021402113
991437364588400646
991437498642411520
991437525930700801
991437573728894981
991437607698481153
991437708965826560
991437734538563590
991437919108780033
991438087749292038
991438098088316929
991438178082021376
991438226509492225
991438357526757381
991438602553954310
991438614805573634
991438627409485826
991438725832945665
991438945803124736
991438993232285696
991439005769261056
991439017668435968
991439026476335104
991439041278238722
991439115165028352
991439788602527745
991440256296673281
991440397749637121
991440530797203456
991440837014904832
991440956359696384
991441044662247424
991441082109054977
991441371549577216
991441469016768514
991441503796056064
991441506945982465
991441670360223744
991441718397554688
991441752904134656
991441832872677376
991441848718807040
991441955384111104
991441983972528129
991442041732296705
991442321873895424
991442326483501056
991442336696717312
991442396704583681
991442426463227904
991442435577282560
991442538140758016
991442632646844417
991442673524465671
991442738234048512
991442794366500865
991442839853772802
991442867150245888
991442937228640257
991443044539940864
991443068002893824
991443148990828546
991443226291777536
991443299830501376
991443334685052928
991443353278566400
991443381485293574
991443415555497984
991443564772167685
991443627867066373
991443645835436033
991443665561235457
991443700063592449
991443707059687424
991443771832254464
991443872978014209
991443897640513536
991443910042963970
991443946869067778
991444106156085249
991444176762998784
991444177446727681
991444260909182977
991444290659323905
991444323265892357
991444398599745536
991444530581958658
991444655207141376
991444742415241216
991444795359940608
991444908241227776
991444927270801408
991445008396959745
991445189377093635
991445409120780293
991445731805483008
991445790655729664
991445808414384129
991446025285009408
991446088077971456
991446100447023105
991446103278149634
991446276809031681
991446635505909760
991446741378625537
991446797653610496
991446902024605696
991446952901562374
991447151593963521
991447159588442112
991447343835709440
991447377318940672
991447430959894528
991447430959894528
991447633502851072
991448457222082560
991448751469400064
991448791155904513
991448808285450251
991448997813465089
991448997557653507
991449156974718976
991449199777669120
991449295097352193
991449456955613184
991449689156456448
991449756894486529
991449779711471616
991449796522233856
991449932338028544
991450095194394624
991450149342789632
991450174282174466
991450197187334144
991450286752399360
991450296734887937
991450345669787649
991450377445871616
991450394357370880
991450560158228481
991450597340532736
991450943941201920
991451446762725376
991451839043375104
991451996199768065
991452125887717376
991452140496457729
991452262798159872
991452293630480385
991452528020615168
991452859899236353
991452921316470787
991453617910636544
991453680468668416
991453867991695360
991453917039996929
991453998728269824
991454028193288193
991454178689060865
991454246808768512
991454421749026817
991454665123467264
991454899450900480
991455526709026816
991455718745214976
991455718938210304
991455759400669184
991457341571784705
991457469670084610
991457776621699072
991458003818725376
991458067505123328
991458720117911553
991459375062683648
991459487050444805
991460214795841543
991460284387725313
991460681063972864
991460801318965248
991460843580780544
991461263812235266
991461759574781953
991461833415495680
991462387374010373
991462471536955393
991462611056291840
991462697341464577
991462843387179008
991462943631044609
991462953529626624
991463092616925184
991463349589303296
991463398037774336
991463469768732672
991463606188412928
991463639566692352
991463647732944896
991463774744907776
991463815974981634
991464132514893830
991464299666329600
991464408281960448
991464449612615680
991464483024457728
991464492604116992
991465182969958400
991465260883365888
991465290343972865
991465362909745153
991465586642309121
991465920768946176
991465936266956800
991466004680204288
991466460999450624
991466526489358337
991466578452668416
991466640884805632
991466811286749185
991466827833315328
