947618372132528128
947618386200154112
947618405963706369
947618451643883521
947618472456056832
947618525610463232
947618560116793344
947618586889277440
947618587048644610
947618646263820289
947618709920772097
947618719940956160
947618736600768512
947618744121016320
947618771165896704
947618855974834176
947618981396979712
947619004914397184
947619031338565633
947619076741795841
947619085583499264
947619129988612096
947619151111221249
947619158749077506
947619283667845120
947619337992417286
947619362088787968
947619370607443968
947619382729019392
947619497095004161
947619508172279808
947619572571451392
947619594709151745
947619625780568064
947619636203347968
947619711004549120
947619719841845248
947619721649754112
947619824645083136
947619867338842113
947619867837939712
947619888377589760
947620040563499009
947620065553371136
947620082905157634
947620100592553985
947620101490118656
947620103314726912
947620164886863872
947620183169994752
947620184155611141
947620277571133440
947620302594494466
947620309041115136
947620311398273029
947620338229059585
947620421020635137
947620464070942720
947620543024398337
947620544383541248
947620553212530693
947620570853552128
947620593028890624
947620772566130688
947620789674696709
947620850076807169
947620917752025089
947620931165401088
947620981106970624
947621098341810176
947621112581681153
947621117417664512
947621297126649856
947621307243548673
947621412541526016
947621481583853569
947621483643392005
947621559459463170
947621601918574593
947621627705032704
947621741848915968
947621787768119296
947621792025165826
947621843032334336
947621855388733440
947621926025027587
947621961148125184
947621970073579521
947622011907510272
947622108699377665
947622160683732993
947622273195835394
947622359292407809
947622364585525249
947622383527088128
947622632115068928
947622702839341056
947622817268486144
947622914203049991
947622927075348480
947622948235567105
947622958683639808
947623026304212992
947623045182738435
947623164837810176
947623206797692930
947623263928246272
947623280713887744
947623324020084737
947623355267547136
947623363056472064
947623388398456834
947623398150205440
947623423618019333
947623470678138881
947623496787611655
947623507843780608
947623539787620352
947623560901791744
947623568896118784
947623623518339072
947623652950007808
947623657576325120
947623676433846272
947623776312848384
947623786236522497
947623794037968896
947623800019083264
947623808319524864
947623864678469632
947623877202595842
947623898761302016
947624046149226496
947624104076759045
947624124226121729
947624260025143296
947624303742382082
947624330686550019
947624489852002309
947624546051477504
947624620575903744
947624720811380737
947624722975678464
947624726381424640
947624758593630209
947624759491284992
947624776058785793
947624795696435202
947624826344263680
947624834300858369
947624870476644352
947625062219370496
947625241957855233
947625345754247168
947625429015314432
947625432035323904
947625473227542528
947625494559838208
947625496199811073
947625571877556224
947625704581222400
947625845790830595
947625864828719104
947625921569312768
947625925847502854
947625942662500353
947626014666035200
947626120098320385
947626143754194946
947626156588662784
947626216315637764
947626261110841344
947626268425584641
947626276097089536
947626326818803714
947626599062687744
947626643199275008
947626644226834432
947626718088646656
947626769162620928
947626933453557760
947626943700242432
947626969910431745
947626995269226497
947627022775390209
947627094409748480
947627115419226112
947627173749411840
947627184927264768
947627258210127875
947627298571898884
947627340498112512
947627404389953541
947627416352165888
947627533582962690
947627623685021696
947627760511602691
947627767801303045
947627811988262915
947627899942768640
947627948961656832
947628003038846976
947628082713595905
947628229271093248
947628274611564544
947628346975969280
947628490794438656
947628586399395840
947628701432401920
947628742301704192
947628771191984128
947628779643572224
947628975756578817
947629172268109826
947629442066731009
947629442016448518
947629506717802498
947629651031134208
947629743356162048
947629824419483653
947629833043038209
947630049464864768
947630105983160326
947630232269414401
947630372094844928
947630439027695616
947630550986252289
947630655042736134
947630801914597378
947630989970477056
947631003786465280
947631010455441408
947631084770152448
947631085437030400
947631145432309760
947631166751956992
947631282963517444
947631488501272578
947631597125275648
947631599419523073
947631730009223169
947631774796050433
947631879007633408
947632391300042760
947632604177747968
947632647198699521
947632821086060544
947632841659179009
947633110279004160
947633113437413377
947633153547661312
947633202499342337
947633229166731264
947633268282806274
947633309445738498
947633317591048192
947633372368719877
947633402206752769
947633421676961792
947633448772165632
947633475686993925
947633646948765696
947633825546428417
947633834492858368
947633915375902721
947633917925969920
947633921742733312
947634188764762113
947634247183097857
947634279516909569
947634471599210498
947634491442581506
947634520207056896
947634695709315072
947634752164687872
947635076807962624
947635161054765058
947635181455753217
947635206567202816
947635262137556992
947635269875924993
947635419591606273
947635504006291457
947635607953690626
947635744419454976
947635767232344064
947635977547341824
947635979367669762
947636040080162816
947636054676340736
947636060154138625
947636107289812992
947636186532794369
947636259329110017
947636340593700864
947636376849100800
947636610153242629
947636642260684800
947636649160306688
947636656072519681
947636883072405504
947636894917152768
947637030388985856
947637119614423041
947637121594118144
947637206482653184
947637697182683136
947637766992560128
947637846483103744
947637865307148289
947638010341883907
947638034064920576
947638119192563712
947638266429394944
947638356573290496
947638509073989632
947638513142566913
947638697045954561
947638708869718016
947638717421948928
947638773336150016
947638835487428608
947638921424490501
947638942966472705
947639065419108352
947639111149604866
947639236207042560
947639237364633600
947639277080469507
947639501110865920
947639518924099585
947639573131259906
947639584564895744
947639596002750470
947639622372388864
947639666601164800
947639987478171648
947640175819149314
947640231288811521
947640342609911808
947640538433556481
947640605785538560
947640756994318337
947640800200024064
947640869871669250
947640880902606848
947641005481840641
947641022217146368
947641053951258624
947641084343193601
947641097962082304
947641293563465730
947641318104293376
947641382478290944
947641626792546304
947641745478647809
947641893311180800
947642016099336194
947642058071789568
947642102934130689
947642223121887233
947642364969062400
947642405389590530
947642418781966336
947642423009738752
947642429934653440
947642599518691328
947642599518736389
947642609387888641
947642755718828032
947642804309839873
947642870500126720
947643014255693824
947643074334871553
947643142546784256
947643211077554176
947643289938866176
947643293462159362
947643317256376320
947643570097233921
947643620672376833
947643680403476480
947643967520337921
947644034373312512
947644504571596800
947644509948608512
947644540546179072
947644590118658049
947644600642088960
947644763343290374
947644927302950914
947645070953598976
947645184027787264
947645340953534464
947645400646868992
947645614397050882
947645696445952000
947645763898757120
947645776821399552
947645893662081026
947645929242415109
947645937039667201
947646019377991682
947646084544978944
947646227264483328
947646496702435328
947646549206675456
947646919156920320
947646979152236547
947647013897801729
947647095200153600
947647110698225664
947647288935157760
947647339262631938
947647410813186048
947647428618080256
947647460285050880
947647494837735424
947647505226924032
947647539716743171
947647571929059333
947647709279932419
947647981104353280
947648045906358272
947648113191374848
947648236940017665
947648238856781825
947648240421191680
947648242023415809
947648243650850816
947648246016389120
947648336210821120
947648364958625792
947648465018015745
947648791573942272
947648813568876546
947648873002098689
947648883605364741
947649229643796481
947649283284758528
947649370467553280
947649441271607296
947649514546126848
947649601213030400
947649659518046209
947649734352801798
947649754544115713
947649830976880640
947649969560936449
947650000527355904
947650160972189697
947650199358459904
947650444863655937
947650484709593088
947650611134324736
947650639915552768
947650805666123776
947650871575351297
947651099988721666
947651672792236032
947651857798909954
947652050413867009
947652051399512070
947652080176652289
947652172933730305
947652365867503616
947652394271244290
947652590258589696
947652812950966272
947652830726381569
947652845863661568
947652854084456449
947652859113418752
947653108473171969
947653172360810496
947653300849016832
947653462107533312
947653513693290496
947653733474865152
947653815548997632
947653863779307523
947653868917272577
947654156017459200
947654240129945605
947654501883924480
947654769618939904
947654781543337990
947654858420744194
947654949709676547
947655389591597056
947655628062945281
947655665362841605
947655688830021632
947655817213435906
947655996029177856
947656248308137984
947656279887138816
947656608137523201
947656655973634048
947656660142690304
947656716950360066
947656766661316608
947656841013747713
947656860072599552
947657088070770688
947657089232580608
947657162431586304
947657352739778565
947657508247822336
947657564422012929
947657734517940224
947657796203323392
947657956472041473
947658259552448513
947658672674623488
947658828564267008
947659061008437248
947659079928897538
947659970543325185
947660057025454080
947660149954695169
947660299603193857
947660349922308102
947660703061684224
947661221590917125
947661223704842240
947661295863640065
947661431394234368
947661774454706177
947662406351818752
947663106796335104
947663174895104000
947663308836016128
947663348925071361
947663515879460864
947663592320577536
947663591829893120
947663664181579776
947663668719816704
947663830707994624
947663853726334977
947664181561524225
947664280056459264
947664430074122242
947664450084990978
947664473518690304
947664559980064769
947664579840102400
947664595212173315
947664785696575488
947664916575674368
947665031877021696
947665097689878528
947665414598938624
947665642055983105
947665764810657792
947666393855680512
947666940549623809
947667154681368576
947667442645524481
947667450296000517
947667565119021056
947667595259285504
947667597075537921
947667753288323072
947667900608974848
947668213202079744
947669049814736896
947670082989072385
947670109430210561
947670708326469637
947671399266750465
947671481110147073
947672448752906240
947672767964549120
947672863573790721
947672958042066944
947673330412412931
947673403829379072
947673570318192640
947674687152295936
947675807656431617
947677896386244614
947678370220924928
947678417268248578
947678516941910018
947678637104467969
947678882295148546
947678977979711488
947679202496647168
947679275565703168
947679294150418432
947679291713642498
947679465018191872
947679807873142784
947679925045051392
947680140787675136
947681319017943040
947681401951936513
947681462148530177
947682313382563840
947682485764349952
947682813364654080
947683133582970880
947683182303887360
947683338357301248
947683779073622016
947683874510856192
947683926096711681
947683997697609728
947684083576004608
947684350652506117
947684442985910273
947684876530184192
947684989113634816
947685418098724865
947685461518159872
947685751944294401
947687592925057024
947687619298824193
947687662936363009
947688276852400128
947688953662058497
947689068778934272
947689574205198337
947689821908160512
947689851251544064
947690334926069760
947690654146146305
947690713441013760
947691409443840001
947691594723086336
947691621679796224
947691723005857792
947691889993633792
947692612621864960
947693014226481152
947693045704781825
947693380296953858
947693885375074304
947693888101388288
947693900881416193
947693902793977856
947693912130445312
947694681646911496
947694843609874432
947694954503114753
947695158258257921
947695188624986112
947695362906697728
947695421471764485
947695452568326144
947695584651218944
947695912532561920
947696078966722560
947696192506486784
947696214996373504
947696243387584513
947696374891638785
947696470207033344
947697002279768065
947697573636329472
947698677845581825
947699129802809344
947699457155633152
947699468060651520
947699511740297219
947699520942608384
947699524897853440
947699658004025344
947699836073025536
947699974514659329
947700419450626048
947700604146737152
947700801606242304
947701037053501441
947701122545922048
947701141642579968
947701217983127552
947701242733776897
947701457003974661
947701725187727360
947701962597916672
947701995376439296
947702228835586048
947702306354626560
947702483064905728
947702668281241600
947702925043929089
947702937098301440
947703123170209793
947703351264858112
947703511428542466
947703635668033536
947703668060631040
947703754589163520
947703953982189569
947704410913697793
947704552110854145
947704682335670273
947704910409281536
947705005204738048
947705148025065472
947705190622351360
947705384072024066
947705570580189185
947705712993587200
947705976957865984
947706173746307072
947706404013527040
947706679587753984
947706797376274434
947706992268898304
947707005803880449
947707599394410496
947707745465090048
947708158327259137
947708285909635073
947708453665026048
947708979966369792
947709246329774080
947709414135533569
947709489662320640
947709947478814723
947710081055027200
947710098553622528
947711912925630465
947712375104397312
947713042699100163
947713189118140416
947713540785426433
947713756846546944
947714241867509760
947714274067140609
947714340056117249
947715087674101760
947715144586539009
947715283535282176
947715379098537984
947715663388397568
947715828887244800
947716529721929728
947716533257756672
947717030488215552
947718378604687360
947719251237965824
947719622521999360
947719685163888640
947719947890946048
947720738768916480
947721204894437376
947721426194325504
947721507584774144
947721971760025600
947722328586076160
947722510497452032
947722910357127168
947723332132200448
947723377170681857
947723437492940800
947723503008018432
947723578757148672
947723830440599553
947724072800137218
947724380687171585
947724503265800192
947724629732405248
947724916224331777
947725091126816768
947725119924916225
947725199864225793
947725285688053760
947725366562557952
947725654107320320
947725685673603072
947725783065399296
947725851055067136
947725857228963841
947725971997765632
947726104093130757
947726205654130688
947726369869434880
947726374474780672
947726488132112385
947726487754625024
947726610437849093
947726716729950208
947726814276997121
947726818890563591
947726876688216064
947726974914580481
947727158276960256
947727164400685056
947727208243650560
947727270784970752
947727345691086848
947727575434125313
947727663522869248
947727748260392960
947727800823353344
947728012996415489
947728136594186240
947728240994635777
947728353645203461
947728414483599360
947728510398992384
947728551649964032
947729105604059136
947729278845706240
947729364703203328
947729373993373697
947729549466447872
947729556559056896
947729574481223680
947729798444482560
947729976891019265
947731179410771968
947731480494690304
947731545372033024
947731613449969667
947731625370112000
947731887006670849
947731925543899136
947732426834497536
947732445847199745
947732621345386496
947732680443080704
947732740652371968
947732811410231297
947732857816043522
947732906860072960
947732918276886529
947732959267876864
947732967987834880
947732977278160896
947733233315254272
947733379193167872
947733484151492608
947733622160809984
947733652372258821
947733803329642496
947733874787913728
947734042040045573
947734138714439680
947734380436492293
947734422660550657
947734635940925440
947734936689233920
947735656163368960
947735715730690050
947735718205550592
947735900468822016
947736054773161984
947736492293738496
947736581443653632
947736621306253312
947736660040667136
947736767456862208
947736965151109120
947737069488607232
947737224786993152
947738198171639809
947738216001605632
947738443827826688
947738608252997635
947738979130138625
947739074281947137
947739351601111040
947739389848965120
947739665347391488
947739788962123778
947739954322558976
947739986333487104
947740427347574784
947740533891502080
947740640540020737
947740660458754049
947741198978076674
947741210382303232
947741376149630976
947741481988653056
947741571365134336
947741698796404737
947742706096250880
947742849935781890
947742986238128128
947743005167013888
947743138424217601
947743957852868609
947743997837086721
947744430106308613
947744493025091584
947744495587774465
947744588667564037
947745020731363328
947745021683318784
947745115925225473
947745242119331840
947745707678502912
947745770236547077
947745787072696320
947745864381898752
947745897386975232
947746361864310785
947746502805467136
947746725762162690
947746824194084865
947747124623675392
947747764632539136
947748794602573824
947749023355727873
947749147440025600
947749209024765952
947749609258078208
947749687238553600
947749786651938817
947749870038802434
947749904029573120
947749948967260160
947750199958671360
947750720039657473
947750813002235904
947750814227009536
947750901984514049
947751187985653760
947751566794256389
947751615011975168
947751642337890304
947751764740190209
947751950665375744
947752376189960193
947752592783880192
947752734916300801
947753045382836224
947753141554044929
947753323276439552
947753612092067841
947753750097219584
947753912739745792
947753936160669696
947754335374663680
947754346921562112
947754613368901632
947754625419096064
947754748442267650
947754753022406656
947754754536550400
947754805900075009
947754819418128385
947754821955629057
947754823708839936
947754823230869504
947754826107981824
947754895498768384
947755019071315970
947755073991512064
947755166979129345
947755171379142657
947755454041649158
947755615786586113
947755638259638272
947755655166914560
947755776243830784
947755794405060608
947755811568275456
947756335814402049
947756351203282944
947756857866715136
947757109134970881
947757112838578176
947757148146163713
947757155716919296
947757321396064256
947757340161396736
947757566595084288
947757841259036672
947757869763584005
947757906988068864
947758112878088193
947758182868365312
947758248530206720
947758293128241152
947758350237880320
947758474469019648
947758531989577729
947758649824313344
947758657848119296
947758840107462656
947758978553012224
947758984899039233
947759098753302530
947759146216062976
947759232664907777
947759550731636738
947759621674029057
947759909390684160
947760027091329024
947760461088526336
947760576821911552
947760626578927617
947760640814469120
947760655200849920
947760693465501696
947761135511654400
947761336167161856
947761368781991937
947761599389093888
947761633962508288
947761827987054593
947761853316333568
947762309228883969
947762469057032194
947762597855727616
947762746946408448
947762924361170945
947763141722681349
947763471462084608
947763519717625856
947763661405224960
947763713632858112
947763946399977472
947763970118520832
947763985545383936
947764081905340416
947764120568385537
947764175857647616
947764208099319808
947764237509722112
947764387082797056
947764806450257921
947764900755013632
947765058993577984
947765279936872448
947765372903665664
947765527296045056
947765558543552514
947765897640505344
947765930771341312
947766053966372864
947766067266510848
947766108752289798
947766110455132160
947766105702936576
947766191682179072
947766244937216000
947766319772037120
947766423832625154
947766473317060609
947766516296175616
947766560848048128
947766691685191680
947766727366139904
947766772073103360
947766879531208707
947766951069343744
947766991665975296
947767009428869120
947767035588521984
947767053297086464
947767328783159296
947767366276009984
947767606056022016
947767825573302272
947768044507541509
947768774396084226
947768949407670272
947768995343630336
947769076528578560
947769178928361472
947769255659032576
947769265343664128
947769306342920192
947769439788740608
947769487742459904
947769781356257282
947769819784515584
947770129005162497
947770128812437504
947770474200752128
947770474875977728
947770547311730688
947770580488654848
947770609215459328
947770732783816705
947770749003198464
947770781592883201
947770791017447424
947770814040068098
947770920847933440
947771031137280000
947771085587664896
947771110677983232
947771124296945665
947771148221190145
947771160112128000
947771181528207360
947771221378289665
947771311081783297
947771446830432257
947771449867202560
947771494981160960
947771508423888896
947771703303819264
947771779254247424
947771846031704065
947771913539063808
947772040261652480
947772072490651648
947772217399693314
947772226979409920
947772405094678528
947772456504356870
947772662222327808
947772723048206336
947772778224201728
947772858360463361
947772883035676673
947772902484725760
947772924957773824
947772993186525184
947772994889441281
947773104989835265
947773203665096704
947773280534097922
947773287626571776
947773290780790785
947773349568172032
947773659212582912
947773681371172864
947773732927533056
947773875466768384
947773898933841920
947773906668068864
947774064881434624
947774088424062976
947774116937035777
947774225355550721
947774282440036352
947774360877785089
947774445413904384
947774459406094337
947774642391052288
947774709361463296
947774973288091648
947774996105121792
947775003197546496
947775057408987136
947775075574480896
947775133464387584
947775199772139520
947775578404515842
947775616509767680
947775649862881280
947775690551824384
947775693030486016
947775727000326144
947775747686653952
947775927769010176
947776112167391232
947776211639586819
947776258036944896
947776277716590592
947776418351665152
947776488497131520
947776493643542528
947776677421223937
947776701634957312
947776745985511424
947776881490874368
947776923559710720
947776970561064960
947776975086804998
947777053721530368
947777133090426880
947777353421385729
947777403321049088
947777418240184320
947777492550606849
947777495461498881
947777516156149760
947777532664958976
947777552827015168
947777585609609216
947777610016280576
947777632187248641
947777932935815168
947777952539926528
947778032907014144
947778046873960448
947778102872215552
947778191174832129
947778306849386496
947778326227283968
947778363158036481
947778419173023744
947778420221579264
947778455743225856
947778492552400896
947778657598271488
947778684756180993
947778889237098496
947779127322570752
947779218817081344
947779278594301952
947779279588397056
947779446844612610
947779675773898752
947779776269422592
947779846897373184
947779869362020352
947779926631092224
947779960063889408
947779970159534080
947779972038524928
947779994025111553
947780130868547584
947780157472944129
947780216000262145
947780256458510336
947780351593771008
947780462474420224
947780647506018307
947780671996596224
947780694029340672
947780886002651136
947780914884546560
947781009151594496
947781152319922176
947781160024920065
947781268044951553
947781415403507712
947781451830919168
947781584450662400
947781605673852928
947781681452404736
947781717754089472
947781763534934016
947781846678597632
947781866672803840
947781868220485632
947781877301116928
947782145241698304
947782242813841408
947782280755458048
947782283494330369
947782339593211904
947782361151926273
947782420417392641
947782517410713601
947782536595460096
947782699200270336
947782762408366081
947782796600279040
947782921636769792
947783027182178310
947783040981520384
947783046849355776
947783107977142272
947783161546756096
947783295877697536
947783582331916288
947783644269203457
947783820455170048
947783839249784833
947783839442702341
947783856102486016
947783921420460033
947783958405754880
947783980702724100
947783990961934338
947784023883042816
947784154124570624
947784181731426304
947784239923085314
947784263721738241
947784281820102657
947784335226269697
947784413072502784
947784481733308416
947784511860994049
947784568161099776
947784685786206208
947784740014317568
947784739334828033
947784871665119237
947785045116424192
947785068872945665
947785086245761024
947785091065008128
947785188016381952
947785191526993920
947785254206689281
947785322888417280
947785367549333504
947785387409321984
947785389670064128
947785403578421248
947785478132117510
947785933428019200
947785959361433600
947786077754052609
947786162197889024
947786191813926913
947786273997156352
947786294041735168
947786380180099072
947786454989770752
947786498379628545
947786498895634432
947786632899563522
947786722582020097
947786726415536128
947786728722522114
947786808439595008
947786847681482753
947786929076137984
947787018024685569
947787054351515650
947787116221812737
947787168029728768
947787235033743360
947787252511461376
947787267615191041
947787323428786176
947787385781309445
947787389723955200
947787556686528512
947787686886236161
947787775495065601
947787806335819776
947787842662682624
947787950083006466
947787952368873472
947788013572100096
947788027232956416
947788049026633728
947788051757064192
947788177472880641
947788218895949824
947788226311479296
947788228857335808
947788271865745409
947788349133254661
947788380112347136
947788396172365825
947788399452348416
947788413943590912
947788418775502848
947788427692597248
947788457312649216
947788521997299713
947788587923333120
947788685738692613
947788703249952768
947788883441446913
947789132016898048
947789245275688960
947789313349160961
947789374694887429
947789415056801792
947789427534893056
947789529372557312
947789545814323200
947789693256654848
947789767936299008
947789845195362306
947789986174291968
947790165921198080
947790201631293440
947790203309174784
947790650526887936
947790673071296512
947790719477043201
947790833293643777
947790841241833472
947790854349119488
947790876759216128
947790986985508865
947791107911536640
947791114102300672
947791118460162049
947791208096698368
947791268729499649
947791268377186305
947791341798547456
947791412715716608
947791422979297280
947791576616620033
947791757646888960
947792021246406657
947792101516959745
947792103307988992
947792247298420736
947792517856100352
947792642930368512
947792801907003392
947792889811292161
947792891107336195
947792918957445120
947792977925165057
947793298609106944
947793303503851520
947793550577725440
947793565282955264
947793590230618112
947793686200504325
947793711739654145
947793721780776960
947793751233191936
947793754617982976
947793780513607681
947793781935484928
947793795684462592
947793862977867776
947793915507367936
947794075171901440
947794108587872256
947794158554578944
947794202007605250
947794261768048640
947794298271076352
947794341384376321
947794486989676544
947794544527052805
947794571731365888
947794756876275714
947794825549680640
947795035495587840
947795073936314368
947795102575054848
947795146548137985
947795212197416961
947795494176153600
947795694462668800
947795703648210945
947795704348540929
947795738960031745
947795778965262337
947795885756506112
947796039976792064
947796179714297856
947796184365748225
947796191198228485
947796387210645505
947796443900850176
947796504114290688
947796512700076033
947796553464451077
947796615594696705
947796711426183168
947796715494674432
947796825167278080
947796950056882178
947796981887504384
947796988556337157
947796988581605376
947797001487478784
947797049654808576
947797135059234816
947797189656489984
947797215426129920
947797218613919744
947797452815511552
947797489251479552
947797522210226176
947797561460523008
947797570734010368
947797591244275712
947797631585185792
947797699633573888
947797720718299136
947797762137100295
947797831435173888
947797893716545536
947797943989473281
947797983256612864
947798018740408320
947798050826747904
947798105617035265
947798142967275520
947798151339134977
947798405966856192
947798410656206856
947798468118171648
947798524019793920
947798602121908224
947798671445385216
947798783911497729
947798892204224512
947798913712615424
947798929160077312
947798935673982976
947798941348835328
947799092524146688
947799116150661120
947799169107980289
947799184886943744
947799324246921216
947799340273291264
947799355569840128
947799404974616576
947799405087854592
947799467507507200
947799562487558144
947799573422067713
947799575988965376
947799720180748288
947799724018622464
947799929803689984
947799937986846720
947800045147119616
947800075237052416
947800161585123329
947800167058755584
947800195739406336
947800243218866176
947800245827788800
947800265654198272
947800356062457856
947800539517149184
947800568986140673
947800569187577862
947800667078496256
947800871722725376
947800950537932800
947801033245413377
947801188136882176
947801229144489984
947801233351421953
947801287738953728
947801298241576960
947801358530416640
947801498662178816
947801599958712320
947801779760181249
947801844209868800
947802061089001473
947802104869113856
947802250566549504
947802293835100160
947802446356770816
947802553131048960
947802846195482624
947802907176513537
947803242620219392
947803296319844352
947803339164700672
947803427853172737
947803564788932608
947803578189697025
947803641896951808
947803671487832064
947803881253294080
947803936903360518
947804010014216193
947804023410888704
947804227312738304
947804230148132865
947804377527529472
947804450474942464
947804451330502656
947804531047444481
947804545714937857
947804551914061825
947804654137741312
947804662270480384
947804696504389632
947805047215312896
947805131185278977
947805306288996352
947805339688284160
947805534102654976
947805557657886722
947805609948319749
947805623315439616
947805846960005122
947805935518605312
947806231468609536
947806275601084416
947806357016793089
947806508481380352
947806642128805888
947806724748185601
947806903870115840
947806910895591425
947806966734258176
947807028214403072
947807258368503810
947807401545154560
947807646588993536
947807683767349248
947807702817886208
947807768689328129
947807943478644736
947808182629556225
947808220139130880
947808231283359745
947808353060876292
947808382416769024
947808610234589184
947808794247159808
947808795740303360
947809140793102337
947809226885419008
947809234493861889
947809462504558592
947809480850444288
947809635540586496
947809698161545216
947809819133726722
947809901748916224
947809974075392001
947810039372316672
947810134117441536
947810137833648128
947810168502456321
947810225549082624
947810344696721413
947810556769169408
947810621793415170
947810896369410051
947811037465649152
947811095821062145
947811150816739328
947811150816739328
947811153136242688
947811166667100161
947811236397318144
947811398465269760
947811428215353344
947811481575477248
947811544523472896
947811558335315974
947811573086720000
947811667030704130
947811755367026688
947811793405177856
947811879694585858
947811895507128320
947811970052390912
947812058808102914
947812097781583872
947812109643108352
947812168954777600
947812291034181632
947812361028726784
947812485943488512
947812573554102272
947812583893012480
947812729280188416
947812859500748800
947812860255760384
947812918174846976
947813208638873602
947813227383197697
947813287093207040
947813332651667456
947813340050546690
947813359717580800
947813387588784128
947813468345978880
947813476977782784
947813497320235008
947813701914161152
947813810030694401
947813853219442688
947813884123074560
947814019578105858
947814030114283520
947814049777111040
947814160175452160
947814168299794432
947814182765854720
947814214932029440
947814242157318145
947814282741387264
947814283718610945
947814361585934337
947814523846742016
947814561612226561
947814616507273216
947814619170705408
947814670810959872
947814670945210369
947814698438684672
947814846753591296
947814855242928128
947814854550843394
947814946636787712
947815034842992640
947815089519853568
947815106322354176
947815181555552256
947815224962371584
947815310794600448
947815365010112512
947815396119281665
947815405090983937
947815578810634241
947815582241558528
947815653301477377
947815669369856000
947815698822176768
947815807102472192
947815847753584640
947815958609055745
947815990481555456
947816074619256833
947816121314566144
947816144165068800
947816160040554496
947816296212783105
947816409870032896
947816456573607936
947816506800463872
947816577898074112
947816721435516930
947816872476626944
947816884656918528
947816890877038592
947816938239070209
947816957054562304
947817056950505472
947817094867013632
947817108414402560
947817154509930496
947817154690269184
947817171354374145
947817179600343041
947817209245720577
947817233077727233
947817263369019392
947817379123417088
947817418986020864
947817460434169856
947817580554801152
947817725988139008
947817948844056576
947818011641155585
947818018125635585
947818085188284416
947818126263181314
947818158303465472
947818427070210048
947818431050641409
947818458368167937
947818485362647040
947818579537354752
947818674970353664
947818720453386241
947818909280768001
947818973785141248
947819023084990464
947819087815733249
947819120665513989
947819431329087488
947819466192285697
947819471892369408
947819510760919040
947819629967302657
947819729758044160
947819737584668675
947819825392508933
947819829695795200
947819881306652672
947819889649225728
947819892094488577
947819912936017921
947819921622347776
947819963322167297
947820407910002688
947820592245411841
947820631428657152
947820784151646209
947820799519535104
947820820218474496
947820827399028736
947820914376433667
947820941366779904
947820969573408768
947820986526851072
947821029845618689
947821299342200833
947821761948737536
947821807524040704
947821838687711234
947821847218810880
947821876847566848
947821995558916097
947822024352829440
947822140270743552
947822178115969025
947822201599856640
947822206045900802
947822318520274946
947822321259171840
947822370504560640
947822403765366784
947822433842745345
947822470052089857
947822532920520705
947822580181938176
947822642588995584
947822804359139330
947822863339401216
947822969392390144
947823064473104384
947823129023451141
947823249999695872
947823344514207744
947823344870707201
947823357667495938
947823379494723584
947823434121318400
947823522922971136
947823614744760321
947823709607297025
947823723159130112
947823796039311360
947823830948634624
947823839785893888
947823854885507072
947823879535374336
947824174113927168
947824243177394177
947824243802279937
947824269404360704
947824274550743041
947824301042012160
947824355056193536
947824408344846336
947824439135268864
947824599361826816
947824763006619649
947824770913067008
947824825132863490
947824880556396544
947825102120456195
947825156197683200
947825218210451461
947825282374713344
947825299726721026
947825359092936704
947825466890752000
947825477137391616
947825570003476480
947825646570389505
947825683299844096
947825872500912128
947825894726479872
947826000817205248
947826042156097537
947826114302529536
947826318950977537
947826364585009155
947826366724165632
947826429353488385
947826575998947328
947826613047250944
947826649332101120
947826691417825283
947826767053586432
947826862809649152
947827179185999874
947827409331671040
947827698054893569
947827703109087232
947827922177585153
947827939063877632
947827990464954369
947828026766606336
947828041467793409
947828287111352320
947828291242782720
947828296791846912
947828305369161729
947828339208794113
947828374029955072
947828430560681984
947828499527675905
947828625734332416
947828645565001730
947828663470436353
947828731590205441
947828755183099904
947828758475665411
947828813106434048
947828845813563394
947828849173286914
947828913186721792
947828919918583813
947829066618540033
947829382659346432
947829743319240704
947829796226195456
947829890375733248
947829945627238400
947830088841777153
947830127408410626
947830135100727296
947830178264309760
947830326402932736
947830400692490242
947830650421293056
947830683891838980
947830748517732352
947830840305881089
947830852897173504
947830936078610434
947830963115122690
947831066521370631
947831236336201728
947831281752125440
947831448664526849
947831511956549632
947831574749417472
947831589484015616
947831651576492032
947831659533144064
947832085691150336
947832123800670208
947832272950054912
947832279409287168
947832359239503874
947832586910490629
947832622360743938
947832632666198016
947832835469176832
947833051513487361
947833097793495040
947833135416381440
947833152323678208
947833182677798913
947833201371774976
947833262919110657
947833341927215105
947833533900267522
947833542016454656
947833597209309186
947833621875974144
947833681623863296
947833704084226048
947833724334411781
947833787014139904
947833929096224769
947834001972084738
947834056485388289
947834057639055365
947834137888677888
947834168200884226
947834196629827584
947834291928666112
947834669768339456
947834697169690624
947834926442848257
947835058760699904
947835066884984834
947835091132305408
947835154172694529
947835159381970944
947835217561247744
947835307143114753
947835324083949569
947835345227472896
947835367666876416
947835556033187840
947835644021272576
947836010745954311
947836072960167936
947836222927278081
947836234654801921
947836327126601728
947836329634811905
947836428238639104
947836473843339269
947836501840318464
947836616948797440
947836675346059265
947836683109785600
947836698834161666
947836722745888768
947836742140334080
947836771202686976
947836781646483461
947836786981687296
947836919722926081
947836930812776449
947837087503482881
947837287131381761
947837320702590976
947837323772866560
947837357440602112
947837365153927168
947837397613666304
947837555885690880
947837608092200960
947837611313426432
947837655164899329
947837728019898368
947837816486084608
947837884756660225
947837906198069248
947837980739325952
947837987521314817
947838112557862912
947838118895521792
947838116953575424
947838155343974400
947838163405410304
947838278228725760
947838392015912960
947838460689354757
947838601957691393
947838639786135552
947838731305869312
947838911409262592
947838957076787200
947839083912495108
947839275562930177
947839572272144384
947839663410204672
947839722679881728
947839764736172032
947839774580269056
947839785648971777
947839802073931776
947839822189641728
947839860886216705
947839867324649472
947840198884429824
947840341545234432
947840348209983488
947840364475568129
947840525553586177
947840527667474432
947840794261561345
947840918945779713
947841049023655936
947841074822877184
947841096704581633
947841184193568773
947841216640581632
947841407301111808
947841434299846661
947841598473277440
947841704551428096
947841804287860736
947841809094463488
947841856175517696
947841895392301059
947841929760378881
947841945065451520
947841981581070337
947841995409645569
947842065194541056
947842277657006080
947842496549281793
947842634357362688
947842661012201474
947842789852708864
947842958954500097
947842966109982720
947843062302171136
947843120527536128
947843156686622720
947843220586815488
947843426992652288
947843442486448128
947843533850980352
947843562040975360
947843594538377216
947843703804170240
947843776520826882
947844261428514816
947844283998056448
947844303400947712
947844462734118912
947844512717721602
947844538634260481
947844854649942016
947844874900049920
947844903404482560
947845369035096064
947845786699796480
947845815967547392
947845849647861762
947845874046197764
947845882342408193
947845987304960001
947845991373377536
947846153068056582
947846163079880704
947846236887027713
947846243232858117
947846320131362816
947846357368283136
947846359058485249
947846360480456704
947846363705851904
947846453375983617
947846569755402241
947846696842813441
947846900828356608
947846951030214656
947847169054330880
947847228739252224
947847257788944384
947847258212585473
947847294493347840
947847324184784896
947847342081937409
947847392035995648
947847402056273920
947847478795231234
947848092291878912
947848157031030784
947848165482405893
947848352380669953
947848368675545089
947848424975724545
947848576738131968
947848598896758786
947848667331026946
947848798717534208
947848918083293184
947849150045085696
947849170592833538
947849220173844481
947849346724319232
947849433999437824
947849444237692928
947849484922441728
947849489028612096
947849498050678784
947849575964008448
947849656645636096
947849708525031424
947849816146628608
947849924057501696
947850005557252096
947850015103430658
947850065380507648
947850197887004672
947850195978608640
947850381928943616
947850431564320769
947850548073476096
947850581166772224
947850615534780422
947850652729913344
947850794178613248
947850902857244674
947850958784081921
947851152137351170
947851260337754112
947851444593467392
947851471646855169
947851491959853057
947851501724151813
947851625292550144
947851648948457473
947851760013635584
947851906960982016
947851937658978304
947851972396421121
947851978033582080
947852041010991105
947852060304728064
947852110925848576
947852178093420544
947852322041982977
947852395530346496
947852450840612864
947852494646005760
947852642038026240
947852738406289409
947852762552913920
947852776670932992
947852790826663938
947852979432050689
947853115574902785
947853149657882624
947853264174841856
947853609609383938
947853638055145472
947853640529858567
947853714659987456
947853803222597632
947853807710621701
947853858889400322
947853939524939777
947853954666418177
947853956319010816
947854193162940419
947854293922648065
947854327896510465
947854433949544450
947854475900829697
947854494817165312
947854555278135298
947854583296032773
947854839681372160
947854891116003328
947854958807859200
947854968811393025
947854990005202944
947855021428920321
947855022716571648
947855110494965760
947855228661108737
947855269471641605
947855320038207488
947855357824634881
947855482173251584
947855519150206977
947855529602363392
947855609164193792
947855652017328129
947855722414559232
947855744711479297
947855775942225922
947855782657318912
947855802479476736
947855874852343808
947855905500082176
947855914920480768
947855936571392001
947856009581809664
947856070940250112
947856168109649920
947856176879947776
947856208429543424
947856241656725505
947856304521048064
947856329410011136
947856351648239616
947856449534857218
947856610868846592
947856611862818816
947856634755321856
947856669014405120
947856812510011394
947856858903085057
947856910098812930
947856911352893445
947856925076602885
947856950108270594
947857096170721281
947857105045934080
947857221022515200
947857323619487744
947857397153976320
947857421279559680
947857589282443265
947857632207036421
947857899442851841
947858096340242432
947858189101469697
947858366184923136
947858512801083393
947858527481196544
947858598129840128
947858705017602048
947858729139044354
947858777730174977
947858821321551872
947858825721339904
947858879249108992
947858879387439105
947859123844145152
947859203053453312
947859215179186176
947859303658147840
947859318799560704
947859357772931072
947859372469817345
947859392036327424
947859585666310144
947859730986356737
947859792940425217
947859872959234049
947859943994032129
947859957495541760
947859968174194689
947860100261253120
947860299205443584
947860324509724678
947860391899656192
947860661031317509
947860678395736064
947860682485260289
947860680119586817
947860741369090048
947860808024834048
947860834939801601
947860984969998336
947861046156513287
947861108106424320
947861217753825280
947861246153576448
947861251509465094
947861272892264448
947861321013514245
947861524865015809
947861526651850752
947861562332794880
947861570872397826
947861633992413184
947861652606799872
947861673087524865
947861706646188039
947861892181168133
947861912401989632
947861955569750016
947861994929090560
947862299544621057
947862335573643264
947862373402120193
947862443904167937
947862523629461504
947862627639791616
947862637722914818
947862794233315328
947863094189019137
947863151923617792
947863156730290176
947863247478231040
947863323294519297
947863325664337920
947863544430723075
947863589985103878
947863592262651905
947863600756154369
947863601926299650
947863666258477056
947863687125258242
947863735158431747
947863736018186240
947863749465116678
947863770617073665
947863784584105989
947863802065903617
947863894764253184
947864010514403329
947864011839803393
947864080689389568
947864099899224065
947864172414558209
947864388035375104
947864397120262145
947864406846734336
947864511456972800
947864590859276288
947864634505211904
947864650007416833
947864667875168256
947864676326658048
947864873458962432
947864945634529281
947864950344769537
947864963347042304
947864994745651200
947865084956692480
947865107866046466
947865285138071553
947865317585416193
947865339056001026
947865387445702656
947865420719185920
947865469129822208
947865515359457281
947865708939087875
947865859388788736
947865886295130112
947865896713719808
947865904896987136
947865929358114816
947866036828889093
947866060765696000
947866062015619072
947866126989643776
947866180571758592
947866262474018817
947866455705575424
947866457110728704
947866526320857090
947866543609843713
947866638879096832
947866732672245760
947866743556464645
947866744286216192
947866781053571073
947866838456766464
947867047425388544
947867089729138689
947867130308870144
947867330511388672
947867451970252800
947867523109871616
947867547919159296
947867552717463557
947867641410146305
947867649035456512
947867680014524416
947867821022826498
947868068532883456
947868101764411395
947868164695773186
947868609094729728
947868627591626752
947868638601711617
947868636856930304
947868652669243393
947869009738915840
947869040386637825
947869042232184832
947869203528237057
947869228362854400
947869397049372672
947869405245005826
947869582995415041
947869604893863938
947869634824425472
947869651035402240
947869746485235712
947869760389369856
947869839560978432
947869913821143041
947870041353150464
947870053982117888
947870130507321344
947870177114361856
947870241627009025
947870254125993984
947870272589361152
947870304222765056
947870311403401216
947870709870624769
947870749272018944
947870810672332800
947871131637288966
947871237082140672
947871351817363456
947871445882933248
947871524631072769
947871573968433154
947871662363508737
947871807276830721
947871852411703299
947871885496344577
947871920527208448
947871948800802816
947871960167534593
947871986780397569
947872033597255682
947872262291587075
947872275688124417
947872279832285184
947872376305225728
947872514830675968
947872581419458560
947872585315909632
947872625661042688
947872639456043009
947872686868516866
947872726311718917
947872750164692992
947872765499052033
947872824634544128
947872846474305536
947872854737027072
947872939323555840
947873112829374469
947873118252601344
947873134417412096
947873149194067969
947873205724897280
947873210229559296
947873248951205888
947873346410119168
947873359160860674
947873453750841345
947873521849466885
947873943209332739
947873979582296064
947874140165476352
947874202266284033
947874228254146560
947874231735521280
947874232503095297
947874244641415168
947874246839160833
947874279915319301
947874299091791872
947874567623774208
947874575194320896
947874654492020736
947874662687555584
947874668572180480
947874704425193472
947874743448981505
947874830325608448
947874972642562048
947875107648794624
947875139533918209
947875165970489349
947875199332110336
947875266742775808
947875399790485506
947875464143622144
947875513581948929
947875537720135686
947875623854399488
947875629554458624
947875692733190144
947875785863507975
947875910811832320
947875990092513280
947876053577601024
947876127187656709
947876217847500800
947876401973051392
947876500036112384
947876502347177987
947876504796651520
947876521921748992
947876635629547520
947876638691389440
947876707490463745
947876742106054656
947876784284069888
947876905197363200
947876926366023681
947876982859198466
947877140799873024
947877176057020416
947877181115465728
947877207661260801
947877374636580864
947877396224643077
947877412750184448
947877512381648896
947877528319950849
947877546221342720
947877641809522688
947877647345995776
947877683127554049
947877691839205377
947877707420979201
947877908995018753
947877922131660800
947878480083128320
947878499552985088
947878544415305730
947878746283020288
947878802813784064
947879048809676800
947879050281914369
947879109849468928
947879211641069568
947879247019995136
947879262824075264
947879413387005952
947879604076908544
947879621298675713
947879622678667264
947879648515559424
947879696506728448
947879745081020416
947879860264939527
947880027496034304
947880079442489344
947880120240324608
947880145280434176
947880235902619658
947880268085506048
947880292743827457
947880298980741120
947880391888789504
947880445340893184
947880496607977473
947880553600225281
947880574437425152
947880602736488448
947880612492382208
947880663511896066
947880736090140674
947880761692127232
947880846396219397
947881025111289856
947881039992672257
947881060108554241
947881176596992002
947881538175283200
947881558073102336
947881584685993986
947881587668119553
947881602541146113
947881627769851904
947881760972529665
947881770372026368
947881866836799490
947881911418085376
947881955399520261
947882033052778497
947882059112091649
947882062501044224
947882105656303618
947882151692734464
947882205782659073
947882210480320514
947882254100987905
947882348330221568
947882632397848576
947882778904887296
947883039702634498
947883039954173952
947883073324101634
947883090059448321
947883311128563713
947883348533432320
947883380728791040
947883384109518848
947883384969232384
947883517836447745
947883540787728385
947883557778808833
947883566263914497
947883601470853126
947883656131104769
947883725794217984
947883787072962561
947883823114670080
947883851765960705
947883886750691328
947883895114133504
947884173699747840
947884177604653056
947884188849655808
947884388343336961
947884453703180294
947884464612560896
947884537803091968
947884723610595328
947884776861700096
947884865562791937
947885155292553216
947885184438939649
947885357244338182
947885374117879808
947885442430656512
947885476953903110
947885607212212224
947885611561766912
947885630788460544
947885678414753793
947885725835505665
947885745804644352
947885787907018753
947885851668893698
947885909650890753
947886059203039232
947886121463287808
947886194825814017
947886274832207872
947886306876641280
947886371716427779
947886399629426688
947886626637860864
947886640810352640
947886685039108096
947886837787430914
947886863611826176
947886921958789122
947887093375799298
947887223818588161
947887376541540352
947887396879847425
947887407717896192
947887476567412741
947887619836383232
947887646839361536
947887660722507778
947887820970000384
947887842000277511
947887939077451777
947888066441687040
947888081478197253
947888162549960704
947888482051133440
947888521511145472
947888544462360578
947888599579742208
947888765313396736
947888778634334208
947888841234448384
947888868480765952
947888943370039300
947889059057356803
947889083858243584
947889093664534528
947889172290981888
947889197037301760
947889262426550272
947889485076975616
947889508464431104
947889546045292545
947889554467508224
947889696650219521
947889746080141312
947889809615241216
947889868130148353
947889882302730242
947889937063522304
947889954549530624
947889960086097920
947890040784523265
947890100955906048
947890169998344194
947890172900859904
947890204446265344
947890216450355201
947890238055157763
947890362995142659
947890419286802433
947890454296715264
947890510315876354
947890795733852160
947891114673168386
947891124261281793
947891287390347264
947891305870516225
947891472380067842
947891546883424256
947891548162637824
947891597143953408
947891650440974343
947892104247865344
947892105904623616
947892108677050368
947892152901820417
947892313988112384
947892359655776258
947892481873600513
947892547363405825
947892565625458689
947892681182728192
947892724082016258
947892774342418433
947892813080834055
947892888914071552
947892952084504578
947892968647790592
947893024092278784
947893037769936897
947893075644420096
947893095093407744
947893418931507200
947893573827121152
947893586967842818
947893649467215872
947893675069190144
947893907823710208
947893982218080256
947894074132049920
947894108290539520
947894130641907712
947894128238563328
947894408824815616
947894464793718785
947894478756392960
947894511451205632
947894571945680896
947894624827342854
947894789508395009
947894793497206784
947894989673164800
947895013651992577
947895082023256070
947895085492031489
947895103934345216
947895225376059392
947895318686982146
947895331475410945
947895399897059328
947895411209056261
947895461209362438
947895600485421056
947895781603921923
947895936075943938
947896026840616960
947896103214747648
947896141810675712
947896203244724224
947896230180466693
947896241568059393
947896275634212864
947896358463254529
947896393276035072
947896571722641409
947896699766308871
947896784600301568
947896933603074048
947896973297897474
947897002729328640
947897005061431298
947897089790537728
947897108388024320
947897194404810753
947897269310971904
947897321303498752
947897324734382080
947897348184612864
947897378719354880
947897425087422471
947897542632669184
947897594201722880
947897598760828928
947897640204857344
947897699830988800
947897842395435008
947897874398007297
947897920443047937
947897964235718656
947897978907496449
947898049359171586
947898084482338816
947898150571913216
947898216548392960
947898239977738240
947898295661289472
947898333544222720
947898355925114880
947898418218917888
947898456617684997
947898536640876547
947898571881410560
947898664915226625
947898701019742213
947898726827347968
947898781357535233
947898854464278533
947898872155779073
947898909405442048
947898953571426304
947899050573074432
947899121947611136
947899250322657281
947899319553855489
947899402571735040
947899431382331392
947899444611223552
947899506871422976
947899547510104064
947899576014565376
947899653634260992
947899673351802881
947899731921068034
947899739399442439
947899764204597248
947899931121082369
947899977216528392
947899993272279040
947900085890899968
947900108439539712
947900157999374339
947900194326302720
947900254019604480
947900310722416641
947900410970492928
947900433959407624
947900467870359552
947900469149659136
947900497880670209
947900505640054784
947900575089381376
947900678155927552
947900715380428802
947900757034045440
947900765242298368
947900841180237824
947900842627256321
947900875468656640
947900912630161412
947900936814505984
947900977801236480
947901005286559749
947901041835524097
947901049976782848
947901076916850689
947901408799608832
947901470191562752
947901605843697665
947901782616834048
947901787549421568
947901816569724928
947901979740827648
947902019221803008
947902039597764608
947902188508065793
947902192798838784
947902370880606209
947902546110287880
947902580348289024
947902609993748480
947902642994507776
947902842123247616
947903081487970305
947903135447683077
947903421012692993
947903663762300928
947903713175359491
947903758742192129
947903862874222593
947903879773147136
947903898915934208
947903914640330754
947903918977241088
947903932558381057
947904001118523392
947904092520763393
947904233491361792
947904326986616832
947904358523469827
947904408272154624
947904425712078848
947904464870084608
947904486802165760
947904576161796099
947904646030426112
947904729195180032
947904756739080193
947904896103256064
947904990957457408
947905015179612160
947905059395862528
947905059605663744
947905076953341957
947905091817869312
947905122759331842
947905323565768704
947905347632713729
947905400568889344
947905425130713088
947905450925871106
947905474493669376
947905485465968640
947905601203572737
947905716349755392
947905813917720576
947905837888045056
947906026015256577
947906045795594240
947906152767152128
947906288847028224
947906398381379584
947906455377727490
947906521924493312
947906575297142784
947906701604376577
947906740170891264
947906741802475521
947906763973713920
947906835041935361
947906860442533888
947906878952132609
947906951299571713
947907028126765056
947907319312142336
947907351012618240
947907471993077760
947907627996143616
947907757407195136
947907845584015361
947907932938735618
947907964081381376
947908228779737088
947908251189997569
947908267598123008
947908314595282944
947908379267223553
947908509303062528
947908521445773313
947908557424463872
947908752283439104
947908984153010176
947909022014955520
947909104810516481
947909197739544576
947909391327617025
947909475536703488
947909479638687744
947909744005668865
947909804403564544
947909833646333952
947909850163503104
947909907805859841
947909938931748869
947909999698874368
947910024239697921
947910184386678786
947910253005467648
947910318239375361
947910354193043458
947910409029373952
947910592228200448
947910624163565569
947910657730580481
947910762944753665
947910965202509824
947910981795155968
947911031015256065
947911119540228098
947911125613662208
947911263786622976
947911468707663872
947911596109647872
947911741068988417
947911871226621952
947911898498027520
947911965267120128
947912059458551808
947912195777720320
947912240165990402
947912315541868544
947912359141625856
947912358076256257
947912367240830976
947912404633038848
947912408806256641
947912471276335105
947912599735238656
947912684531539968
947912693419266049
947912783621971968
947912804782280710
947912937477496832
947913070357213186
947913076397019137
947913135444381697
947913201626308609
947913235805634560
947913280655421441
947913293242314752
947913384787369984
947913397877854208
947913499816034304
947913552681164800
947913580921409538
947913635359330304
947913666829213697
947913799268470785
947914003254317057
947914030794133505
947914109248573440
947914129712599040
947914193755426818
947914274076315648
947914321769697281
947914329990619136
947914365411495936
947914380263542787
947914411641069568
947914439612944385
947914510756601856
947914825497227265
947914844732379142
947914937229299712
947914961912778753
947915250434822144
947915350921768960
947915611027279872
947915686604627968
947915705319649283
947915762790027264
947915815415885825
947915838115536897
947915921879859205
947916018508288000
947916138104741888
947916210590703617
947916357273866241
947916407018270720
947916577587871744
947916584902897667
947916633640665095
947916676116484098
947916770295283712
947916773998899200
947916827572736000
947916912742293504
947916935915765760
947916963317153793
947916966395891714
947916969780678668
947917032695230464
947917110033993731
947917157882585088
947917281694187520
947917475370471424
947917563148800000
947917629007847425
947917670078386178
947917706380107776
947917847912763392
947917889604009989
947918008600682497
947918133049864193
947918224963891202
947918246220623872
947918263081754624
947918352151908352
947918370439094272
947918460063043584
947918467700854784
947918484192878593
947918520310001664
947918595488669696
947918635292430336
947918674987536385
947918867086667778
947918898141286400
947918968244883456
947918970841157633
947919019062984706
947919072645271552
947919165918208000
947919212009394176
947919286676357121
947919293269786624
947919323338813440
947919381832577025
947919387930984448
947919582886596608
947919609843408896
947919667754098688
947919722439479298
947919799874703360
947919817062875136
947919849292001280
947919854517891072
947919869495971851
947919887942471685
947919943760261120
947920077948686336
947920149092491264
947920177181679616
947920184035168256
947920192453169152
947920230772338689
947920231640518656
947920271012397058
947920362322497536
947920415892168704
947920458246012928
947920463317024768
947920553909813249
947920602878398464
947920656477417477
947920797976457216
947920804179791872
947920880478375941
947920895275950081
947920903110881280
947920929291677696
947920984308441089
947921025676824578
947921047587901442
947921116986859521
947921288731004928
947921300986781696
947921348231352323
947921423615582210
947921429852512256
947921450694053888
947921463381757952
947921507044360192
947921511737888768
947921550992388096
947921560043687937
947921567471849473
947921601005309953
947921650401599488
947921658861539329
947921713102286849
947921784233394178
947921836423172102
947921858627764224
947921924037992448
947921955424034817
947921956560687105
947921970326331399
947922031651315713
947922037368086533
947922151176318976
947922257715843072
947922317006573568
947922379900182529
947922418772987904
947922436007264262
947922447738826758
947922506719137795
947922528814731265
947922533579476992
947922586343796737
947922616672837633
947922624717426688
947922665108537344
947922672683573250
947922763402153984
947922841898504195
947922862622560256
947922874437918720
947922984311971840
947922985947627520
947923054763630592
947923099298746369
947923107641217026
947923243025002496
947923428484571136
947923441159634945
947923468930179072
947923488127537152
947923524383100929
947923526064975872
947923536756314112
947923559522951168
947923609527472128
947923748044369920
947923946892152833
947923983172755456
947923988629553154
947924059844759552
947924066551386112
947924078232563712
947924084893024261
947924126081024000
947924126559117312
947924163431452672
947924170716872705
947924217529585664
947924302015246337
947924304049688576
947924311691624448
947924326757437440
947924414825488384
947924579141455873
947924619666841602
947924644052443136
947924777200766976
947924818183192576
947924854732242944
947924903210168321
947924936353550336
947924995275190272
947925007505772544
947925113214607360
947925146085490689
947925156965638145
947925175714029568
947925202083696642
947925217720053761
947925227895508992
947925302856093696
947925398972706816
947925421340884994
947925427527434241
947925468896026624
947925473622818816
947925483336929288
947925519550558208
947925540341772289
947925578493067266
947925604296470529
947925667903045638
947925760710504449
947925763873009666
947925828121317378
947925933935165448
947925991523082240
947926012150530048
947926038910300161
947926225401536513
947926230124425222
947926239611932672
947926280078548997
947926315449180160
947926321929207808
947926327843319813
947926352354795520
947926441659895808
947926497439993856
947926521553084423
947926541148868608
947926681574133760
947926687819460609
947926694123528193
947926702793031681
947926725241069568
947926751178579969
947926863296565248
947926863858593792
947926949867016193
947926969601183744
947926985635966977
947926985296277504
947927008125825024
947927113654521856
947927241857617920
947927391636279296
947927408107249664
947927495877283843
947927500600041474
947927506518241281
947927520074182656
947927539376410627
947927546536120320
947927548603793408
947927613171003394
947927619823067136
947927655348707328
947927667403210752
947927671333322759
947927742481354754
947927766237896704
947927814426198016
947927822592610305
947927835452280833
947927857019449344
947927904545067008
947927932198060033
947927950783143936
947927953966374912
947927970789974016
947928035851952133
947928093758455811
947928242609991680
947928263539810305
947928265016119297
947928356661743616
947928368112132096
947928406695600129
947928408562061318
947928417961463808
947928438979137537
947928485573644288
947928486261481472
947928489075855360
947928519639814144
947928590687096832
947928649075970055
947928694840061958
947928819515777040
947928842496282625
947928867544715264
947928903334711296
947928914520928256
947928965859160066
947928989644890112
947929008150327297
947929182696300545
947929228250664961
947929241517207552
947929253269659648
947929456311750656
947929459386212352
947929569419563014
947929583772487682
947929595478671360
947929640101957634
947929653410455554
947929876434182145
947929948731219968
947929978808741894
947930090012336138
947930117329838080
947930179925630977
947930210711887876
947930224716582914
947930248372477952
947930253112070146
947930330555699206
947930340403924993
947930355658645505
947930357923483648
947930450860826624
947930468883734529
947930547250192385
947930632629440513
947930662417457153
947930677143629829
947930764888494080
947930781262929920
947930886221324289
947930936624238592
947930978529497089
947931116392067074
947931178568478721
947931203415486464
947931210390687744
947931283514187776
947931313255960577
947931364476833792
947931425755549697
947931445473042434
947931519993204737
947931553589596163
947931555170746373
947931567069978624
947931605192069121
947931668865839106
947931680001667072
947931734028337152
947931736947789825
947931808947195904
947931851221553152
947931905386827777
947932014170312704
947932025926897669
947932033598312454
947932122270130177
947932263530057730
947932306173517824
947932425635729408
947932423349768194
947932455083929600
947932602849267717
947932698454224896
947932732901949447
947932754401996810
947932764388675589
947932774383702016
947932859460980736
947932893816459265
947932928075583488
947932928469798913
947933130329149440
947933133877469189
947933149329281026
947933153271967745
947933190068596737
947933243260784640
947933270704033792
947933305135124480
947933334746947584
947933593896185857
947933729909075968
947933736238305280
947933790114021377
947933936155615232
947934057534574592
947934087469260800
947934125033476097
947934126237208576
947934223473741824
947934508543815680
947934513891561472
947934664530030592
947934694233874432
947934718909181960
947934775456817158
947934930826391553
947935074955268097
947935089073278976
947935129183195136
947935165636071424
947935173693394944
947935179104022529
947935207784615942
947935209336508416
947935237614526464
947935246774865921
947935274763464704
947935290257235968
947935316878462982
947935347673006086
947935355562594305
947935366157303809
947935458050396161
947935532079775745
947935539940020224
947935560970227717
947935593782239238
947935609900929025
947935630436204544
947935747549614080
947935761202139136
947936094544449536
947936145366757377
947936151402418176
947936175679070209
947936178770251780
947936256704630785
947936404075614208
947936528113766401
947936531909574656
947936534594023424
947936703905521664
947936779730145280
947936805718028289
947936813691289600
947936814362451968
947936816514191365
947937031623233537
947937045023948801
947937064049414149
947937101672304641
947937103114932225
947937104587243520
947937142034042885
947937162099613701
947937176913838081
947937191220703233
947937266252632064
947937377439354880
947937394032021504
947937811717672961
947937911013543936
947937966000934914
947937970736246785
947938097567879169
947938125300428800
947938177620246528
947938441601404928
947938532160561152
947938593191989254
947938865775562752
947938896398241798
947939063725789185
947939218168401920
947939264163139584
947939397734948869
947939579620970496
947939631726759936
947939637313638400
947939694230294529
947939707694043136
947939709187166209
947939837637742593
947939981632397312
947939991086395392
947940062125228032
947940244204158977
947940372281511936
947940391764062209
947940481916440576
947940612438941701
947940612493467648
947940691652509697
947940699978297349
947940851732418560
947940888780660737
947940891360219142
947940892220026881
947941000512712706
947941012042866688
947941088488230912
947941127730159616
947941174488203270
947941216800464896
947941276745318400
947941341799112704
947941371612155911
947941548922204165
947941602252730370
947941829214900227
947941831010119686
947941899003981824
947941946697420800
947942001957396486
947942079338033152
947942159487066112
947942238331523072
947942442531254272
947942495341727744
947942563683667968
947942580205113345
947942603382775809
947942626665402368
947942710274658305
947942776305602560
947942836531367937
947942852994240512
947942854084759552
947942895713161219
947942907255734272
947942960112521216
947942996460429312
947943049266716672
947943102911741954
947943254351368192
947943274928660482
947943291160547329
947943341513232384
947943395091271680
947943416045879296
947943452892901378
947943524112240640
947943543317950464
947943753356111872
947943755449098240
947943794091143168
947943847669137408
947943920788496384
947943930137579520
947943973670309889
947944020877217792
947944078540492800
947944204935815168
947944263379234816
947944272627724288
947944292840034304
947944307310432262
947944556225548289
947944558863806466
947944590740467713
947944656519794694
947944732906414080
947944792482136064
947944807338577921
947944898287755264
947944932383318016
947945001585184768
947945028269367296
947945063031730176
947945184431570945
947945201988984834
947945311095459841
947945374089609221
947945472227987456
947945537306849280
947945549776371712
947945683847450625
947945701362806785
947945750016790528
947945784858771457
947945808388874240
947945844300500993
947945861828444160
947945990723653633
947946115420311553
947946272136351744
947946272102797313
947946281946796032
947946527984635904
947946553460822017
947946707551162368
947946712483627009
947946814522707969
947946899394433024
947947021092249600
947947211324870657
947947215896576000
947947281080307718
947947375661809664
947947645141704704
947947665928654848
947947725324251136
947947738402082816
947947821000548352
947947835705712641
947947834728505345
947947863178465281
947947901820592130
947948090220253185
947948156544864257
947948157610192896
947948204347281408
947948210718429185
947948227227148288
947948339512954887
947948392071749637
947948394672205824
947948483134271490
947948605876461568
947948701162655744
947948773321465857
947949078272503818
947949128520273921
947949190533050369
947949281679413248
947949295386361857
947949309449965569
947949393415671808
947949412126478336
947949419391045632
947949448520519681
947949499225387008
947949600375214080
947949615588012034
947949671355420672
947949757087076352
947949868785553409
947949865480413185
947949923579957249
947949971139112961
947949988528754690
947950084666380288
947950092488773632
947950168992759808
947950176815210496
947950180279734272
947950192338391047
947950239742414848
947950252333715457
947950290329849856
947950376501874689
947950445212954624
947950571981590535
947950634321375232
947950722519306242
947950759395713025
947950816660525059
947950925586542597
947950942305116160
947951090401730560
947951101957074944
947951231405821957
947951624852525058
947951863344848898
947951959415447552
947951964641472514
947951992533594112
947952013073100800
947952112276836352
947952184024543232
947952394821931008
947952398303203328
947952416837767168
947952544801681408
947952599969476609
947952627110817795
947952658987483136
947952707108818944
947952707503083521
947952729359560704
947952746304606209
947952757037780993
947952770736381954
947952870581776384
947952903796424704
947952935606145027
947952994544472064
947953012508712961
947953038328844288
947953043919855616
947953083283361792
947953112270233600
947953127591886848
947953171086888960
947953243186978816
947953267237117952
947953293841530880
947953294613319682
947953467087302656
947953479808684032
947953508111839233
947953509571407873
947953545780789249
947953644699340800
947953662743252995
947953800144449537
947953819186597890
947953823267672069
947953973121622017
947954015949742080
947954018508263425
947954042143215616
947954104105496576
947954110820749312
947954225790836736
947954244774133761
947954320540164099
947954396280827905
947954544817922048
947954648631177216
947954692079964160
947954719170940928
947954727698010122
947954752779882496
947954770186293248
947954878432858114
947954888662806530
947955087011434497
947955178090782720
947955235196194816
947955370739331072
947955412007051264
947955416700420096
947955482333007875
947955503082110977
947955531251175424
947955569322799105
947955572317532160
947955579347140608
947955595012919297
947955609466531841
947955623823593472
947955672523689984
947955720586186752
947955770674597893
947955830690926592
947955851599507456
947956089101914112
947956110786428928
947956214461272065
947956225349734401
947956540308324352
947956703957602304
947956855422275584
947956856449794048
947956945968926720
947957212210589696
947957233350008835
947957246897639424
947957360890433542
947957392171585536
947957447364366336
947957467702616064
947957672187514880
947957768400588801
947957791981015047
947957793608396800
947957820334501895
947957924575444992
947957946570498048
947957969240645632
947957997988392963
947958215718907904
947958239957790721
947958299332313088
947958331473358848
947958346153328640
947958379976077312
947958422745608193
947958519222997002
947958532472819714
947958646356566021
947958760588398594
947958850833080321
947958929333669889
947959165561004033
947959254870319104
947959258783649798
947959284134043648
947959347430047744
947959354866765824
947959452459831298
947959477889916928
947959526447251459
947959530893316096
947959565076791296
947959590783733766
947959744890798081
947959776746639362
947959817469087744
947959969659449345
947959974549913602
947960013405945856
947960040803184640
947960187704561664
947960313072173056
947960353991913478
947960360694317056
947960439949971456
947960475530166272
947960540457992192
947960649157455872
947960753629384705
947960945367797761
947961030583443457
947961066906112002
947961174632562688
947961414844641280
947961440866111488
947961501968687104
947961505256964096
947961641228029952
947961652183519232
947961726938607616
947961763374526471
947961906488279040
947961914751152129
947961930135818240
947962043339911168
947962073295806465
947962093516591104
947962154837094400
947962215998676993
947962260827394050
947962348068855808
947962428486311937
947962447046107142
947962561466572800
947962590180859904
947962663249874945
947962680916217856
947962851083407360
947962889125511168
947962912794177536
947962936005398528
947963008474664960
947963079941410816
947963100732510208
947963175072358400
947963201425113088
947963314486865926
947963323810811904
947963466425528321
947963570444275713
947963593093472256
947963597535277057
947963612462804998
947963624294793216
947963627922960392
947963677633925127
947963696537591808
947963699003838464
947963858278379520
947963872866168832
947963891816026113
947963993964019717
947964020501258240
947964057109360640
947964134431297539
947964199367532545
947964397883928576
947964470445445121
947964485012283392
947964488745185283
947964616927260672
947964686544359426
947964696530968576
947964697000718336
947964707775897600
947964716915281920
947964927200940033
947964967587852288
947965001922502656
947965065340309505
947965080288858112
947965087511400448
947965145191415808
947965248526520320
947965435441541121
947965444408987648
947965489850015745
947965662181384192
947965674458107904
947965675045343232
947965791814631424
947966105792012288
947966166542307329
947966177711742977
947966229448417282
947966365977272322
947966406179606529
947966561280774144
947966594105389056
947966615861284865
947966884498026498
947966962663030791
947966968346312706
947967027976851457
947967123091087360
947967286824095745
947967306864275456
947967440511696896
947967476402331648
947967479443210240
947967558904434690
947967590055469057
947967757433364481
947968068642250752
947968177136459777
947968259839676416
947968587737812992
947968740821364736
947969035186130944
947969222705065985
947969641502134273
947969662788210688
947969703745609728
947970414327812098
947970552165294080
947970676937445377
947970937433051136
947970964159164416
947971170183340032
947971331324350464
947971382830395392
947971428732850177
947971581606875137
947971672241573889
947971915372736512
947971924315066369
947971989641232384
947972056460742662
947972075888799745
947972261864239105
947972400930488321
947972522225659905
947972602563350528
947972687330201601
947972770452865027
947972854552948737
947972882184806401
947972895036313600
947972951856635904
947973024296460291
947973151257976837
947973220644347904
947973288478806017
947973352639160320
947973518381154304
947973663160193025
947973688049233921
947973789257818112
947973906023043073
947974168330625024
947974180636635136
947974227281317888
947974255513423872
947974405468114945
947974492588068869
947974519096070145
947974581083607040
947974809643814919
947974818397392896
947974844414615552
947975002145673216
947975030931054592
947975182345555968
947975269595406337
947975315120381952
947975372959821824
947975449602416641
947975481051222022
947975555827113984
947975746449948672
947975871817805825
947976004747845633
947976101921423360
947976258947870722
947976326232854529
947976348965928961
947976366737297408
947976687387594752
947977154129747968
947977376608260097
947977536729907202
947977570288635904
947977893082206208
947977986657091584
947978053313024000
947978273585336320
947978277238525954
947978421971415040
947978833189392384
947978861773574145
947979233900531712
947979970768498688
947980305301782528
947980411162021888
947980512836145158
947980586559397892
