984581977448767488
984582056456998914
984582810668158977
984583814252032000
984583961237180418
984584576831025152
984584564638146561
984585079044362240
984585180747915267
984585821054492672
984585923546542082
984586624297259009
984587005324476416
984587091504979971
984588138092740608
984588201389064195
984588203423346689
984588268930064384
984588309518274563
984588366896402432
984588508588335105
984588576133394432
984588847697756160
984589085007200256
984589335415721984
984590084266741760
984590320175403008
984590454938357761
984591485709553665
984592036333371392
984592777311907840
984593349381427203
984593363725881345
984594488701136896
984595339737907200
984595414874836995
984595537977540608
984595630994665472
984595982938771458
984596562713219073
984596753902170112
984596947532206080
984597070232281088
984598946063552512
984598981283139586
984599423387885569
984599801273704448
984600131118030848
984601175122210818
984601346761461760
984601860408561664
984602076952125440
984602104583962624
984602194879053825
984602913396813824
984602990781775872
984603686931484673
984603694950825985
984603726777344000
984604137076617216
984604623892774913
984604913958313984
984605159211913217
984605509692084225
984605711559741440
984606040997195777
984606199931916288
984606281834131456
984606944391585794
984607140135321600
984607600993095682
984607620861394944
984607947648110593
984607989326852098
984608597463175170
984612012268445696
984612170829713409
984614415394918400
984615275420114944
984615503632224256
984616729065111552
984617199137579009
984617549181673472
984619246394138624
984619972923215872
984620498687483904
984620748609327104
984621394989408257
984622037045047296
984622243673137152
984622430772703232
984623248183873536
984623691999993861
984626915259674624
984627085816881153
984627266775760896
984627571760484352
984627578932727809
984627754443288576
984628104097185792
984628217779810304
984628265607487488
984628343227256833
984629043717902341
984629349755293696
984631056237318144
984632302041841664
984634413484052481
984634713318023168
984635117921587200
984636273628467202
984637333390557185
984637872736120833
984638378959364096
984638655573692416
984638668387307520
984639527770820608
984640103933992960
984641704178274304
984642018075860995
984642242886463489
984642364823109636
984643259766116354
984643541128433664
984643644740259841
984644286082842624
984644458191966208
984644598906736640
984644688434094080
984644768658612224
984644828590956544
984644920223952896
984644961252540416
984645166832156673
984645253838798848
984645308914241536
984645389042241536
984645442175631360
984645507770408960
984645566641639424
984645628281094144
984645779414544385
984645848683438080
984645997556064256
984646113490857985
984646149947654144
984646196240224256
984646249470218240
984646301420871680
984646382375096320
984646452289908736
984646497408036865
984646562071670784
984646564403728384
984646695748239360
984646742846124032
984646973906137088
984647013651419136
984647101983481856
984647398780682240
984647745960054784
984648911360061442
984649185776586753
984649239199404032
984649264830861312
984649470896832512
984649537242517504
984649625348042752
984649936343101440
984649976402927616
984650063376015361
984650156627898368
984650259132493830
984650334101524480
984650342515314688
984650384143765504
984650590109171714
984650655406141441
984650675551440896
984650763367575552
984651190456799233
984651400742305792
984651499123945472
984651756364861440
984651814225240064
984651877223714816
984651948703051776
984652026431893504
984652437645492224
984652764818141185
984653116913176577
984653152623480832
984653556094504960
984653695739744256
984653805106196480
984653913902272513
984654014015995904
984654213606248448
984654216059899904
984654348851597312
984654386713505792
984654446243270656
984654512479584256
984654533841379328
984654605018648576
984654720663990278
984654799328202752
984654860221116416
984654914558324736
984655096825958400
984655217353527296
984655259653025792
984655418399084546
984655454818226176
984655865121779712
984656080000241664
984656108005613568
984656163722743812
984656476009648129
984656504795160576
984656529621159936
984656586667909120
984656799436550144
984656909033713665
984656931129348096
984656949785526273
984657157651095552
984657239666544640
984657391001264128
984657551106232320
984657609746563072
984657639794774023
984657798465310720
984658081719160832
984658187365371904
984658990742241281
984659010770137088
984659066910904321
984659342711508992
984659401884749825
984659489587650560
984659599000260608
984659788603764741
984659793150447616
984659873249071104
984659998818095105
984660029663047680
984660032208998400
984660152170221568
984660170490957824
984660242423218176
984660350061760514
984660429988417537
984660496233259008
984660556337606656
984660770234486784
984661043568959488
984661329481908225
984661582708953088
984661677999181824
984661701407764481
984661793124610048
984661868726792192
984661892860993536
984661939392581632
984661975899758592
984662016844554240
984662096951508992
984662273892462592
984662493938188288
984662496354054144
984662496744280066
984662505476837377
984662636167081990
984663124405116928
984663207653593088
984663210082041856
984663293129314304
984663400906219520
984663510004232192
984663529478393856
984663688056659968
984663702849904640
984663863869231105
984663915173785600
984663934409027589
984664194736906240
984664259962593280
984664381576368128
984664460601233408
984664507959201792
984664600170913794
984664647881101312
984664735642767360
984664757197312002
984664792605569024
984665070385889283
984665503611441152
984665514038497280
984665566563749888
984665625426583552
984665648600158208
984665740954472448
984665742305038336
984665778892001280
984666043443482624
984666078147162112
984666112121081856
984666306409615360
984666375925977088
984666477696573440
984666481274380289
984666635272359937
984666647016431616
984666824993275905
984666976906858496
984667159648448512
984667186525548544
984667226354733056
984667355929305088
984667357271425024
984667379094425600
984667529887887360
984667531565850624
984667745554960384
984667782766833664
984667870423666688
984667994830893062
984668018813915136
984668115698114561
984668118705467392
984668235084849152
984668313732214784
984668398851444736
984668453058555904
984668574940884993
984668690175201280
984668711931076608
984668782768672770
984668850049441792
984668905519054848
984668960347054080
984668961408155648
984668976599924736
984669036574334976
984669054853148672
984669062113329153
984669173174427648
984669190106812416
984669204296228865
984669243588431872
984669478343634944
984669902861688832
984669965528780802
984670066825457664
984670174061170688
984670261533446144
984670281540276224
984670315493117954
984670359747252224
984670428718419968
984670453531856896
984670774643580928
984670817370984448
984670918038425600
984671024963899392
984671036305162240
984671206719795200
984671285832642560
984671286394630145
984671335585665024
984671496168763392
984671747789152256
984671774313992192
984671781414998016
984671812750626816
984671855104716801
984672060554272768
984672196357509121
984672247888695296
984672448091185154
984672468274212864
984672510242316289
984672583730675717
984672767596314624
984672893798961152
984673002964037632
984673020588576769
984673097432395776
984673108844888064
984673300084412418
984673433165467648
984673479588007936
984673518133678081
984673626845798400
984673673255772161
984673709687484416
984673773583589377
984673806047297536
984673860594388992
984673993746800642
984674013158010880
984674043990331393
984674087594229760
984674182343614464
984674213511516161
984674423717449729
984674456328171520
984674488443908097
984674511080566784
984674535730376704
984674538607775744
984674609088868353
984674670619299840
984674901087809536
984674901272350720
984675044088582144
984675066007834624
984675187646922753
984675317645115393
984675503603945472
984675608578969600
984675705144397824
984675721036562433
984675803991625728
984675829966954498
984675885365293056
984675896148754433
984675968680947712
984676125820571648
984676246939422720
984676370902069248
984676449440419840
984676461004181504
984676492981555200
984676513336446977
984676535771770880
984676540888821761
984676592604631041
984676624300900352
984676761035210759
984676763618955265
984676905797304320
984676944879828994
984676996310618117
984677023896539141
984677034944327681
984677128737304576
984677227295014912
984677262623555584
984677358820044801
984677387500650497
984677392768749568
984677413346045952
984677451954573312
984677570456236033
984677592979554304
984677594426740737
984677712391540736
984677776170078208
984677967308754944
984677968923459585
984678166185889792
984678201141194754
984678208661540864
984678301280202753
984678345894920192
984678448600965121
984678635692068866
984678778562543616
984678839346434048
984678840290172928
984678889967505408
984678965448183809
984679074965671936
984679110080434176
984679346341335041
984679375764381697
984679406827442176
984679412825296897
984679415694192640
984679457104519168
984679474393468928
984679476738101248
984679496891686912
984679588042280965
984679632971550720
984679643356778496
984679698839064576
984679720452263936
984679811527397376
984679839037886464
984679900199161856
984679938686152704
984680095393738752
984680156823506945
984680173353226240
984680184862380038
984680234913017856
984680256471752704
984680299643789312
984680350197714946
984680394158235648
984680533308379136
984680669329739777
984680725629820928
984680760069246976
984680839983304706
984680891564855297
984680924204986368
984681006337798144
984681082464464903
984681124231307264
984681138290675712
984681193688981505
984681301126066176
984681348492414976
984681376917147649
984681408462540800
984681450623655936
984681473855901696
984681513731096576
984681550259326977
984681647844085761
984681656169779200
984681687610265600
984681773576654848
984681846133985280
984681880585826304
984682001180618752
984682142188949504
984682242176966656
984682305439576065
984682333616865281
984682411962314752
984682423538634752
984682467004239872
984682532867395584
984682537871167488
984682626320494592
984682659187232768
984682718784053250
984682816540676096
984682840293027840
984682868369698816
984683000926523392
984683046027882496
984683185815674881
984683291671433216
984683511436201985
984683651123351552
984683667514589184
984683719557513216
984683982401998850
984684087490371584
984684150773907456
984684164564815872
984684239684882432
984684324598542336
984684343061876736
984684542685515776
984684594208243712
984684705219047424
984684759992406016
984684795090358272
984684805823574017
984684859527397376
984684876447203329
984684896345120768
984684946139897856
984685025873612800
984685054839476224
984685096505630720
984685197441622017
984685239946678272
984685253737504773
984685274398674944
984685293541515264
984685386092957696
984685406603169792
984685509443284992
984685519341785088
984685709393985536
984685801589141505
984685843083382787
984685845419642880
984685884418265088
984686029394403329
984686044518985730
984686100609404928
984686102027145216
984686229538164736
984686304079343616
984686368436649984
984686488511184896
984686508060893184
984686873275707393
984686901054595072
984686963524538368
984687103543070720
984687208878788608
984687270836891648
984687273215082497
984687293708546048
984687326356963328
984687328043126784
984687372808974336
984687444271431680
984687466241196032
984687558360752128
984687664938053635
984687678431154177
984687754905665536
984687856659697664
984687961232068608
984688040424730624
984688140970577920
984688192753414144
984688250030870529
984688359640567808
984688544118538240
984688742551212032
984688776835284992
984688920305848320
984688960982212609
984689137918861313
984689174908370944
984689254830891008
984689282425278465
984689296425803776
984689335562915840
984689358136643589
984689398229778432
984689398984753152
984689440831361024
984689529754935296
984689559194791937
984689673363775488
984689787872440320
984689803810795520
984689818176237568
984689873398444032
984689893237338112
984690007733620736
984690012947144704
984690118299668480
984690194250174465
984690268917194752
984690333505159168
984690421547888640
984690441013559296
984690495854120960
984690569078173697
984690575273353216
984690631242022912
984690680256712704
984690744773566464
984690894078185473
984690997744545792
984691019366182912
984691054787080192
984691112253194241
984691142011834368
984691180519780352
984691206725791746
984691262996480010
984691283942887424
984691380969713664
984691464205750273
984691467905044481
984691497185390594
984691541879992321
984691543985487873
984691595244027906
984691667495251969
984691713146048512
984691728270716928
984691745748344832
984691841864880129
984691931790872576
984691965349507073
984691997767159808
984692026489753600
984692057376686081
984692150137970689
984692162758631425
984692212251414529
984692269516193793
984692290315841536
984692302873612288
984692317893382144
984692334037217281
984692394485600256
984692447488946176
984692450861174784
984692509925355521
984692647985106944
984692650791104512
984692705006620672
984692729618878464
984692767027879937
984692814201196544
984692926050717697
984692938218397696
984692956836909056
984693051787538433
984693071165165568
984693216812437505
984693246944215042
984693298978852864
984693399390507008
984693444483473408
984693495351803904
984693496610205696
984693506835968000
984693623798280192
984693630609838080
984693677569314817
984693710909820928
984693746267717637
984693787988504576
984693804656680960
984693807773044737
984693823694622720
984693843982454785
984693863897096192
984693897300467712
984693923321917440
984693988052619264
984694022546567168
984694039969660929
984694163152277504
984694215702663168
984694215794978816
984694216948355072
984694267611373568
984694382426247168
984694460452950016
984694488466632706
984694489175482370
984694582456848384
984694586411905024
984694586600710144
984694586327969792
984694587116548096
984694669576679424
984694716766785536
984694774094426112
984694822400417792
984694844286173184
984694857141760000
984694871972704257
984694887324012545
984694939983515648
984695004080803840
984695042425094149
984695059080761345
984695091666223104
984695112281321472
984695244397731841
984695372407885825
984695471011778560
984695820963450880
984695896767115264
984696043207045120
984696082318970880
984696102812291072
984696104267730944
984696129840349185
984696209339244547
984696212971507713
984696317728391169
984696321360777216
984696355900788736
984696358111195136
984696550373834752
984696555474247681
984696593847857152
984696630724218880
984696720834678785
984696731907624960
984696861406760960
984696900271165440
984696922337193985
984696948967006208
984696973629509635
984697042558693376
984697048778784768
984697151153430528
984697182816292864
984697327364526081
984697330564784128
984697347455225856
984697351175581696
984697359266402304
984697379252244480
984697413200998400
984697559586410496
984697692482830341
984697726230081536
984697767955259394
984697798460395522
984697815581560832
984697961652326405
984697963472674816
984697991654076416
984698061996941312
984698093336752128
984698110663450626
984698129533558784
984698133279068160
984698175830228993
984698177340108800
984698324375801856
984698328263938048
984698338011299840
984698338682462208
984698346886529025
984698462368354304
984698485428629504
984698496409325568
984698529976381440
984698729352650752
984698988975837184
984699083611951104
984699094496096256
984699116533010432
984699249026830336
984699250662694912
984699261593022464
984699271302836225
984699488358068224
984699651097014274
984699798010974209
984699908996419584
984699931293356032
984700043285467141
984700064840015873
984700143197966336
984700233090240512
984700247703203840
984700259883503616
984700260449751040
984700330561687552
984700374387851264
984700430805622784
984700508370882560
984700508379209728
984700591510343680
984700670220689409
984700752223404032
984700763631792128
984700848637906945
984700892787113984
984700930779242497
984701040145682432
984701073385512960
984701098761097216
984701159276449792
984701218642714624
984701268907249664
984701343750410240
984701353003012098
984701461253820416
984701497379360768
984701506791378944
984701560155463681
984701737284993024
984701760378896384
984701765189885952
984701803378900992
984701809288728577
984701845007425537
984701858353696768
984702113107374080
984702136771637249
984702138084417536
984702143226560513
984702205335887873
984702223631441920
984702283433893888
984702353550053376
984702434735017984
984702554041929728
984702638611685376
984702649437184000
984702710523064320
984702721956560896
984702723185504256
984702724573880320
984702725853102080
984702726951944193
984702728109604865
984702819524579329
984702903070937088
984702951963807744
984702956447653888
984703068079042560
984703070713073665
984703125809483776
984703135657742342
984703135255007232
984703181233016833
984703209817235456
984703279170031616
984703353325318145
984703391648624640
984703431188340736
984703502235656193
984703619109937153
984703670641143808
984703720867991552
984703767017938944
984703903618002946
984703998811885568
984704005514424320
984704056198418432
984704112393629696
984704241678897152
984704292790657024
984704320405999616
984704347056541696
984704373002555392
984704391709110272
984704397040119808
984704403641860096
984704489839058944
984704550983667712
984704593043980288
984704651726598144
984704772749045760
984704891049431041
984704910993305600
984704951296385024
984704987761487873
984705140803493888
984705179500072960
984705225465442304
984705271837675520
984705312291569664
984705313038192642
984705393434734592
984705495234744321
984705529640636416
984705548200415232
984705690827542528
984705802308063233
984705816837132288
984705826089783297
984705827515723777
984705888714928128
984705967504883712
984705990724550656
984706010203000833
984706020084801537
984706038904639488
984706184270761985
984706251002036224
984706258686144512
984706373916266496
984706396901036035
984706402949136384
984706444552359936
984706455361212416
984706505436991490
984706533601640453
984706572290011136
984706634550317056
984706667584475136
984706671766274048
984706678762373120
984706773625049089
984706789383041026
984706884354490368
984706888171491333
984707021151850496
984707081172381697
984707103943217153
984707124054798337
984707159039475713
984707243466637313
984707246214074368
984707263142285312
984707268431306753
984707351960801280
984707393811550209
984707408705572869
984707428074835968
984707449855856640
984707527693697025
984707557611720705
984707717074948097
984707800424005633
984707896574382080
984707906473025536
984707975741919232
984708057463738368
984708117010186241
984708126417928192
984708128083267584
984708142645858305
984708251190112257
984708282324520960
984708327237193728
984708398011760640
984708406899564545
984708464323768322
984708585111412736
984708670129876992
984708670209445889
984708801185091584
984709034627551232
984709055229939712
984709102118100993
984709295697735680
984709310709207040
984709357832146944
984709361099595776
984709373665693697
984709392527339521
984709484751851520
984709488648208384
984709557145559040
984709601194016768
984709613839929344
984709625277767681
984709667623337985
984709684849446912
984709710489235456
984709715606364160
984709746036035584
984709755099807745
984709794824155138
984709801803501568
984709920623865858
984709940655910912
984710003864023041
984710031231905792
984710070201126912
984710130028523520
984710146021580800
984710241475612672
984710265102127105
984710402679468032
984710573337145344
984710604878426113
984710617260089344
984710759597985792
984710828405481473
984711017245503488
984711202910670848
984711240609083397
984711371542712320
984711408012201984
984711418988687360
984711462575923200
984711502107115520
984711531198902272
984711552396943361
984711570289774592
984711579202617344
984711675097092096
984711847684268032
984711868861337600
984711876373352448
984712040844492800
984712062231367680
984712075019735040
984712088412213248
984712145274155008
984712168858947584
984712202841153537
984712238295642114
984712266779189248
984712309443563520
984712371116572672
984712377533779969
984712386325221376
984712446773530624
984712450569367552
984712535244001281
984712634535735296
984712645126344704
984712705423572992
984712730803359744
984712825380597761
984712838248878080
984712840383692800
984712864496799744
984712931303620608
984712961381027843
984713085343666178
984713091949658112
984713134953959424
984713143141138432
984713157808705537
984713164263772161
984713196979326976
984713225685143552
984713226389741568
984713234837106688
984713237773078528
984713251073282048
984713312171626496
984713382514356224
984713496016408576
984713530480852992
984713601528356865
984713604841787392
984713639839059969
984713655202795520
984713719866413061
984713776120426496
984713860258189313
984713989862166530
984714002675748869
984714003153936384
984714031104778240
984714079393796096
984714232662036480
984714256993136640
984714269395771393
984714271580934145
984714357174128640
984714361074663424
984714363159371777
984714364987981825
984714366770495488
984714476489289729
984714875527204864
984714897639596032
984714977385869313
984715077290024960
984715110349492224
984715118754877440
984715120889778176
984715168948072448
984715270798356482
984715274279706624
984715279069364224
984715334325297152
984715366168514560
984715430437715968
984715474746437632
984715549736349696
984715607420612608
984715639569965057
984715671576678400
984715698898395136
984715720264175618
984715758637862914
984715785770762240
984715893975470081
984715933234155520
984715943128551424
984715973960916993
984716063668625408
984716073521041409
984716134283927553
984716142773264384
984716188239314945
984716197332750336
984716361728446464
984716362831597568
984716386730696704
984716435502043136
984716456700141568
984716484260884480
984716612828884992
984716624317046785
984716739362607104
984716759977611264
984716769729400834
984716802952515585
984716885378859008
984716902755860481
984717002743918593
984717038550749184
984717238199562240
984717425194295297
984717433146691584
984717555276435456
984717663950819328
984717715465228288
984717738852716544
984717799221268480
984717847640399872
984717877067632640
984717911284699137
984717943932993537
984717973599522816
984717996043177984
984718045292650496
984718064833966080
984718077953806336
984718117325635585
984718115916349440
984718125756243969
984718175131627521
984718197810257922
984718249941184512
984718297877876736
984718340366192640
984718546679676929
984718551008374784
984718611527938048
984718626761691136
984718690515062785
984718704230502400
984718719975874562
984718752435638272
984718798816202753
984718858656337920
984718880898736134
984718897935978497
984718900532310016
984718973668347904
984718983180976128
984719162223284224
984719177679335424
984719205600825344
984719310827421696
984719369329627137
984719389634129921
984719393522364416
984719448689999872
984719472710881280
984719486774325248
984719490649874432
984719496526094336
984719519905144832
984719563269980160
984719661626470401
984719666940661760
984719714701205506
984719760503005184
984719761945833473
984719784934871040
984719876769054720
984720012010311682
984720030540681216
984720038350467073
984720145066201088
984720336590721024
984720350821928960
984720356593360896
984720527121158144
984720536864423936
984720539708284928
984720649099923456
984720676740386816
984720724135948288
984720856004857856
984720854545260544
984720939295227904
984720948229230592
984720970698186753
984720994047754240
984721070228897793
984721083558330371
984721100964876288
984721162025537537
984721261782847488
984721274604802048
984721316879138816
984721327973167104
984721412714885120
984721577198661632
984721687685074944
984721768245092352
984721860624515072
984721943478898688
984722102849859584
984722154540421120
984722201298526208
984722227286478848
984722308886646784
984722436938764288
984722514369765377
984722541481623552
984722560255516672
984722587195527168
984722625774673921
984722632540020738
984722679990292480
984722775876292608
984722903475212288
984722906595905537
984722971737706496
984723078092591106
984723152566673408
984723157604093952
984723172326100992
984723181322866689
984723204533960705
984723204349444096
984723204504567808
984723298612338688
984723306145337345
984723309563654144
984723353394139136
984723460873125888
984723531081674752
984723666503127040
984723688472924160
984723726917947392
984723769406222338
984723787131293696
984723837177745408
984723926902329349
984723981180776450
984724004643598337
984724059664666624
984724079927283712
984724109031608320
984724123699081216
984724172755501057
984724225629057024
984724227969429504
984724256448827393
984724277898502145
984724380348448768
984724442973720581
984724541304958976
984724596984131586
984724612901670912
984724664277708800
984724713233637376
984724718178586624
984724845429583873
984724844477591553
984724854397120514
984724903835439104
984724933426245632
984724954167021568
984725038061498369
984725059146342404
984725104885227521
984725139609694209
984725146396225537
984725165786501120
984725185633775616
984725200767016961
984725262200983553
984725281159163904
984725322905112582
984725367436075009
984725447194873856
984725521065037825
984725602568720385
984725603407613952
984725666993229824
984725677374083072
984725778381393920
984725818311143424
984725892567007232
984725956878393344
984726089409941504
984726090466889728
984726227893260288
984726313129926657
984726368746385408
984726393463492608
984726397339004928
984726511688278016
984726577647898625
984726706949849089
984726932158894080
984726960633991168
984727245083340800
984727329980239872
984727404928217088
984727481935687680
984727566278955014
984727582003355649
984727593013432320
984727841848877057
984727849088282624
984727886732161025
984727887797473280
984728004432748546
984728102013042689
984728126365339648
984728130890891265
984728136876216320
984728779934314496
984728785827303425
984728820413554689
984728868522258433
984728898935119872
984728990026874880
984729122214678529
984729208210501633
984729228838096896
984729251407716353
984729323893608448
984729394165010432
984729443976601600
984729579872051200
984729614248488960
984729673140723712
984729793341124608
984729882998530048
984729921078595586
984730118017945600
984730203430662144
984730241103839234
984730421463306240
984730434985709568
984730731837521920
984730773302530048
984730846564442112
984730902533165058
984730990307364865
984731006556164096
984731033273847808
984731070946885632
984731131496075264
984731209350762496
984731330117238785
984731355236978688
984731464230232064
984731549156376576
984731588821909504
984731645637996545
984731710230114304
984731782510727168
984732072668524546
984732089839910912
984732129572655105
984732153308172294
984732198854168576
984732248577597440
984732289056649217
984732531999297537
984732580384858112
984732612148244481
984732643639087104
984732714367676417
984732722051432448
984732769736589316
984732780734156805
984732913097945089
984732963488268288
984732985021947906
984733015262879744
984733060196458496
984733067704139777
984733171756527619
984733194611314688
984733219449966592
984733305454125056
984733309895888896
984733375234826242
984733392066531328
984733396789354496
984733416863264769
984733432000458752
984733455475851265
984733521020424192
984733528284856321
984733566717308929
984733623088709632
984733636862926848
984733822599290880
984733859467157504
984733888617635840
984733940345864192
984734093589000192
984734174555893761
984734284928962560
984734291329540096
984734338393825280
984734350620143616
984734526428602368
984734674252689408
984734732742250496
984734847989157888
984734895292461061
984734910710771712
984735025135403008
984735030613331968
984735035969294336
984735048875126784
984735069473525760
984735149366661120
984735188029652993
984735216043520000
984735254824017922
984735328660533248
984735489117716481
984735743569514497
984735935295295488
984736065910173697
984736123636379648
984736155848663040
984736179173109761
984736257015197697
984736274614452225
984736691524169728
984736739670577153
984736762227580928
984736786898411521
984736885133242368
984737043367555072
984737059503050752
984737109541052416
984737401561075719
984737423459475456
984737577860288512
984737586794188800
984737605282562048
984737610101919745
984737719732572160
984737746043523072
984737749214392320
984738053519478789
984738086948044801
984738092341977088
984738173581385729
984738238005821440
984738243819245569
984738278824869889
984738377743437824
984738397628633088
984738522233008128
984738556991205376
984738673089490944
984738732883537921
984738804111151104
984738812990455809
984738876173488128
984738959262666753
984739102061944832
984739125055156225
984739160304078848
984739339358748673
984739339585204224
984739414961160192
984739528828162048
984739589721030657
984739670503428097
984739696130576384
984739929556160513
984739992831438848
984740036322185216
984740064356745216
984740146007494657
984740208083005440
984740274877296640
984740393802764294
984740432931360769
984740520105824258
984740595292925953
984740656034865152
984740690570727424
984740699869499392
984740783885553664
984740789996740608
984740975753883648
984741050068688896
984741055932362753
984741134227271680
984741137146613762
984741205111164928
984741280340045824
984741286186897414
984741287604572160
984741289223585792
984741291358486528
984741293656977408
984741295447928832
984741314368454656
984741440403091456
984741737640816641
984741753709318144
984741815457730560
984741836983095296
984741956948516864
984742030831177728
984742042151669760
984742073650868225
984742179708063744
984742189690511360
984742246703599616
984742383232438273
984742449955463168
984742548076941317
984742598706425857
984742628003667972
984742714888654848
984742737156157440
984742746605879296
984742762930163713
984742778960793600
984742801073197056
984742845876703233
984742929867657217
984742948800745473
984742961966612482
984742966970519558
984743011606319105
984743050546003970
984743069454098432
984743081823145989
984743155391193089
984743207446679552
984743342004109312
984743356562485250
984743408903303169
984743474711945216
984743523080654848
984743527488851972
984743539912429569
984743642991661056
984743664600707072
984743698629046277
984743803797024770
984743841218678784
984743902442909696
984743923108245504
984743947749810176
984744017828171777
984744066830290944
984744079555747840
984744243557273606
984744266034499585
984744294950031363
984744501238431745
984744612366635008
984744686417039360
984744797335441408
984744887563309056
984744928218464257
984745249699483648
984745274403905536
984745354577960960
984745366473134082
984745406155370496
984745473062862849
984745502364270598
984745542004740098
984745576813260800
984745583914209281
984745613177819137
984745620056498176
984745789430870016
984745932095934465
984746019052244992
984746057069363200
984746073121087488
984746082642071552
984746111561752576
984746113914712064
984746155346030592
984746192738373634
984746210853556224
984746358593777665
984746542945972224
984746548125822977
984746581109944320
984746624613220352
984746656469045248
984746785066319874
984746901324132352
984747040193368064
984747044148535297
984747047508238336
984747106865963008
984747125253771264
984747210763132929
984747216593145857
984747267256082432
984747373418213377
984747428875251712
984747445342167040
984747460651139072
984747467945267200
984747466695364611
984747488535109632
984747547188256769
984747549214101505
984747666541293568
984747705313488896
984747737043341317
984747779120553984
984747812452753409
984747852705484800
984747883189669891
984747912100900865
984747914034429952
984747915682787328
984747947379347456
984748013477384192
984748032808767489
984748074433241089
984748087934582784
984748171741024256
984748208671936512
984748209548513280
984748214288044032
984748230901686272
984748258827288576
984748292125884416
984748315534348288
984748356500156416
984748398535434240
984748528160378881
984748533461979137
984748538574893056
984748662923423744
984748769362063361
984748797413744641
984748796734328832
984748819769364482
984748856012353536
984748857388142592
984748868465299458
984748949935403009
984749011654598659
984749047536934912
984749057699696646
984749067719802880
984749086229360642
984749097381965824
984749128625336320
984749197420310529
984749239065563136
984749272376725504
984749275258253314
984749278789763072
984749392971358209
984749405386534912
984749586467180546
984749679282982913
984749704520065025
984749706562752512
984749713600720896
984749797600088065
984749840117714949
984749898108153856
984749929896792064
984750011144638464
984750076022140928
984750133823844352
984750212265795584
984750215855996928
984750228371800064
984750375222865920
984750524242255872
984750590197751808
984750621319401472
984750635085115393
984750675631407105
984750723949907969
984750764907290624
984750792765837312
984750909967228929
984750916887818240
984750953072070656
984750988719525888
984751057308971008
984751083376594944
984751107095367681
984751154864128000
984751169741443073
984751217040658432
984751220106645504
984751390319759360
984751541872668675
984751581018099714
984751587816951808
984751659761983488
984751787642105857
984751923659182082
984752075614707712
984752094107373568
984752348391268352
984752378237906944
984752392456503296
984752417970540544
984752532009431040
984752553400430593
984752637382942726
984752660766183424
984752681972568065
984752699907411969
984752723064213505
984752812079935488
984752824272801797
984752895286444032
984752904140664833
984752929239388161
984752950538010625
984752976035184640
984752981412335616
984753014069227522
984753030229839872
984753047283920896
984753089390329856
984753307469144066
984753364687839232
984753395285315584
984753408820342786
984753495378194432
984753529670787072
984753592119808001
984753659518050305
984753745878814720
984753847599009794
984753864418131968
984753905019052032
984754055821000704
984754079292325888
984754182568673280
984754256912814080
984754345802690560
984754382448332801
984754451918434304
984754471501795328
984754506570371073
984754526610739200
984754558994993152
984754604779954176
984754681812602880
984754684278857728
984754706651152384
984754754231382021
984754764322754560
984754853997170688
984754897659879424
984754970674319361
984755016887099394
984755023069532160
984755040966578177
984755171514175490
984755294982025216
984755330709118976
984755333250912258
984755335993942016
984755444064378880
984755514377678848
984755540587941888
984755591045361668
984755627485515777
984755630778060800
984755731852296193
984755746628947968
984755915646820353
984755963898093569
984755994910711808
984756054427930628
984756103203389445
984756133398306816
984756213484269568
984756215212335104
984756224838258690
984756270107414530
984756308250382336
984756434209464321
984756481038995456
984756555827556353
984756611339046912
984756646894358528
984756657082327046
984756791463563264
984756820744048640
984756844345413632
984756864469565440
984756923538042880
984756942525509633
984756942319964160
984756950482280448
984757014063697921
984757034670321666
984757100894216192
984757181617704960
984757403135639554
984757461038043137
984757488372379650
984757496433823745
984757509494894593
984757515517865984
984757568282259456
984757573042753536
984757597608824832
984757640420093952
984757651140763649
984757693691912192
984757874868957185
984757908909912064
984757954787381248
984757965159915520
984757977973444609
984757981882527744
984757996499615744
984758034856660992
984758116033036288
984758124715245568
984758237227552769
984758265979506688
984758271314542592
984758328885686272
984758341032448000
984758444073930752
984758467880804352
984758496309620741
984758573237497857
984758599208591360
984758659593965569
984758764183179269
984758872236871680
984758908173549568
984758967384625152
984758977581015040
984759209756590081
984759288945049600
984759373607178240
984759401960689666
984759597901770752
984759627052126208
984759966354624512
984759984260046848
984759996440248320
984760002379313152
984760009908252672
984760037959786496
984760135196270592
984760169006534656
984760203081109504
984760281510436864
984760339727347712
984760344995356672
984760416512495616
984760434216587264
984760447751589889
984760496531255297
984760501157617665
984760510695567360
984760531985879042
984760532157820929
984760559395573760
984760571231948802
984760654824464384
984760664282591232
984760729365446657
984760866208968705
984760895896260608
984760908315549696
984760918851670018
984760961264488448
984760997624807424
984761045301547009
984761068294635525
984761232283586560
984761243717206017
984761424076509184
984761520075804673
984761549242978305
984761632118063104
984761647691513857
984761869243179009
984761882170089472
984761997110792193
984761997437865984
984762064139898880
984762161242271744
984762203751550978
984762236546797568
984762257358950401
984762311608078336
984762345091190784
984762350682230785
984762421377208320
984762515954569216
984762524968071168
984762624280756224
984762640969891840
984762661115228160
984762762323808257
984763061889314816
984763063378333696
984763071766855680
984763199437332480
984763291938508800
984763306002042880
984763417213808643
984763522558189568
984763628690726912
984763657555980289
984763665281900545
984763698270162944
984763714023833601
984763740070580225
984763788036624385
984763881791934464
984763934489145344
984763964595859456
984763989199470592
984764038826594304
984764152995549185
984764183165186048
984764186252242945
984764214886756352
984764245995937792
984764357560107008
984764378749833217
984764557154488320
984764668639105024
984764768178368513
984764910885310465
984764982087901184
984765041554673667
984765092188295168
984765096630145024
984765155895586816
984765324707991553
984765479578456065
984765602744143873
984765607806562305
984765729366007809
984765902427250688
984765911814103040
984765924925476864
984765985285648384
984766065023639554
984766085617549312
984766186524160001
984766280531144705
984766284687605760
984766290941366272
984766294561034240
984766464002592768
984766530691981313
984766571334787073
984766615576350720
984766682827821056
984766700590596097
984766703908409345
984766714498961408
984766770689998848
984766781788184580
984766912910458885
984766931965181952
984766998415585280
984767170939846656
984767270458150913
984767303345680385
984767316108939264
984767370949513216
984767401660121089
984767620510609408
984767632552448000
984767661740625920
984767711874957312
984767721417117697
984767731617681408
984767844822011906
984767980071538688
984768021020504064
984768139824123904
984768142378401793
984768184833130498
984768289527271424
984768463318155264
984768480963686401
984768636152840192
984768635184009216
984768733133631489
984768779686219776
984768931834580992
984768965397372928
984769016324657154
984769046129262593
984769064152248320
984769106233700352
984769273330532352
984769324337586176
984769409842667520
984769461025730562
984769711689879552
984769717461180416
984769790727327744
984769824583835648
984769829415608320
984769872621133825
984770151592742914
984770229489160192
984770242940301312
984770256873906177
984770275601534977
984770386566017024
984770758550458369
984770838867169281
984770912338792450
984770953589780480
984770974133444608
984771209337430016
984771271937359872
984771298294460416
984771339662843905
984771346700865536
984771362563739649
984771489152098306
984771512103260160
984771516066807808
984771552339050502
984771604168265728
984771645276647424
984771648359424001
984771707809484800
984771741225570305
984771817209585666
984771831549841408
984771929885368321
984771933748256768
984771936420057088
984771938936590337
984771970695880709
984771978061021184
984772075658317824
984772134076669955
984772189680529408
984772303165820929
984772518950113280
984772607605166081
984772689943498752
984772780741791744
984772914414309377
984772924983955456
984772927668269056
984772925206212609
984772966859886593
984772997264355328
984772998195531776
984773001932693504
984773071474225152
984773104370143235
984773132019027969
984773215137382400
984773383958052866
984773446021328896
984773532662943744
984773642465742849
984773830165041152
984774050001096705
984774067944337409
984774249264111616
984774304482119680
984774451895074816
984774471138660354
984774495314563075
984774539023405056
984774555741941760
984774567012036609
984774582359019522
984774590114152448
984774696481804288
984774751372521473
984774756342882304
984774761556402182
984774785812127745
984774819584475137
984775153228943360
984775173273473024
984775180638711810
984775217976365056
984775262427475968
984775293884944385
984775308925693953
984775315632386050
984775588765405184
984775742415360000
984775751697301505
984775846673215488
984776108095819777
984776151850803200
984776259279491072
984776269425463306
984776315021791232
984776320415608832
984776364229382145
984776551047843847
984776605863239680
984776739615277059
984776759362105344
984776784066629637
984776864530141186
984776931349618688
984777220366495744
984777283876671489
984777335034597376
984777337253310464
984777340524875776
984777342236200960
984777350335422466
984777452395393024
984777565108924416
984777627415334912
984777635963293697
984777708281483266
984777748987219968
984777873423773697
984777936170610693
984777992583950336
984778019926675456
984778038201192450
984778130056515584
984778156728111105
984778268573425664
984778364371251200
984778376010457088
984778402006581249
984778437310275585
984778580012957696
984778660472410112
984778669796352001
984778695679315969
984778726796914689
984778923505602560
984778962906828801
984779026979082240
984779305073987584
984779405531729920
984779549035679744
984779669751951360
984779751217909760
984779903508738048
984779914061770753
984779929073147904
984780026456424448
984780031007297536
984780311102967809
984780328983146497
984780420930732032
984780466082459648
984781025321607168
984781057357729799
984781088735326210
984781139431903232
984781198051430400
984781250169798656
984781269065191435
984781290275770373
984781299075436545
984781310773297153
984781352611524609
984781422950076416
984781438787768320
984781444739411968
984781456819085314
984781457053929472
984781512594817026
984781586087505920
984781588192997376
984781724520509442
984781760612519937
984781920356782080
984782024174075904
984782026405498880
984782060412964865
984782152377171968
984782202822066177
984782234061328384
984782264092545025
984782290051129344
984782321483243520
984782325912408064
984782361450680320
984782379687522304
984782447496826880
984782449468170242
984782465767264256
984782605475201025
984782639793147905
984782693991944192
984782800837586944
984782819644801024
984782943141888000
984783082959065088
984783090185883648
984783103968325633
984783119751483392
984783147484307456
984783167595991040
984783271157366784
984783273921597440
984783283874512902
984783372588408834
984783431669346305
984783629804101632
984783659558494208
984783676499267584
984783716206575616
984783763296145409
984783800856137729
984784061175664640
984784105865752576
984784166599446528
984784340956704768
984784351547228165
984784371981934592
984784469587517440
984784484439674880
984784554782347264
984784660315197440
984784756859719680
984784945683030019
984785052935573504
984785096749305856
984785176453701632
984785202991042560
984785277326647296
984785384612638720
984785389931126784
984785423468810240
984785565643100161
984785626640846848
984785659926851586
984785717883756544
984785761001197568
984785769914142720
984785788079689729
984785811081179138
984785856924876801
984785907973808129
984786130192171008
984786158210224128
984786272920186881
984786345632698368
984786381904936961
984786393112170497
984786419636989952
984786454047002624
984786549270306816
984786554324385792
984786589057409024
984786616182075392
984786649790996481
984786688777080837
984786718464364546
984786791436873733
984786796625219585
984786844322758657
984786880951652353
984786886936809473
984786913717620736
984786950207844353
984787472126283776
984787518536138755
984787625448894464
984787628276043776
984787665181650945
984787785545666560
984787811386646529
984787841631703040
984787853560315905
984787865895866368
984787929703895040
984787987547308032
984788030899867653
984788184708956160
984788199481454597
984788292670578688
984788296772542465
984788314287779841
984788479124168704
984788492139016192
984788610565189632
984788639996633088
984788655842750464
984788820548902913
984788861627850752
984788925922373632
984788993752616960
984789008541736963
984789108210925568
984789133473275904
984789135889240064
984789175525412865
984789197016981505
984789356916477953
984789496574234624
984789519621902336
984789525447761920
984789592355328000
984789645857783808
984789646965080065
984789673737441281
984789693756788737
984789766251188225
984789772752375808
984789890847199232
984789907016179713
984789956387328001
984789975140052992
984789980953370626
984790021864648706
984790128546676739
984790165913612289
984790198767767552
984790242371751941
984790295001882624
984790326220075008
984790339570380800
984790352904294401
984790398731202561
984790400010543105
984790461075222528
984790498383511552
984790544990769153
984790634761478145
984790646870499329
984790665472098304
984790662284537856
984790666872930306
984790666906550272
984790671566389248
984790715145375744
984790728139247616
984790768035524610
984790802483372032
984790839569387520
984790928706727936
984790943017684993
984790949174931457
984790995295490049
984791025993601025
984791142008000512
984791212400951296
984791293900607491
984791432207646720
984791435416358912
984791456320753664
984791542253740033
984791580539342848
984791587535441923
984791639939080192
984791642862333953
984791654312718338
984791934844760064
984791957456105473
984791968755535872
984792098774835201
984792100179992595
984792238726184960
984792316513832960
984792397220638720
984792413209350145
984792445618671616
984792489130414080
984792536270233600
984792546495877123
984792570478899200
984792851711016961
984793022964686848
984793047987875840
984793064660226048
984793170226577408
984793188698243072
984793190317228034
984793269874888704
984793354247507971
984793386879209473
984793436216754176
984793475399872513
984793486984732674
984793512586678272
984793606119743489
984793661581021184
984793699103145984
984793721588862976
984793847367532544
984793849032671232
984793851305996288
984793902887702529
984793911762784257
984794032906764288
984794142621556736
984794170660356096
984794220949942273
984794388135141376
984794411136618496
984794423279210496
984794425078571008
984794454321180672
984794465406717953
984794544083488769
984794628674195457
984794650606260225
984794837965828097
984795049895583744
984795242082816000
984795318062604288
984795391718805504
984795419581526018
984795420994912257
984795473901948928
984795513349443585
984795690546221058
984795851301294081
984795943005540359
984795951285133314
984795967848267776
984796086865973248
984796136513982470
984796144369889280
984796214620311553
984796383185129472
984796466710482944
984796572755091457
984796754116841472
984796800619044864
984796814443507712
984796830440488960
984796860593442820
984796885268553728
984796932769009664
984797049311911937
984797122779201537
984797123307859969
984797183546478594
984797295144300544
984797323556478976
984797323615125504
984797326924492800
984797472185864192
984797548656414721
984797727140859905
984797754659614720
984797869143134208
984797905893634048
984798029688590337
984798077038063616
984798133371711489
984798259326717952
984798388095889410
984798598096478209
984798660692267009
984798744498655239
984798833002663937
984799129191747584
984799153292283904
984799191716200448
984799263493419008
984799607594008577
984799682894467073
984799763693473792
984799840910626818
984799853040603137
984799946426679297
984800036247584768
984800077884608512
984800156829868032
984800165562339328
984800231308054528
984800272470945792
984800325814112256
984800393233403911
984800425789546496
984800469670391808
984800587832352768
984800631608274946
984800666530041856
984800703263727617
984800706015256576
984800717985800192
984800764831858688
984800778857664513
984800972940640258
984801025965125634
984801414475141120
984801470066262017
984801814506803201
984801858488324096
984801965677989888
984802039380164608
984802358638063617
984802494109962240
984802531938373632
984802643766923271
984802784133505024
984802918506336258
984803063310487552
984803099058622465
984803140213014533
984803193484972033
984803270051942400
984803376922791937
984803418433712128
984803653801345024
984803691260731393
984803691306868736
984803692682600448
984803692758134784
984803968483282947
984803980680355842
984803989308002304
984804017896411136
984804036439293952
984804191024664579
984804263489605632
984804484844015616
984804553647325186
984804570630045697
984804682701950976
984805012340699136
984805054770167814
984805056783384576
984805058544979969
984805060189310977
984805061955010561
984805064760963072
984805086592413696
984805156784168960
984805179131351041
984805308483670016
984805370538418176
984805579267956737
984805649094795264
984805707085213696
984805763016257536
984805890858594304
984805929387548677
984805952523325440
984806055266979846
984806074367782912
984806203770507264
984806394753900544
984806471039967232
984806480439279616
984806550450659330
984806690527809536
984806973907578881
984807014508441600
984807180950999048
984807204036468740
984807230955556865
984807388883505152
984807466079748096
984807497381924865
984807523508150272
984807553392566272
984807570098524160
984807642517397507
984807674880708608
984807771127406594
984807859098607616
984807861233500160
984807929554587648
984807942166740993
984808016368357377
984808122115031040
984808201295138816
984808232534323200
984808237332680705
984808303061381121
984808430119604226
984808454345945088
984808647925510144
984808652853805056
984808662324555776
984808767345786888
984808809242746880
984808909272702977
984809031293255680
984809123589099520
984809348726738947
984809349225709568
984809350530125824
984809352119795712
984809554314752001
984809608953892864
984809693838225411
984809701388021760
984809734711717889
984809760628371456
984809964790218754
984810045715222533
984810268164349952
984810340415430657
984810354680070146
984810496959418368
984810819354578944
984810877223342080
984810907766312962
984811255239192577
984811323681857536
984811348348604416
984811353562116096
984811642029531136
984811849446318080
984811932023771136
984811978114912256
984812087661744128
984812230326800387
984812302649188352
984812412841988097
984812585328443392
984812624750809093
984812653259436032
984812750999302144
984812753448849408
984812996387049472
984813019644514305
984813084106731520
984813128876789760
984813158371069953
984813171511881728
984813244782202881
984813278344949761
984813315095490565
984813420888326144
984813462625939456
984813464114868224
984813472721592320
984813486118092800
984813814171488256
984813863106379776
984813868974211077
984813900255211520
984813914482532352
984813921931587584
984813942802436096
984813954143748097
984813974209417216
984813985857003520
984814031235178496
984814180816637953
984814238966349825
984814315143417856
984814324916084736
984814614243405824
984814627606409216
984814735630663685
984814761396391937
984814777972219904
984814789691105280
984814843445305345
984815032264519682
984815049914179586
984815365871034369
984815369209729024
984815480375562240
984815587930136577
984815652887252992
984815702048681984
984815770181033985
984815807476699138
984815893598425088
984816038524215300
984816073177489416
984816085592657920
984816197517668352
984816263523422209
984816330145783809
984816351247306752
984816466020192256
984816491798433792
984816537780523008
984816569808228352
984816665656479744
984816790340554760
984816811207221249
984816853611663365
984816862440689665
984816879851266049
984817071270846464
984817112362430469
984817143085699072
984817166343135232
984817222551040000
984817329291882498
984817391057108993
984817448842092545
984817490416013312
984817498536271874
984817652546854912
984817713083273217
984817760051126273
984817780917768193
984817789692149761
984817839516405760
984817875599802369
984817886442196992
984817976821080064
984817996425293824
984818075680821253
984818081099894784
984818091975757824
984818164587548672
984818171768135680
984818241972338688
984818243448668160
984818247685025792
984818248351969281
984818271718289408
984818407324471296
984818414765199360
984818459480555520
984818515264745472
984818517865353222
984818601365524480
984818637021306880
984818682848272384
984818690406404096
984818722627039233
984818794920054784
984818831184027648
984818889598099458
984819010746372096
984819024579219456
984819075602894848
984819120645419008
984819124072136704
984819148038574081
984819152388083712
984819168582291462
984819234290225152
984819261154750465
984819287184592896
984819297087361025
984819337100976128
984819420865417217
984819452129624064
984819532824014850
984819710507323392
984819980448489476
984820197470109696
984820361656258560
984820423551586305
984820429549461504
984820509614501889
984820513112559616
984820599687188480
984820611657666560
984820621124292610
984820637414944773
984820666833743872
984820706230890496
984820765240553472
984820847314694145
984820873327673346
984820909792997376
984820913232375808
984820938335293440
984821023307718657
984821024113020928
984821065703706624
984821068304146432
984821104844918786
984821188177416193
984821253918875649
984821265033781248
984821298139418625
984821429173661696
984821509041655808
984821612615815168
984821661991096320
984821686578089984
984821725941641217
984822125050687488
984822204985683970
984822228998082561
984822389413498880
984822425023143936
984822522477674507
984822525216612358
984822545127010305
984822608586792962
984822699821273088
984822809829478401
984822818998276098
984822831505649664
984822842285051904
984822844768030720
984822934782074882
984822968978169856
984822995465236482
984823077010837510
984823131465449474
984823226680446976
984823284251480070
984823345639129090
984823357626609664
984823441848225794
984823466284072960
984823504007782401
984823726515433472
984823738754568192
984823797265117184
984823797957234693
984823833025753089
984823861366738946
984823908573597698
984823955264598017
984823988353462272
984824101930807297
984824112756518912
984824114086121474
984824141848170496
984824163394314240
984824266813304833
984824288103497729
984824304830468100
984824344021995521
984824532019052544
984824535026425856
984824557050716161
984824651548381185
984824688441470978
984824719324139520
984824822650859520
984824902518755328
984824914317279233
984824935033032706
984824937062973440
984824937675411457
984824938589708288
984824939776589824
984825191355297794
984825200859545606
984825231331221504
984825268840947714
984825300885401600
984825326063595520
984825447526649857
984825452396204032
984825656113496065
984825862372589569
984825913266368512
984825952428490752
984825992484151296
984826028743946241
984826031835172864
984826066803085313
984826088751853569
984826101750030336
984826246667341824
984826252849811456
984826276581081088
984826344109375489
984826374451089408
984826394151653379
984826552922894336
984826613287268352
984826639291826177
984826657163890688
984826714651025408
984826724151169025
984827067203248128
984827094956986368
984827130080059392
984827227635318785
984827348322279424
984827439221223424
984827469927731200
984827497597620224
984827500806238208
984827594859270150
984827692993466368
984827777219223553
984827833490071552
984827944119029765
984828000075120640
984828158057811968
984828223140876291
984828311602978816
984828380087496706
984828388480290816
984828390065754114
984828579027406848
984828664650125312
984828758602416129
984828930526990336
984829181933604864
984829192536711169
984829239206739969
984829299441184769
984829309914402818
984829337315823617
984829404684673024
984829495994716160
984829564970065921
984829580761542656
984829654979825664
984829799066755073
984829809883787265
984829813000212480
984829825784406016
984829933758369794
984829973017038849
984829983704133633
984830027777892355
984830096249970688
984830096405094401
984830117129146373
984830173861249024
984830269336313856
984830316912275457
984830498278133760
984830674568806400
984830682529755137
984830827161948161
984830878315663360
984830891565383682
984830965099966464
984830976080703488
984831108360622080
984831133216059392
984831180796321792
984831281618915328
984831329224282112
984831472535199744
984831481037107200
984831494882516992
984831522669846528
984831581683617794
984831715792375808
984831738915508224
984831782217502720
984831935586471937
984831971804270592
984832060127883264
984832097071304705
984832183541075969
984832268886855680
984832298691547137
984832326612942848
984832388239945733
984832393658978304
984832505927950336
984832550798585856
984832571103236098
984832588962566146
984832696647024640
984832759888826368
984832784127623168
984832953737007104
984833042358374400
984833167155712000
984833178870386688
984833277419802624
984833462476697601
984833514175680512
984833575290798080
984833610816499713
984833659235684352
984833703351341058
984833791591100416
984833881798037504
984833920578543616
984833989214195712
984834053261135872
984834073385406464
984834078506651648
984834378986647552
984834482309038085
984834543432630273
984834547765383169
984834550701445120
984834649783439360
984834664425775105
984834676383764480
984834699121086464
984834774484254724
984834784202551296
984834886245736449
984834920722952192
984834986988666881
984835045792862208
984835190152364033
984835204580814849
984835446629896193
984835448630587393
984835558701719554
984835577408258048
984835644349435905
984835685382270983
984835687101984768
984835708211752961
984835726461292544
984835800444661761
984835812662697984
984835838042353665
984835906220843009
984835982636830725
984836117873725440
984836192528105472
984836242343907329
984836260962492418
984836295246655489
984836333800697857
984836335939784705
984836378008551424
984836389555535873
984836407188484096
984836475224317952
984836492659802112
984836729424228352
984836734247632896
984836765893750784
984836810500173825
984836885397811201
984836980759584769
984837233697067009
984837345089347585
984837386701017089
984837426983198723
984837665131556864
984837795729600512
984837845637648384
984837873416462336
984837979293315073
984838029088043008
984838098382213120
984838301885566976
984838361138499584
984838448505901056
984838566210670592
984838653775138816
984838692006191104
984838703284670464
984838758955671553
984838781600763905
984838854304608257
984838860155834368
984838922067988480
984838938832572416
984839111503765504
984839132244529153
984839195758907392
984839281779896320
984839393859977216
984839399946047493
984839426777010176
984839535308738565
984839608537112577
984839610634199040
984839667496488961
984839671032270848
984839709552795648
984839746697523200
984839847968952320
984839959780700161
984839980789960705
984839985315622912
984840003292246016
984840120367972358
984840365877481472
984840386110570497
984840660850061312
984840770111852544
984840898256228355
984840923753435136
984841005215121410
984841205661003776
984841577750245383
984841863575285760
984841946635042816
984842014717038593
984842113987874817
984842192312262657
984842212256239620
984842233621942272
984842320087568384
984842382112952320
984842483967451136
984842662187585537
984842856358662145
984843018451628032
984843019764551680
984843022499119104
984843066086445061
984843134440910848
984843160617717760
984843239772622848
984843387726577664
984843513052491777
984843680413446144
984843736428568577
984843746322759680
984843825049780224
984844085541457920
984844148695011328
984844203694985216
984844252340420608
984844267125428224
984844412743188480
984844606650109952
984844643635552259
984844652774936576
984844686148997120
984844766885105664
984844849789722625
984844855087190016
984844992949694465
984845002231738368
984845026642538496
984845068795301888
984845107177381888
984845159304192000
984845202350276610
984845218754293760
984845218510983168
984845234218655747
984845276031672320
984845387457495041
984845456479080448
984845534207922177
984845605074817036
984845775120121856
984845778068885504
984845826999627781
984845882859376642
984845930552811520
984845930464673793
984845944930922496
984845991823147009
984846058864902144
984846060966301696
984846207070720003
984846348389441538
984846385999699968
984846406690238465
984846477230071809
984846544464699393
984846585375883264
984846764242022400
984846832655314945
984846852238512133
984846949315735558
984846975328768002
984846997483130880
984847108841852929
984847167876747264
984847197626929157
984847208204914689
984847247237140483
984847302841028608
984847353541791745
984847390380363777
984847402011103234
984847463034097664
984847499763617792
984847522903490560
984847537239674881
984847552964120577
984847565643534337
984847579677712385
984847591849459712
984847664008384512
984847674494025733
984847689404878850
984847701316644871
984847713970900992
984847779339165697
984847803397689350
984847818320904192
984847821236031489
984847833546330118
984847837572845568
984847838730506240
984847865397817345
984847891595440130
984847916366999552
984847963540377600
984847980619591682
984847997937901568
984848014916358147
984848049141960705
984848140263198720
984848152497938433
984848225717882881
984848256810307585
984848299919331328
984848326045597699
984848335407378432
984848361865048065
984848414931345409
984848439459672066
984848465208496129
984848463916617730
984848518304104448
984848521932234752
984848525342183425
984848555327344647
984848571953541120
984848666883129349
984848712303194112
984848762324561920
984848764652478464
984848824853286917
984848847733182464
984848857019355138
984848922291195906
984848926095413248
984848938548150272
984848953756868613
984849023461978112
984849076905807872
984849087739650049
984849096702906368
984849105250930689
984849114553835525
984849115489153024
984849119758995457
984849165535629312
984849205880590336
984849214134988800
984849242576637952
984849281164169216
984849293361037312
984849297555386369
984849302320103424
984849316555755520
984849320464781312
984849349313269760
984849409858002945
984849435875299328
984849492095758337
984849520193343489
984849522953261057
984849548483932160
984849570348838912
984849570671792128
984849606927437825
984849678410964992
984849685683859456
984849719087288320
984849775727128576
984849800481918976
984849803082387456
984849803912892416
984849923203108865
984849991146631168
984850114790461440
984850115881062401
984850122692616192
984850181496721409
984850265684807681
984850293237088256
984850377362280448
984850396253446149
984850430114050049
984850445930819584
984850463412678656
984850469616078850
984850508987891717
984850541766377472
984850571554426880
984850614042746880
984850639619608576
984850645915258880
984850655486578689
984850680870555648
984850737242001408
984850773405323264
984850842837835776
984850849812963328
984850883539238913
984850979999842304
984851008634474496
984851012749062146
984851117958983681
984851210841874433
984851453142593536
984851455692738560
984851464135872512
984851540828712961
984851552375455744
984851558176362496
984851711276847104
984851721129201664
984851826653581312
984851963593609216
984852016269635584
984852048217862144
984852162911096833
984852285569323010
984852336475590657
984852376203952130
984852499394973698
984852561130860544
984852611525378049
984852647097356288
984852663681585155
984852693624778754
984852853931077639
984852901779640321
984853010466656256
984853090527600640
984853264213729282
984853282794491904
984853487837175809
984853569726803968
984853633174040576
984853660642480129
984853675171598336
984853747258896384
984853766921912320
984853795866890245
984853853571973121
984853906021904384
984853910715289606
984853934840926208
984853976117141506
984854107981787141
984854274537672704
984854278752776192
984854443500982272
984854531195506689
984854627807002624
984854708954304512
984854711366029314
984854780446158848
984854802743152640
984854819163820032
984854821944651776
984854828957552640
984854833273417729
984854932594544640
984854947643711488
984854962378280965
984854994674479105
984855047916974081
984855174735941632
984855325458206721
984855354038280192
984855387106103296
984855509273661444
984855772847919104
984855820906188800
984855889126526976
984855907694768128
984855967710969857
984856242018545664
984856308703690752
984856310138228736
984856331009052673
984856363565187072
984856370829721600
984856433878556673
984856756403699712
984856765589327873
984856836124872704
984856881398276097
984856977405874179
984857161955201024
984857168804548609
984857186269614080
984857198454099970
984857218641219585
984857242192236545
984857289214570496
984857356411527168
984857640424673281
984857668463579141
984857680069234690
984857834599931905
984857928036429829
984857951113502720
984858047557390336
984858080398708738
984858093984079872
984858134882766848
984858163127218176
984858174204375041
984858263635275777
984858275698171905
984858282203398144
984858313392381959
984858364239908864
984858397219663872
984858400315068416
984858533660381184
984858591684448256
984858748089978882
984858770307248128
984858777865224192
984858796081274881
984858839353786369
984858911290347520
984858990143262720
984859066207006720
984859095437135873
984859147102547969
984859204971323394
984859308000202753
984859357136478208
984859513151930369
984859529891471366
984859564188155906
984859624099729414
984859633041932288
984859830409224192
984859851774943234
984859851972141056
984859866991767553
984859870674505729
984859909463437312
984860040619274240
984860083740971010
984860084831387648
984860095631777792
984860116766855168
984860234735898624
984860401115463680
984860497903308802
984860574801686529
984860577007841280
984860578677186567
984860592421982209
984860642787065857
984860667705470976
984860703306764291
984860788182667265
984860807799492609
984860822450196480
984860974384603136
984860982865473539
984861030231703552
984861159026196481
984861356745781248
984861363884486656
984861474526060544
984861575361236993
984861575206068224
984861576758022145
984861579199045633
984861616306053123
984861826788810752
984861965444157442
984861966329098241
984861967285448704
984861977741840385
984862123636424704
984862126090129409
984862125062590464
984862149620191232
984862220537552898
984862242779877376
984862258563084290
984862271838085120
984862283275776001
984862411462201345
984862477967118336
984862505867579394
984862540940369921
984862618753163265
984862625954783232
984862692891643906
984862717692563456
984862874437906432
984863007384723456
984863061898137600
984863064498561025
984863124812681216
984863176226304006
984863182593363969
984863272586407936
984863328462934037
984863385085972480
984863518288760832
984863555844493312
984863564073750528
984863575255724032
984863589512171521
984863593211617280
984863686782324737
984863751022100480
984863807737647105
984863809637511169
984863859562438656
984863890424164354
984864076084928512
984864078295453696
984864182385496064
984864272542044161
984864305651896321
984864369199800324
984864550263681025
984864576272588800
984864863498461185
984864973020188672
984865019073564672
984865250284535808
984865283100770304
984865317410299904
984865348854968321
984865395977965568
984865592959266817
984865607488286720
984865615314735104
984865612223557633
984865800816295939
984865813101457408
984865900233936899
984865899462225920
984866173010546688
984866347145457664
984866370738425856
984866548274917376
984866822624370689
984866871613775872
984866938911444992
984866958288932864
984866961795371008
984866965939302401
984866969512890368
984866978010750976
984867042841935872
984867053516533761
984867251756130304
984867327203213312
984867506035847171
984867744062627841
984867966004154368
984868072468156416
984868113748504576
984868113765359617
984868157012688897
984868161324544000
984868161144029184
984868165065650176
984868170602201088
984868174586724352
984868298830430208
984868455894732801
984868476996194310
984868520050782208
984868843179814912
984868863790735360
984868883357052928
984868932300492801
984869032947011584
984869243152977920
984869301810327553
984869305937522690
984869391316799489
984869441547702274
984869479887720448
984869488985337856
984869557889306624
984869558745030657
984869611337388032
984869708028669953
984869879672201216
984869924819652608
984869925729730562
984869975671365637
984870299345801217
984870406619320320
984870475988963328
984870575058366464
984870601587294208
984870631626829824
984870666397736963
984870689302859776
984870738980167681
984870742880813056
984870775558758401
984870790968459264
984870884358926337
984870903015145472
984870990370033664
984871093952483328
984871099908403201
984871202916315137
984871252358811648
984871273137401857
984871278136954881
984871316594610176
984871324655943680
984871460178157569
984871457380544514
984871471490260992
984871551349772289
984871603195535360
984871609315004416
984871636540313601
984871779566055424
984871820032708608
984871825200111616
984871912772915201
984871970842886144
984872040346869760
984872083510448128
984872091873837060
984872093773959174
984872268772724736
984872377409572864
984872389086515200
984872480174206976
984872570435657729
984872619685175296
984872694742122496
984872698756157441
984872763683934208
984872811629043713
984872846060064768
984872849751134209
984872869699162114
984872876196102150
984872902767136779
984872983494905856
984873027702804480
984873072242159616
984873108405305344
984873127271391233
984873141330677760
984873143314604032
984873277234536448
984873370612314112
984873430729228288
984873489957031936
984873536799068160
984873687429115906
984873702352449537
984873804047331328
984873809328197639
984873896083120143
984873911375486976
984873999694954496
984874046604136449
984874048323817472
984874051767332864
984874071006511105
984874115575304194
984874126094544896
984874173607661568
984874235192541185
984874319355490309
984874489556230144
984874508329865217
984874590374711296
984874639376769024
984874704912740353
984874734012813314
984874740392263683
984874800026980354
984874898551201792
984874976028348422
984875024078245890
984875032181661696
984875130005409793
984875208191463424
984875231394369536
984875308154327041
984875441365442561
984875530750226434
984875588803530752
984875655115526144
984875690825846785
984875870241394689
984875943679463425
984875951732477954
984875966827708416
984876011979464707
984876016530321408
984876152278999040
984876443086802944
984876611638935552
984876661794521088
984876687941931008
984876694602428416
984876725296418816
984876817227091969
984876862496235521
984876953692975104
984877285437304834
984877343884881922
984877366743912449
984877562882134016
984877569827835904
984877575955714048
984877594163187715
984877603399053312
984877678196125696
984877740762509312
984877833691586562
984877869192110080
984878271979499520
984878275204976641
984878313192787968
984878321111576576
984878692009758720
984878807478710272
984878816467345413
984878901502595078
984878939859333120
984878976685543424
984879063796994048
984879189068271616
984879196253184000
984879239651524613
984879287315652608
984879318030536705
984879467452514305
984879567218372608
984879647119855616
984879662039027713
984879748898803713
984879780469379072
984879785720590337
984879867069165569
984879918956900354
984879935671152640
984879947775913984
984880026138107905
984880027966861314
984880095058907137
984880141301100545
984880159391133696
984880199853662208
984880445786591232
984880492565663746
984880512618651648
984880548094111746
984880573670883329
984880581744918529
984880644596609025
984880792261230595
984880830399918082
984880944573222912
984881141357391873
984881220818530305
984881280293789697
984881327546740736
984881374774677504
984881521520795648
984881556983607296
984881564189372416
984881617176027136
984881673677492225
984881858457595905
984881958479192070
984882049902350337
984882070018297863
984882102469648384
984882381734731777
984882400051257344
984882413515018240
984882414207012864
984882431588216832
984882484893704193
984882589780643840
984882660676919298
984882668310581248
984882723503435782
984882758232272899
984882781615460352
984883094846046208
984883114949263360
984883204174876673
984883475382718464
984883622640586752
984883677401317377
984883694237310977
984883781671665664
984883924525436928
984883947917234176
984884084307582976
984884088237711360
984884169149792256
984884297382486016
984884399329161216
984884522234929158
984884576110641155
984884678023958529
984884705794449412
984884775084314624
984884802577993729
984884966952587264
984885029066231809
984885035378593792
984885056924774400
984885195571679233
984885215934996480
984885232309559296
984885233102282752
984885380771123202
984885434592481280
984885439076192259
984885544328093696
984885578209681409
984885577936965636
984885646060933125
984885732966723584
984885830811561984
984885844153716739
984885871253053441
984885931877560321
984886059967315968
984886101482659841
984886163931529216
984886216373035008
984886262506147840
984886367011385349
984886415124295682
984886452571000833
984886661594206208
984887014859378690
984887042722037760
984887048162037760
984887105632555015
984887401129676801
984887413372682240
984887733599592450
984887748518653952
984887812947349505
984887864671522817
984887871034228736
984887912511737857
984888058649759745
984888078098747392
984888203701379073
984888207123894273
984888259204599813
984888268088061954
984888502562193408
984888582388240384
984888589057249280
984888690400026624
984888714005540864
984888875087691778
984888875368812550
984888967513432065
984888987918544896
984889031946326017
984889039689043968
984889086698803200
984889110161776640
984889214792863745
984889268207276032
984889280622407680
984889287492689920
984889297764536320
984889464362184704
984889479734407168
984889570482360326
984889573485547521
984889590505852928
984889656834748417
984889734135721985
984889761386123264
984889792843468800
984889814985117697
984889821347934208
984889840180322305
984889987899510784
984889991858974725
984889998674661378
984890076206333952
984890333652750336
984890431333978114
984890522056654849
984890617124835329
984890674779652096
984890828874104832
984891012488327168
984891060726870016
984891412889128960
984891417628676096
984891433718108160
984891456031739904
984891480908140544
984891534821679104
984891584444600320
984891722021863426
984891739147300865
984891982970572801
984892123035160578
984892143037796358
984892172368535552
984892174306283520
984892246817468416
984892246813224960
984892248197419008
984892333270454272
984892360411762688
984892489894187009
984892509414445057
984892607838015489
984892661583753217
984892719796490242
984892769142484993
984892910847123456
984892916207357953
984892916496781312
984893082180210688
984893105244639232
984893162450759680
984893363768975361
984893364972605441
984893418223620096
984893486968332288
984893586452951040
984893648050573312
984893662990667776
984893712852496384
984893814325198848
984893848689217538
984893862215856130
984894013529473025
984894073076113410
984894108866109440
984894289489604612
984894329494925312
984894390236741632
984894392338124806
984894527273086976
984894584466628610
984894789794566145
984894837018251264
984894885118562310
984894890843738112
984894946137255936
984895008020090881
984895037975810049
984895040655974406
984895083643330560
984895120112869376
984895251033796609
984895274786197505
984895317026930690
984895507637170179
984895513601429504
984895550024749057
984895691653832704
984895755101011968
984895762034290691
984895843261173760
984895998291054593
984896267556966400
984896305523773440
984896308401106945
984896334137384961
984896374314602498
984896443294126081
984896676820381697
984896677566930944
984896680612032513
984896704238538752
984896709531750401
984896771984936962
984896808420888577
984896895028998144
984897189917937665
984897197291565061
984897394549710848
984897549713788928
984897592617250816
984897651480190976
984897683449171970
984897751526895621
984897772620042240
984897843394744321
984898063461502976
984898141639073793
984898305669894145
984898314373140480
984898343502581761
984898433772290048
984898539250769920
984898556162117633
984898578505191425
984898661749583875
984898697124294656
984899097109942273
984899157965115393
984899163132518401
984899255579041792
984899267717423109
984899344141762562
984899350722523136
984899337732800512
984899357085384704
984899362328334336
984899357085384704
984899337732800512
984899442204651520
984899456809275393
984899505551302662
984899602934583297
984899671301804033
984899689337229314
984899721310408705
984899854320234496
984899870271078400
984900030191595520
984900161481691142
984900162756726785
984900169173958656
984900256369344513
984900258886029313
984900313432944640
984900351370383360
984900512649764864
984900724881489920
984900796520083456
984900890518843399
984900920906604548
984900947049615360
984901017065140224
984901144890703872
984901173416267781
984901233227063296
984901329918275585
984901391117357062
984901463875997698
984901568314167298
984901603718254592
984901700678012928
984901823910875136
984901887219654656
984901900700143617
984901925257826306
984901965476921350
984901993201364992
984902017570177024
984902022586486784
984902050432651265
984902088605028359
984902089250779136
984902148772122624
984902274085543937
984902303529553926
984902390947164165
984902408475238401
984902633466028032
984902685492117504
984902733428862976
984902736176132097
984902777729142784
984902786004475909
984902805478625280
984902933149085696
984903207070683136
984903286493982721
984903349697904640
984903377246093312
984903409198338048
984903445567205376
984903465355784192
984903468480679936
984903507819008001
984903634256310272
984903712681447430
984903721925730305
984903870047539200
984903940604137472
984904095545856006
984904129079402496
984904158808391680
984904161283239936
984904309547651073
984904391516938240
984904494839484418
984904734518759424
984904734426398721
984904919575646208
984904973774409728
984904988999716866
984905297503408128
984905304285634571
984905318374281216
984905328356622337
984905375580348417
984905796386476032
984905883288260608
984905982617751552
984906204836192257
984906225694531584
984906262444781568
984906289133293568
984906291360550919
984906481714724865
984906546994925568
984906698652573696
984907109258153985
984907131806781446
984907143739559937
984907182549487616
984907384370925568
984907514021076992
984907519813406720
984907528382410753
984907659244720129
984907699413553152
984907793542066181
984907802325012481
984907846960762880
984907911095873537
984908007338373120
984908039386955777
984908041941381120
984908054117408770
984908058030739456
984908091807420416
984908221214281729
984908341276164096
984908428635238401
984908448713330688
984908527096348672
984908567718301696
984908626648322051
984908645791162368
984908730734186497
984908757196034048
984908763063824386
984908789500522496
984908987786285056
984909033940373507
984909039594328065
984909187871313920
984909198013034496
984909283501527040
984909308868558848
984909310445703168
984909357208014848
984909366250950657
984909427231911941
984909512187490304
984909582072938496
984909611961606146
984909625689427968
984909676256120835
984909802387247105
984909958218072066
984909968276164608
984909970004115457
984909984650711040
984910006050000896
984910010634383361
984910229338017792
984910255221035013
984910312980742144
984910384116183041
984910399794569216
984910424842866689
984910516341657601
984910525388771333
984910558544760832
984910605994819584
984910613028790273
984910796160368640
984910801243967488
984910818524450817
984910896509210624
984910932278169602
984910938913599490
984911023089115137
984911051929128960
984911126948466688
984911143583010820
984911201267265541
984911212868759552
984911654352752640
984912008721129472
984912014505140225
984912094490394624
984912129428983808
984912244751380480
984912286132219904
984912444341579776
984912480433573888
984912604165525504
984912662055170049
984912674201878528
984912722197434369
984912849335209985
984912862127771650
984912889390780416
984912919212249090
984912925474414593
984913051701964800
984913152780488704
984913199001669633
984913215392972801
984913430074286080
984913484461768704
984913563105013766
984913674023374850
984913703224201216
984913759062904834
984913821130215424
984914073560276992
984914105353035777
984914185111965696
984914576486666241
984914696607354880
984914799019679752
984914882544873472
984914942326394880
984915012262219776
984915294241013760
984915357352824832
984915388596092929
984915390647201793
984915459354087424
984915523501686784
984915639788822530
984915777911484416
984915824904417280
984916019624972293
984916299645177857
984916831579398144
984916894468722688
984916943911178240
984917873813487616
984917906604613632
984918013160943617
984918287854243842
984918509632217088
984918567794675712
984918576200077321
984918728998641665
984918759419899906
984918800075239425
984919214342508545
984919377479983104
984919402997923840
984919455426740224
984919471302348801
984919479124725761
984919569314799618
984919814572560395
984919819911823360
984920127740276736
984920137651408898
984920238289510400
984920450412228608
984920479118036992
984920525519708160
984920656969166848
984920675113676805
984920868844433408
984920873479098369
984920912016363521
984921049367285761
984921062440931329
984921242624057344
984921531947069440
984921582601515008
984921855252410369
984921922059325446
984922017609715713
984922080381677569
984922304793776128
984922566384062464
984922730826010624
984922914251313152
984922976352161797
984923135718903813
984923229209980930
984923244196134912
984923514175139840
984923719436029952
984923922301829127
984924163768029184
984924415392657414
984924425282732033
984924548691890177
984924634322792453
984925381714116610
984925387208646656
984925815480705024
984926197283946496
984926521533050880
984926610603339777
984926681906507776
984926732313681920
984926906179977216
984927059796512768
984927392945893376
984927470238556162
984927599523745792
984927683648872448
984927689038553088
984927708449837056
984927739428950016
984928130753269760
984928201381175297
984928389504163841
984928498115645441
984928526192214016
984928553832677377
984929466995572737
984929771636363264
984929773586714626
984929983293460482
984930055091519489
984930234440011776
984930322017128449
984930616272539648
984930719075045376
984930822271709185
984930857940111362
984930973744877575
984931083530760193
984931151432298496
984931350389166081
984931353786331136
984931411575689216
984931793982902274
984931799913594880
984931981430583297
984931998434320384
984932241729097728
984932377209327616
984932743967584257
984932762414141440
984932917947371525
984932942744088576
984933330863960065
984933381849997312
984933436539506689
984933696619806720
984933733982769152
984933776819212288
984933917424848896
984933929579876352
984934100753698817
984934169502511104
984934193686810624
984934345893924865
984934407222984705
984934420800000000
984934837801889794
984935138831355904
984935387679293440
984935446512881665
984935703133016065
984935731155128321
984935771516866565
984935780337434624
984935846938849280
984935902987411458
984936360489431040
984936424192598016
984936628174012416
984936691977859072
984936711296901120
984936719748358147
984936770650411008
984936882621616130
984936920718471170
984937009922891776
984937045729710080
984937149303750657
984937231814152193
984937257726603264
984937332414517248
984937664502779904
984937923698221058
984937959974735872
984938275919056896
984938813339459585
984939019187388416
984939430434787328
984939587645640704
984939756793548805
984940236949147648
984941201404125185
984941447072960513
984941813877366784
984942539315859456
984942701404569600
984942704265080832
984942706655838208
984943213705383936
984943349869305857
984943547794280448
984943568497373185
984943962325647360
