1011037369385013248
1011058980452478976
1011059236611280896
1011061465682333696
1011066590220210177
1011069921068044288
1011071383319834624
1011072066429374464
1011072132732850177
1011072833101946880
1011073717370175498
1011073748412321793
1011074475079716864
1011081555798888449
1011083172556279808
1011090081933864961
1011094363252944897
1011095941921853440
1011096647462506496
1011096734347472896
1011097262372610049
1011098080383590400
1011099056297447424
1011101102585143297
1011101158339903488
1011103915427946497
1011105227850878976
1011105969097596929
1011106389022920704
1011106779604930562
1011107280207601664
1011108891004932097
1011108906859417601
1011111378822844417
1011111722197929984
1011113724143423488
1011114008852815872
1011114636475854849
1011115322676531201
1011115674629001221
1011116545727193088
1011120673559900160
1011120826870063105
1011121116629360640
1011121301224853505
1011121883230633984
1011122063271055360
1011122398169530368
1011122451525373954
1011123182739296256
1011126574526140416
1011126729237135360
1011127785178443776
1011129688087932928
1011129905072037894
1011131819775971328
1011133516053123072
1011136556911022080
1011137089440763904
1011139080363626497
1011139924702179328
1011140323278508032
1011141055167811586
1011141809932824576
1011142415581896705
1011143531392626690
1011144521432879110
1011145356271407104
1011145532142768128
1011146629666263045
1011146706392666112
1011146737724030976
1011147084051906560
1011148674846429184
1011149018276167680
1011149373743534080
1011153269035397121
1011154113944604672
1011154723402145792
1011154952968916992
1011155177569751041
1011155856627511296
1011156185851092995
1011156800618553344
1011159517147684866
1011161096541986816
1011161603193147392
1011163085888000000
1011163255442694144
1011164474039046144
1011165060490846208
1011165261653860354
1011168739985907712
1011170257690595328
1011170850266079232
1011172246054932480
1011173254843781120
1011173577985593344
1011176554624413696
1011178170928820224
1011178409228161024
1011179617774964741
1011179857047322624
1011179929206181889
1011180765760118784
1011181388480106496
1011181520898412544
1011182007345442816
1011182614227677184
1011182993929453570
1011183752494497792
1011183860783165440
1011183861458403330
1011183993646174213
1011184384530092032
1011185531328323584
1011186048108584960
1011186058279751681
1011188493760987136
1011189538054656000
1011190133469704193
1011190321236119552
1011190480401588225
1011190598366265345
1011191599211171840
1011191800768258048
1011191888706260997
1011193843318972422
1011195287971549184
1011197303129104385
1011197606406639621
1011199139655405568
1011200990173949954
1011202412579840003
1011203276401004544
1011210934780645376
1011211738920964097
1011213909947187200
1011214399338663937
1011214934154399744
1011216833888825344
1011217567241908224
1011225520674148354
1011228029685772289
1011229866665050115
1011230034491793408
1011230036219875328
1011230036219875328
1011232263022006272
1011232358698233858
1011232474104500229
1011232599065481217
1011233565541928960
1011233741883215873
1011237100631613440
1011237337638920192
1011238151443107840
1011238227179659264
1011239193308225539
1011242766876200960
1011243324886437888
1011244719811244033
1011247275899805698
1011250445086609408
1011250717070385152
1011259605052035072
1011275955938217985
1011276110582042625
1011277867693559809
1011281907190042625
1011284452536877059
1011288047076376581
1011290743091019776
1011294775134294016
1011294856369537024
1011299990218723329
1011300977947955201
1011315796428185602
1011316342283268096
1011326169109712902
1011332784542179328
1011332868692496384
1011349287022841857
1011359610303864834
1011361060702556162
1011362530181177345
