804037373428436993
804037429925707780
804037521260871690
804037620665880576
804037634960064526
804037648373415936
804037738815258625
804037741642153984
804037742086811649
804038108538929166
804038191921631232
804038195486793728
804038853770276864
804038855066324992
804038915552378882
804039202824421376
804039292137906176
804039476930609156
804039483662434304
804039539354386432
804039554227437585
804039598989078528
804039614507970560
804039635559190528
804039649392021504
804039828773990400
804039850907357184
804039920071413760
804039990762209281
804040004498554884
804040123998470149
804040228939907072
804040269876367360
804040306920456201
804040650748522496
804040849109774337
804040952805543936
804041100440829960
804041105251696649
804041268615643140
804041377877295104
804041463235575809
804041480553820160
804041585608560640
804041607502843904
804041707058761728
804041914257383424
804042115365871618
804042131392364544
804042140749877250
804042699359866880
804042806335512577
804042946412773376
804042961449287680
804042997981708293
804043195948662798
804043248138219520
804043259668557824
804043370339373056
804043441277640704
804043447871164416
804043587210117127
804043627781619714
804043707246854144
804044837607637001
804045028377165826
804045131917697024
804045227136843786
804045427096035328
804045649708781568
804045739693404160
804045948460662790
804046154166059008
804046173808033792
804046383800057857
804046398035468292
804046445066276864
804046593376845824
804046782116327426
804046840819777536
804046979579990017
804046981756846080
804046993517641728
804047006700343296
804047189408411649
804047326167896064
804047659388600320
804047724366729216
804047983658594304
804048023026356225
804048042374598656
804048231332278272
804048342716125184
804048400857628672
804048468515975168
804048496865251328
804048563806289920
804048599466340352
804048608534364161
804048758606532609
804048760015847428
804048808468422656
804048864705712137
804049093324640256
804049510460772352
804049629742501888
804049719265792003
804049789738504193
804049844545482753
804049870000627712
804049938191675398
804050132807413760
804050202273480709
804050243197267968
804050315939106816
804050422688268288
804050607782948864
804051034784092160
804051103306366976
804051356134834178
804051394839904262
804051468835753984
804051537878253568
804051585986916352
804051710524198912
804051730417745920
804051911804678148
804052157490221056
804052163001454592
804052325430099969
804052353947209728
