796698929752670209
796698950589968384
796699011801616384
796699067862675456
796699125739847680
796699214344552448
796699536127361024
796699691899568129
796699719020007424
796699740465405953
796699744789819392
796699765601865732
796699714204876801
796699925237075968
796699939082555392
796700001879597058
796700108091957248
796700223355682817
796700326124462080
796700368919035904
796700506664140804
796700583063330817
796700678064377856
796700717809594368
796701055665008640
796701117392494593
796701129979686912
796701133926531072
796701155694956544
796701170068811776
796701189786267648
796701205695184896
796701219041460224
796701234929528836
796701246652633088
796701277711433728
796701288117530628
796701376785117184
796701478757007360
796701491381891072
796701514219786241
796701555588288513
796701575154634753
796701599410389000
796701674253545472
796701717542957056
796701811897987072
796701951555731456
796702081381965829
796702152790048768
796702186352869377
796702287557181440
796702346688532480
796702366473003008
796702375771836416
796702381383749632
796702425130430464
796702453848805380
796702510799028224
796702524191502337
796702540247302144
796702594211135489
796702605196017668
796702617472798720
796702626033401856
796702631964114944
796702644186267648
796702656714731520
796702682471866372
796702687249256448
796702699622383616
796702711525810177
796702734472900609
796702751598276609
796702766790045701
796702781667233793
796702794493427712
796702808858906624
796702809550942208
796702860180422656
796702883706208256
796702897304125440
796702908951785473
796702920716783616
796702932133695489
796702943756034048
796703025717018624
796703085343240192
796703089017450496
796703212040552448
796703349626249216
796703446061694976
796703601750118401
796703632351789056
796703675485917184
796704076427919361
796704085017821184
796704251510714377
796704362986868736
796704669452091392
796704992950415364
796705149662195712
796705446098825216
796705722583175168
796705976715976704
796705985381498880
796706010551451650
796706035826356224
796706091577081858
796706280538652673
796706428580937728
796706660597305344
796707102404317184
796707380809658372
796707528507854851
796707574355791876
796707823145066497
796707937334927360
796707998420844544
796708098568294404
796708225940946944
796708451875454976
796708591621308416
796708619366567936
796708991334223872
796709131562393601
796709178714767361
796709531501948928
796709534622420992
796709629078208512
796709640524468225
796709728395075585
796710037515276288
796710284199075840
796710291363033088
796710305527189504
796710524654325760
796710579247448065
796710589200527360
796710883842031616
796711015509590017
796711017074061312
796711194467909637
796711341369204736
796711352958156800
796711425230143488
796711802704982016
796711839329644544
796711935542697985
796712041063022592
796712255559700480
796712329689919489
796712401232134145
796712618002149376
796712619545677824
796712701833728000
796712766014914560
796712795567980546
796713033221423106
796713412726292480
796713448814088193
796713482636955648
796713536122658817
796713563708649476
796713587758731264
