803539020043157504
803539269155487744
803539329100320768
803539452282945536
803539461028151300
803539483794743296
803540072788348929
803540086684024832
803540187561291776
803540399360970753
803540505070108672
803540685001527296
803541090188062720
803541141383708672
803541474562441216
803541524998979585
803541528459309056
803541852095856641
803542095877308416
803542102546190336
803542335137153024
803542387846971392
803542417383325696
803542605279719424
803542804064505856
803542847404343296
803542878005952512
803543001423347712
803543018825453568
803543038802935808
803543167723257856
803543194747039744
803543305153867776
803543355602911233
803543460368289792
803543473206882304
803543505318637568
803543707714801664
803543729999118340
803543734411558912
803544088943403008
803544219411419136
803544279742369792
803544294065901568
803544518746324992
803544947576213504
803544957533519876
803545041167937536
803545187435810816
803545229785780224
803545267840684033
803545347511488512
803545932625231873
803546078138220545
803546200804880384
803546380384038912
803546601759313920
803546786392657920
803546950423498752
803547127959916544
803547197509926913
803547272113950720
803547362115391488
803547591472451584
803547618416754688
803547655599255552
803547902475960320
803547931240501248
803547932947521536
803548148497076224
803548342844268544
803548372787458048
803548466148413440
803548525552435200
803548679181402112
803548808479199236
803549003141054465
803549136104538112
803549316761747460
803549370834681857
803549390585602049
803549625890308096
803549742659760128
803549860880388096
803550247041507328
803550336057278465
803550687091167232
803550762995503104
803550817361989632
803550932441169920
803550931895848960
803550933779181568
803551075378860033
803551098594357248
803551101035409408
803551132069072896
803551247261466624
803551385367232512
803551526560104448
803551597427064832
803552032418304000
803552312266555392
803552601040191489
803552723253809153
803552756967546880
803552814224015360
803552831634624512
803552949620408320
803552959296663553
803553136204017664
803553213056221184
803553486164160514
803553680872112128
803553846517702656
803553892629757952
803553903371501569
803553935042617344
803553977845616641
803554024855310336
803554068065034240
