798239115728875520
798239286818643968
798239306292850689
798239353210290176
798239447472971780
798239514825109504
798239602708516864
798239809043107842
798239929671290880
798240072109682689
798240348141219842
798240361919479808
798240388687527936
798240408224473088
798240733677420545
798240963693019137
798241031477141504
798241056018067456
798241329507684352
798241387061903361
798241400999579649
798241557879070720
798241978957856769
798241982581719040
798242509138690048
798242536670236674
798242571243778049
798242576654442497
798242643654377472
798242731768287233
798242755948351489
798243075319599105
798243506540183552
798243695728304128
798243725193445376
798243867061583872
798244065968001025
798244350937432068
798244368398319618
798244519774916608
798244640449331200
798244645159374848
798244701942018048
798244757453606920
798245125734297600
798245169342648320
798245368274292737
798245407851683840
798245453066158080
798245482233348096
798245557672300544
798245609522294785
798245762819825664
798246108166094848
798246229218041856
798246424928350210
798246508214751233
798246619280003072
798246758937673728
798246815627931648
798246985811771393
798247217563832320
798247313764478976
798247325214900224
798247584179556352
798247646322429952
798247770171834368
798247777163743232
798247836852817920
798247859325792257
798247935100194816
798247935125372928
798247988892237824
798248053421514752
798248081015730178
798248179506511877
798248218312273925
798248240999186432
798248354438324226
798248446796988416
798248453985796096
798248454304591873
798248473699098624
798248527201595392
798248587855593472
798248628817104896
798248656558243840
798248667987771392
798248780969570304
798248791367446528
798248825085304833
798248997538398208
798249032007221249
798249106233769984
798249177826242560
798249234151698432
798249258273165312
798249329114972161
798249433888501760
798249535344668672
798249619272716288
798249750306897920
798249762403348485
798249893861068800
798249899406061568
798249992624500736
798249994398605312
798250067769454592
798250177270337540
798250312238825472
798250368937230336
798250375375704064
798250379515457536
798250429129916417
798250503796912128
798250544091590656
798250550349467648
798250605064044546
798250625695944704
798250696441106433
798250816020705281
798250951329005568
798251035064225792
798251106904047616
798251264320499713
798251265721503744
798251492570320896
798251542314909696
798251577656152069
798251618126819330
798251631531982848
798251683688038400
798251698078806016
798251756421578753
798251846221594625
798251949619576832
798252083849953280
798252170978226177
798252202674548736
798252380919840768
798252380881973248
798252502869151744
798252661925617664
798252721815973888
798252736265461761
798252864573411329
798253001492164608
798253031162806272
798253048707461120
798253273509691393
798253266635227136
798253456834359296
798253542263914497
798253682685083648
798253744538284035
798253968778346497
