784672915891621888
784673275226034176
784673449750958081
784673624611512320
784673788910764032
784673792245305344
784674227441901568
784674272572764160
784674351442497536
784674540697812992
784674894697168896
784674951475363840
784674973562638336
784674999726661632
784675207873171456
784675239385071616
784675365079973888
784675528762613760
784675564749746176
784675751014567937
784675872435531776
784676233623769088
784676322190778369
784676333985075200
784676335562199041
784676573525921792
784677081997344768
784677169003921408
784677312226795520
784677423195578372
784677434469785600
784677444863295488
784677490153226240
784677504124616704
784677545665040384
784677551784464384
784677587746492421
784677623037329409
784677732592615424
784677760660828160
784677945491226624
784678318507458560
784678478218141696
784678481422581760
784678744275419136
784679151081033728
784679361236570116
784679457407770624
784679473505525764
