789904375493910529
789904641370775552
789904676745515008
789904688649043968
789904730373881856
789904743615397889
789904800381018112
789905065272303616
789905095886602240
789905284919599104
789905306604175360
789905395066216449
789905453257986048
789905571092758529
789905797916524544
789905934189551616
789906123654590464
789906202436173828
789906316139622400
789906427330564097
789906505361399808
789906595455102976
789906624676847616
789906640132771840
789906683699007489
789906812321529856
789906914641604608
789907010301100033
789907060892831748
789907166723473408
789907234809585664
789907253675581440
789907259769909250
789907302077894657
789907414833307649
789907462790840320
789907826256863232
789908208903135237
789908289127587841
789908597643902976
789908675725037571
789908956655288320
789909397153734656
789909536110964736
789909793184022528
789909853984677888
789910219560251392
789910455603040257
789910457008160768
789910854456180738
789910928800251904
789911175404384256
789911395001331712
789911446276669440
789911744407830533
789911771914051585
789911896270995456
789911943071039488
789912223665848320
789912334336684033
789912531808686080
789912747072946176
789912758997422080
789912760687661056
789912832246738944
789912964904194048
789913082311110656
789913290721914880
789913322770530304
789913371785236480
789913543273512960
789913580825088000
789913588265783296
789913600932605952
789913734290481152
789914119621251073
789914136297762816
789914270569992193
789914348596633600
789914355966042112
789914537466142720
789914556843917312
789914772837924864
789915132889534465
789915389702631428
789915718745780224
789915738429591552
789915976083116033
789916107402514432
789916386919325696
789916451620683776
789916661965058048
789916725412302848
789917001825263616
789917107563749376
789917155882065920
789917418500096000
789917421373095936
789917443787554816
789917907924967429
789918022001713152
789918040204935168
789918243930660864
789918247596519425
789918388214763520
789918399283552256
789918429935505408
789918436809904128
789918457458466817
789918483605782528
789918510122237952
789918572311154688
789918585552572416
789918611209150464
789918726523158528
789918954672254977
789919019235151872
789919081159921664
789919214740078593
789919232502956033
