814018254838624256
814018319099498496
814018502176739328
814019331269029892
814019396020633600
814019646412259328
814019750233833472
814020286572011521
814020736784404480
814021032323543040
814021177941381120
814021383097356288
814021501322166273
814021715365863424
814021867346493444
814022592088645632
814022599286149124
814022630114263040
814022683109232641
814022716344991744
814023708947972096
814024850499108864
814024923366703104
814025181949792256
814025245606739968
814025298094202880
814025595294195713
814025600507793408
814026015819317248
814026173533523968
814026191350984704
814026255297380352
814026651973599232
814026686270504960
814026746873970688
814026817304690688
814026902990110720
814026917695332353
814027039112101888
814027101082939392
814027271866499072
814027617837912064
814027619607973888
814027627577098241
814027654282285060
814028063847706625
814028343939133440
814028348796047360
814028589817561092
814028714434510848
814028891107065856
814029066454056960
814029139233619968
814029402262605824
814029807835115520
814029864332206080
814030081052016640
814030125054443520
814030179119009792
814030505196875781
814030834554535937
814030923146678272
814031027010146304
814031077014695936
814031161445990400
814031197001121793
814031346003808257
814031490673737728
814031576971485185
814031661327405057
814031720311824384
814031725017919488
814031731909160960
814031788364406784
814031874171535360
814031903758184448
814032052496568320
814032294533091328
814033019434659840
