810832366251966464
810832381544427520
810832610901557248
810832812488196096
810832875155320832
810832926330028032
810833404807839744
810833417688514560
810833462118780928
810833502795104256
810833708391530496
810833902604521472
810833981075849217
810834004278644736
810834228044853248
810834352305295360
810834472564359168
810834509331628033
810834792606531585
810835528270643200
810835560755580928
810835980248907777
810836109701894145
810836420453601286
810836631620091904
810836646404952064
810836677145088001
810836766022311936
810836998227427328
810837204587126784
810837235578769408
810837359344357377
810837615972937728
810837681605410816
810837742410231808
810837795371679744
810837806754840576
810838066541764608
810838116642816001
810838148766978048
810838167888789505
810838366858186752
810838490636283904
810838785902739456
810838858241818625
810839033693818880
810839134990454784
810839205366611968
810839210965995520
810839426695909376
810839500289167360
810839578663907328
810839839910281216
810839865776541697
810840109000097792
810840256052400128
810840474433060864
810840536080941056
810840862632579072
810841685164957697
810842175454007296
810842190922584064
810842344350162944
810842441553211393
810842443247665152
810842584700456960
810842665243869184
810842865194700801
810842881762197504
810843027497422848
810843344347787264
810843546613903361
810843554801029120
810843848171782144
810844180272521216
810844266469715969
810844331254878208
810844467473289216
810844524612374528
810844673472364544
810844867307995136
810844938690772992
810845076289101824
810846006459895808
810846160567042049
810846231434055681
810846491464105984
810846718346612736
810847090771456000
