788606625745670144
788606756297568256
788606818784280576
788606975840051202
788607163170185217
788607329923194881
788607367176916992
788607374575665152
788607394691571712
788607679082205184
788607886184284161
788607908388929540
788608106188140544
788608119593205764
788608235435622404
788608324711354368
788608494932983809
788608639871377409
788609211949285376
788609956480253952
788610213750472705
788610697341075456
788610914757054464
788611306622480384
788611609480560640
788611651423576064
788612197350014976
788612556323745793
788612637533827072
788613043806695424
788613232927842305
788613357825818625
788613368349335553
788613426805342208
788613432903921664
788613448187932672
788613541884530688
788613948102893568
788614019087294467
788614131310002177
788614321857261569
788614412970188800
788614592196935681
788614746010447874
788614778910568449
788615268767588353
788615470811324416
788615577610878977
788615638034030593
788615650575089664
788615658611376128
788615765582815232
788615772310560768
788615910760341504
788616139043696640
788616492350930944
788616593458728965
788616688627490816
788616731539476480
788616893091418112
788617166245470208
788617212399652865
788617485163593728
788617556257075200
788617757902471168
788618067483979776
788618210669129728
788618289601716224
788618553310212096
788618998535614464
788619019330981888
788619458726289408
788619477135032325
788619494734303232
788619501453606913
788619742844166144
788619871915544576
788620188862312449
788620293233319937
788620424078827520
788620441430663168
788620451698311169
788620472388812800
