806558924879106048
806559430011736064
806559474018353165
806559645993205762
806559652716670976
806559900218310656
806559905683537926
806560023459397632
806560433691906052
806560593566121984
806560969027678208
806560997108547584
806561508016713728
806561525267890180
806561747704381440
806561859197403141
806561879401385992
806561971084656642
806562033902751744
806562054287065093
806562141415280640
806562349855473664
806562508312051713
806562641737031681
806562738650677251
806562813363814406
806562838613553152
806563056243376128
806563102879715328
806563146899062788
806563210795085824
806563451736707072
806563673879834625
806563717987049472
806563731459149824
806564119008649216
806564570320039937
806565005743230976
806565282848395264
806565423932116993
806565494660726784
806565761305063424
806565811066388480
806565899461394432
806566307370061825
806566755804073984
806566818840244227
806567221485039616
806567667138232327
806567734372925444
806567938094493696
806568036484468736
806568097918251008
806568140368965632
806568288448872449
806568324918312960
806568685704015872
806568905527480324
806568981444362241
806569008078159872
806569077091237888
806569081528844288
806569099883085824
806569265583116288
806569401046728705
806569463302586368
806569681943461893
806569833957564416
806570195691208704
806570286355251207
806570308127879168
806570499706916864
806570521861226500
806570524755296257
806570819388375046
806571122133237761
806571159252828163
806571178315759620
806571251946889216
806571289855004672
806571360466206720
806571377461493765
806571705737084935
806571779145793540
806571809411891204
806571928181997568
806572025179471879
806572067160133633
806572156196945920
806572167622230019
806572170881155072
806572176581263369
806572460820885505
806572558107738112
806572675619573760
806572687996964864
806573002519412746
806573059553558533
806573124741464065
806573191254736896
806573344858456064
806573462429040641
806573579122933760
806573718122201089
806573775697412097
806573850205028353
806573858153263104
