786567175721058304
786567185787416576
786567186265546753
786567195081846784
786567326971723776
786567357921583104
786567544689664000
786567788701908992
786567854397149185
786567857505263616
786567876324962304
786567877658902529
786567886114545664
786567991240556544
786568014892269568
786568095154397184
786568120370536448
786568202008481792
786568209793224704
786568301371658240
786568317993484288
786568381130481664
786568390605434881
786568429516034048
786568432821174272
786568515134164992
786568536487497728
786568579319668737
786568605001392130
786568637834366976
786568821452705792
786568905418420224
786568935025946625
786568940298219521
786568945767546880
786568970648162305
786569015741120513
786569044707069952
786569061723435008
786569145416556544
786569164357984257
786569210537267200
786569247019372544
786569296180875265
786569327294156800
786569361465028608
786569433334452225
786569591946305538
786569633985728513
786569684376285184
786569693473738752
786569789565202432
786569808926085120
786569978375995392
786569978891730944
786570061435670529
786570089462063104
786570126262796288
786570158273884160
786570163818606593
786570386959892480
786570459596918785
786570497672622080
786570574424408064
786570672268992512
786570673267224576
786570733304553472
786570874736504832
786570930826846208
786570974074318848
786571064503570433
786571449645486080
786571456666669056
786571463356801025
786571526137077760
786571528330579968
786571532927631360
786571780949409792
786571993655148544
786572137603686404
786572183321600000
786572254725468161
786572293086580737
786572599895654401
786572632363704320
786572666199126020
786572967249608704
786573082534305792
786573118156439554
786573118202519552
786573149580197889
786573209743134727
786573396872134657
786573506477686784
786573605102493697
786573713521143808
786573724480774147
786573806336958464
786573853455708164
786573955821932544
786573996145815552
786574051800076288
786574097639759872
786574147224821761
786574198932070400
786574269778055168
786574441954226177
786574469036781570
786574722226122754
786574723945758721
786574727037026304
786574759991599104
786574788181364736
786575023431495680
786575042809303042
786575241925525504
786575366198530048
786575424130252800
786575491432083456
786575521341513728
786575560604540928
786575569043369984
786575600563564544
786575747989311488
786575795707838465
786575805136502786
786575847805157377
786575855665446912
786575870337097728
786575888582184961
786575940860076034
786575982178304001
786576003443355648
786576022263230464
786576208448282624
786576235887550464
786576363314479105
786576415516925952
786576429970395139
786576472135704576
786576610552152065
786576622937894913
786576680584355840
786576682186596352
786576731864006656
786576923975573505
786576976043704320
786577018263597056
786577061506797568
786577128947089408
786577142733688832
786577171213086720
786577191576317953
786577198551400448
786577392684806144
786577574830837763
786577734956883969
786577754171015168
786577835313934336
786577987084976128
786577993212854272
786578022770077696
786578086468919296
786578152520724480
786578450622582785
786578460101730305
786578489336037376
786578498538311680
786578522026323968
786578548978954242
786578588208291841
786578718831411200
786578814725943296
786578939351367680
786578958758338560
786579000726523904
786579037028225024
786579322635161600
786579345661833217
786579424435052544
786579428914495490
786579460959051776
786579576214294529
786579737862934528
786579839100780544
786579873166942208
786580037147435013
786580090255728640
786580125236224001
786580158388068352
786580196132519937
786580232513921025
786580284510724096
786580422591385600
786580427121111040
786580449183338500
786580480447700992
786580508008263681
786580568423165952
786580583258423297
786580612631191552
786580682592120832
786580696454295552
786580742088323072
786580760065110016
786580762120380417
786580832223768577
786580920497115136
786580946481012736
786580956677275648
786580996229632000
786581014487371776
786581017888972800
786581019797454848
786581069562650625
786581088714063872
786581090332835845
786581121286877184
786581409032867842
786581457603100672
786581499990667265
786581532408422400
786581674792366080
786581740550778884
786581760318529536
786581770342805504
786581802999656450
786581820707971072
786581850751836161
786581866174447617
786581924475203588
786581979680604161
786582044214226945
786582100119998464
786582132672098305
786582166155169792
786582212359651329
786582219510775808
