800942021418647552
800942205992988672
800942540526522368
800943014109728768
800943455786717184
800943698192240640
800944086383329281
800944816326660096
800945036607324160
800945186167726080
800945284452712452
800945292082225152
800945669724897280
800945835043389440
800946197703888900
800946208760102912
800946216993488896
800946658779480064
800946695273988096
800946919933612032
800946934726979585
800947087533867008
800947176956448769
800947577751486464
800947665143894016
800947765316554752
800947988566839296
800948207995846656
800948525009776640
800948670573068288
800948740597186561
800948780950519808
800948797497049089
800948827427635200
800949058403639296
800949253249957888
800949274733412352
800949344639864832
800949516207800320
800949956823707648
800950494218907648
800950514523537408
800950551286599680
800950597948153856
800950666256613376
800950806459641856
800950849220513792
800950973640376320
800951010726445056
800951238850396161
800951262019719168
800951479402168320
800951507806015488
800951684012748800
800951682817343488
800951919661285376
800952186926747648
800953040261902337
800953203999248384
800953405204205568
800954120106635268
800954621711761408
800954672194392064
800954830000914433
800955007352901632
800955245035540481
800955379567890432
800955611747913729
800955616655085568
800955955559079936
800956052128858112
800956366408056832
800956464722427905
800956532951281664
800956539297140737
800956742137823232
800956778460614656
