811315346191904768
811315386591416320
811315539754762244
811315570641616896
811315794344808449
811315933708959746
811316050910478336
811316402766364672
811316473654366208
811316561952833536
811316620853444608
811316750662991872
811316811836878848
811316852727119873
811316868015390720
811316936365797377
811317148454977536
811317428642807808
811317499253952512
811317760395530240
811317795199873024
811317893489184770
811317987722625024
811318070782398464
811318418024628226
811318531279163396
811318639848787968
811318830198882305
811318940215427077
811319024512565248
811319363563376646
811319507323158528
811320042264662016
811320085717676032
811320194895413249
811320393621532672
811320470268211204
811320524316012544
811320540359180288
811320781091328000
811321323968483328
811321354293231616
811321613161480192
811321639187181572
811321746808832005
811321758062182400
811321954363969537
811321979177463810
811322074740428800
811322086027362304
811322334615322624
811322454090117121
811322462185123844
811322760916074496
811322791970611200
811323368695795712
811323420063494144
811323505493020672
811323667569319936
811323673240072196
811323701434183680
811323941692305408
811324323726327808
811324771183001600
811324972790673408
811325110653251584
811325115736662020
811325370985283584
811325466024017920
811325669690974209
811325875610324992
811326180334960640
811326351861043200
811326360501227521
811326371175616512
811326378360586240
811326382932369408
811326439706558464
811326446379503616
811326823661498368
811327054364950528
811327234267082752
811327303410126848
811327432305295360
811327660844466176
811327683472850948
811327875227983872
811327896761593856
811328101925974016
811328660326252544
811329131522703360
811329435148447744
811329449455140864
811329502005563392
811329696126369792
811329947843383296
811329962707927040
811330148360404993
811330300936683520
811330310227030017
