792985080444616704
792985119288074240
792985080444616704
792985119288074240
792985131229249536
792985838657363968
792986146917715968
792985131229249536
792985838657363968
792986146917715968
792986240958271488
792986380351725568
792986561981845504
792986240958271488
792986380351725568
792986561981845504
792986730248953856
792986848691884032
792986929881092096
792986730248953856
792986848691884032
792986929881092096
792987341115777024
792987432144732160
792987554870136832
792987341115777024
792987432144732160
792987554870136832
792987592631414784
792987595072475137
792987602441895937
792987592631414784
792987595072475137
792987602441895937
792987830947549184
792987850820157440
792988033020755968
792987830947549184
792987850820157440
792988033020755968
792988313439395840
792988740876656640
792989399847989248
792988313439395840
792988740876656640
792989399847989248
792989577153810432
792989645780946945
792989932092526592
792989577153810432
792989645780946945
792989932092526592
792990171465736192
792990302126608384
792990383382953984
792990171465736192
792990302126608384
792990383382953984
792990392773783552
792990636186148864
792990754562080770
792990392773783552
792990636186148864
792990754562080770
792991233064988672
792991485436235776
792991862869069824
792991233064988672
792991485436235776
792991862869069824
792992024383422464
792992104414838784
792992347114053632
792992024383422464
792992104414838784
792992347114053632
792992435873910784
792992472586739712
792992435873910784
792992472586739712
792992577326870529
792992593827262464
792992577326870529
792992593827262464
792992725939417089
792992739189293056
792992763197460480
792992725939417089
792992739189293056
792992763197460480
792992824430063616
792992918772613120
792993063098613760
792992824430063616
792992918772613120
792993063098613760
792993132006735872
792993135165136896
792993270343360512
792993132006735872
792993135165136896
792993270343360512
792993506604253184
792993673151713280
792993506604253184
792993673151713280
792993717682601984
792993753116110848
792993951892533248
792993717682601984
792993753116110848
792993951892533248
792993980044673024
792994109472505856
792994197720694784
792993980044673024
792994109472505856
792994197720694784
792994251089084416
792994529024573440
792994728895737856
792994251089084416
792994529024573440
792994728895737856
792994839109505024
792994986803490816
792995140461789184
792994839109505024
792994986803490816
792995140461789184
792995226126352384
792995677727035392
792995790117625856
792995226126352384
792995677727035392
792995790117625856
792995814763266049
792996064630571008
792995814763266049
792996064630571008
792996073568632832
792996122172219392
792996545620762624
792996073568632832
792996122172219392
792996545620762624
792996716567990272
792996958139015168
792997699515744256
792996716567990272
792996958139015168
792997699515744256
792997911567228928
792998018958123008
792998227998015488
792997911567228928
792998018958123008
792998227998015488
792998229977751552
792998231122771968
792998236260827137
792998229977751552
792998231122771968
792998236260827137
792998683763703808
792998695587483650
792998729682911232
792998683763703808
792998695587483650
792998729682911232
792999390139088896
792999390139088896
