784362730014838784
784362968653918208
784363096647299072
784363448129822720
784363894152331264
784363900829597696
784363914683379712
784363919796080640
784363954567020544
784364066412331009
784364164894654464
784364183240540160
784364194648981504
784364195127132160
784364241973235713
784364273279574016
784364408105529344
784364482332164096
784364668424949760
784364717070573568
784364887829086212
784364984759308288
784365078707638272
784365161666732032
784365165949181952
784365227823562752
784365268155924480
784365346765537280
784365352390168576
784365426658672640
784365504370774017
784365630648623104
784365751595655168
784366006139555840
784366091992784896
784366164461977600
784366330367606784
784366340484296704
784366411154096128
784366421740519425
784366668483092480
784366956140982273
784367130724753408
784367132788260864
784367175024963585
784367370160615424
784367405686464512
784367414448447489
784367481091751936
784367629691604992
784367714022334464
784367766623092736
784367784042061828
784367787384901634
784367901142814720
784367942917959680
784368340420726784
784368444040937474
784368521908195328
784368726728667136
784368792700907520
784369225234276352
784369261544402944
784369300823998464
784369372936622089
784369424266559488
784369530105651202
784369663090237440
784369806833246208
784370060504817664
784370081308499968
784370393352110080
784370539326480386
784370594007572480
784370609937641472
784370874086371328
784371146070392832
784371239569817601
784371328916844544
784371744664653824
784371743909617665
784371830253613056
784371841200693248
784371850310803456
784371946884567040
784372141408055296
784372358366826496
784372585467351044
784372674181140480
784372738093907968
784373033213493249
784373045766914048
784373129959317504
784373238033948672
784373322574401537
784373492233842688
784373524538482688
784373603974471680
784373636857593858
784373663072129024
784373733012234240
784373850603655168
