815271377771069445
815271732890238976
815271806345027585
815272081424338945
815272406986223617
815272506181513216
815272721202421760
815272978262921216
815273087491014656
815273105618780161
815273132495929345
815273217267027969
815273422708178944
815273464143740928
815273464651272193
815273577603801088
815273625733439491
815273691131027456
815273747213090816
815273750388232192
815273754209218560
815273781182742528
815273783263162368
815273831128567809
815273890062696448
815274116148236288
815274322273173504
815274388048216064
815274407660765184
815274483627986944
815274639626801156
815274685139128320
815274718571925504
815274898721480704
815275251613499392
815275299986407425
815275552030466048
815275583194222592
815275653687865345
815275782251675652
815276151639863296
815276216936787969
815276258061750272
815276692960899072
815277074873196548
815277098038427649
815277182884909057
815277256973189121
815277320483258368
815277468760346629
815277480114274304
815277485277335552
815277569905979392
815277876253704193
815277994189213696
815278189664673794
815278210996965376
815278280538472448
815278444246401024
815278562680913920
815278591751716864
815278720936275968
815278749734371328
815278752166973441
815278767962607616
815278978298736643
815279070091083776
815279080090300416
815279110033383425
815279127108448260
815279234465853440
815279278988333060
815279421724758016
815279487717953537
815279671495585792
815279689191329792
815279735165112320
815279822800879617
815279836159737858
815280123213705216
815280182802153472
815280561950523392
815280595395809280
815280608196919300
815280625120935936
815280736290934785
815281066823053312
815281139011223552
815281257689006082
815281444201385984
815281447443505152
815281465218863104
815281539235872773
815281683058556928
815281825715290112
815282175293714432
815282188048592896
815282257749491712
815282398929817600
815282589154050049
815282625040490497
815282777532878848
815282897435447296
815283005497475072
815283028398223360
815283063496278021
815283304471691264
815283897260982272
815283963409428480
815284404356608000
815284415089803264
815284486585913344
815284671663767554
815284685047824384
815284882205249540
815284906964189188
815285011331039232
815285189794332676
815285206676602884
815285229183258625
815285242433044480
815285384804503553
815285412721729537
815285458439704576
815285560738742272
815285563532124160
815285640908730368
815285722269777920
815285752464547840
815285766150647813
815285917585932288
815285948732895232
815285953745092608
815286119030026240
815286239784042501
815286261887934464
815286272780550147
815286345664987136
815286399146438656
