800730632150253568
800730694687174656
800730867404513280
800730886983532544
800731034966863876
800731273597698048
800731279914192896
800731316912328704
800731319374413824
800731323447054336
800731501830819840
800731556486623232
800731630172250112
800731711554330624
800731917658259456
800731991331209216
800732004866256897
800732224198885378
800732297276325888
800732516693012484
800732787116560384
800732943748579328
800732960790028288
800733268962410497
800733328995479552
800733765819453442
800733819611611137
800733936255115264
800733977543741440
800734013791072260
800734018899771392
800734043620995073
800734076541943810
800734325285208064
800734372982722560
800734413072060416
800734649119109120
800734855994765312
800734967739224064
800734996436815872
800735121825550336
800735219913461760
800735278541328384
800735319481937920
800735358774345728
800735401765961728
800735543277432834
800735548977446913
800735564009869316
800735618426957824
800735648915267584
800735710512721920
800735769769824256
800736067800408064
800736173198962688
800736421082337282
800736522362232832
800736549633658880
800736587017494530
800736611751366658
800736710501900292
800736847831953408
800736907156193281
800737328989872128
800737457176092672
800737624793251840
800737896571531265
800738104789172224
800738290777223168
800738468020293633
800738475251101696
800738798741159936
800738815900061697
800738962423812096
800739130128953344
800739192221396992
800739213742395393
800739607583322113
800739610087358464
800739848957132800
800740067287265280
800740262175764480
800740514924494848
800740612416950272
800740948972109824
800741344964726784
800741398731309056
800741870401966080
800742091957669888
800742165093765120
800742311420432384
800742394417192960
800742508313661440
800742592958738432
800742614110797825
800742619898724352
800743279373520896
800743832354574336
800743839321518080
800743913963356162
800744010436349952
800744010428116992
800744361919025152
800744506723340289
800744594136768512
800744627573620736
800744813066756096
800744986148999171
800744988531392513
800744999344173056
