787262016570462208
787262242966429696
787262264105639936
787262280584933376
787262453621161984
787262456544563200
787262498932219907
787262688179154944
787262733041500160
787262915942440960
787263039536062464
787263233300180992
787263550012157960
787263597525303300
787263730136514562
787264264671268865
787264576320598016
787264596243537920
787264689118076928
787264811981742080
787264815039410176
787265074519904258
787265152097906688
787265457564839936
787265641023758336
787265727548026880
787265859886673921
787266175231229952
787266355825373184
787266387177857024
787266407364980736
787266513023725568
787266630657146880
787266876258877440
787267041535426560
787267091732828160
787267187677466624
787267330980122625
787267599063257088
787267625751633920
787267658290982912
787267777652461568
787267788058533888
787268182453133312
787268199616278528
787268367866535936
787268696364417025
787268921984417792
787269147067580416
787269226704826368
787269233449263105
787269741727612928
787269866780778496
787269925769506816
787270161548050432
787270426829459457
787270458072768512
787270562284445696
787270652118073344
787270817805635584
787270895534473216
787270928023580672
787271509098180612
787271522918473728
787271815957712896
787272140668174337
787272142329114625
787272209572192256
787272243642560512
787272338337243136
787272342200324096
787272521934639104
787272522391777281
787272891490529281
787273000668295169
787273136479797248
787273212455510016
787273501933727749
787273953039515648
787274595590176768
787274689467019264
787274729409372162
787274812490129408
787274821965058048
787274837496565760
787274904135532544
787274937669222400
787275298844934144
787275313084502016
787275456315883520
787275575241113600
787275827213893632
787275913775972352
787275922751782913
787276153748918274
787276263413129216
787276716867723265
787276785713053696
