814757919338233856
814758161051746304
814758206861737986
814758254437953536
814758284674682880
814758303091818496
814758608407773185
814758622127386624
814758732844400642
814758755552423936
814758974759309312
814759142330105856
814759277395066881
814759334945193984
814759485302444032
814759500448223232
814759678307631104
814759824705683456
814760022857183232
814760177857658881
814760189102587904
814760436029673472
814760660949172224
814761176701800448
814761991030108160
814762005781430272
814762075775967232
814762182009352193
814762882214793216
814763426295775233
814764286706851840
814764597530034176
814764811313618944
814764879949262848
814764918473900032
814765130848342016
814765362009018368
814765428891414528
814765430531354624
814765910162608128
814766121974951937
814766171924951040
814766269115363329
814766295954706432
814766457192140800
814766602927411200
814767004875898881
814767110945705985
814767151638839296
814767154851618816
814767187760152577
814767287341293568
814767315371835392
814767349177913344
814767357184921600
814767404240793600
814767407042543616
814767524306886656
814767589146693632
814767745178959872
814767771871485952
814767981519638532
814768232229904384
814768439327916032
814768461339643905
814768645549293568
814768647357009920
814768649617739776
814768817176014848
814768830857744385
814768961569128448
814769127583875072
814769164967677952
814769382861717504
814769444966821888
814769472628260864
814769537522475009
814769663263576064
814769729223196672
814769820977733632
814770219268894724
814770257025966081
814770344204652544
814770398269177856
814770516007546881
814770555073269760
814770587805552642
814770700649168896
814770751488270337
814770914822914048
814771237020909568
814771353832325121
814771789771538432
814772383831695360
814772690489851904
814772703202840576
814772824112066560
