813082599400861697
813082606522822656
813082679000399874
813082869241413633
813082990507073537
813083567270006784
813083578812760068
813083718709559297
813083793049456640
813084055013048320
813084394638319616
813084413500280833
813084715674640384
813084723920642048
813084803956375552
813084858289426432
813084934235635713
813085104209883136
813085153245401088
813085155514585088
813085230219296768
813085777253040128
813086272541564928
813086322944524288
813086350585069572
813086589853302784
813086726331699200
813086766165094401
813087280839659520
813087649976254464
813088592734158848
813088678826360832
813088743548682242
813088898763132928
813088950604664833
813088952248860676
813089462934708224
813089785908699136
813090027337031680
813090442866786304
813091357459935232
813091418445062144
813091779474034688
813091773983719424
813092293729288196
813092316353298432
813092362398351360
813092510390255616
813092513326231552
813092824333881344
813093164630343680
813093344847032320
813093436509343744
813093808179212289
813093865674735616
813093935904071680
813094241488531457
813094288628350976
813094399844487168
813094554882732032
813094569600491520
813094698147573760
813094743408254976
813094842976915456
813095086338830337
813095136611725312
813095203078832128
813095350403760128
813095399984689153
813095635050172420
813095666377494528
813095779246211072
813095898855182336
813096392835076096
813096507574550528
813096860843999232
