806377912370864128
806378155623776256
806378349106958336
806378735658221568
806378841446944768
806379409833914372
806379633423826944
806379675249475584
806379885128220672
806380035393409024
806380247365062657
806381319408275456
806381646719156225
806382456681234433
806382756469022720
806383023470026752
806383062254755840
806383221768339456
806383324570722306
806383407496364032
806383812221538304
806383873378709505
806383931960528896
806384493053562881
806384656589475842
806384708481417216
806384947212808193
806385034814951424
806385181238198272
806385403628503040
806385986653552640
806387009115815936
806388807847317505
806389239806099456
806389252108021762
806389284236394496
806389359448653825
806389643323342848
806389801813479426
806390258657009664
806390440471752705
806390709016260608
806390828562313217
806390876868067328
806391070091255808
806391215973343232
806391321040715776
806391415051878404
806391512925929474
806391516851818496
806391521079685125
806391633147232256
806391650490732544
806392560566542336
806392756826501121
