804928654455304192
804929222972211200
804929570537349120
804929668252106752
804930360190664704
804930873573384193
804932567443054592
804932715732762625
804932895810977792
804933656833822721
804933844000448512
804934435686797312
804934755422797824
804934948268412928
804935341274759168
804935682095464448
804935899725369345
804936183444893696
804936243809239040
804936519182155776
804938223013232640
804938307666751488
804938944152563712
804939349531840512
804939686540091392
804940251865219073
804940405926227968
804940785078665216
804941945575473152
804942999692054528
