786280280713752577
786280283872133121
786280322325319681
786280461999874048
786280524289454080
786280535521792000
786280540907331585
786280576563097600
786280612277678080
786280652853227520
786280750761054209
786280787754844160
786280986124226560
786281088352186368
786281143498833920
786281147365928961
786281167360262144
786281313040871424
786281507287597056
786281538509996032
786281699533479936
786281716621123585
786281748275597312
786281760623648769
786281795843002369
786281828697067520
786281873702019072
786281880807059456
786281941385547777
786281946024402944
786282004505583616
786282008615854080
786282022515970048
786282163385892864
786282202568863744
786282296735363072
786282309385351168
786282334874169344
786282354436222976
786282361470197760
786282453912653824
786282535697481728
786282564264857600
786282603225776128
786282635165364225
786282666740113408
786282722239008772
786282770293063680
786282774969913345
786282788395765760
786282900547182592
786282915357491200
786282996001337344
786283014250721280
786283058915708930
786283068818534400
786283100971991040
786283119871680512
786283140188864512
786283171436498944
786283211856945152
786283215099011076
786283236439621632
786283275505414144
786283308514627588
786283311689768960
786283343121965056
786283376034447360
786283441897738240
786283443470606337
786283457534128128
786283467579363328
786283475603103744
786283548584058880
786283590069858304
786283592292892672
786283673465171968
786283792277184512
786283835268947968
786283863462940672
786283871977496576
786283887550930944
786284057734832128
786284071701843968
786284128945700864
786284151515131904
786284234415697920
786284312089927680
786284330259771392
786284353491918848
786284392108785664
786284469539995648
786284502435762176
786284529845665792
786284547751157760
786284606240718849
786284655439974400
786284676889448448
786284841327210496
786284892262895616
786284967160602624
786285016519151616
786285024760836097
786285128779698176
786285228096626688
786285241354838016
786285260388634624
786285270534541317
786285328856260612
786285338075561984
786285384065961984
786285428647264256
786285455901876224
786285473161502721
786285648466640896
786285680628371456
786285698538205184
786285734013509632
786285735590625282
786285752862715908
786285761058353152
786285778271891456
786285785657946112
786285789105709056
786285843367374848
786285856487305216
786285859569930240
786285864833970176
786285941795106816
786285946673111040
786285954680098817
786286014125965312
786286116429324289
786286140680613888
786286461737799680
786286463155630080
786286516230320128
786286520944787456
786286529245220864
786286573327351809
786286574753423360
786286576343126016
786286587193782272
786286600577650688
786286624959332352
786286635205877762
786286785437532160
786286795088498689
786286850361012224
786286905734205441
786286994355879936
786286982305554433
786287066699091969
786287150627250176
786287219296264192
786287277685080064
786287282990919680
786287287747305477
786287322245439490
786287444379496448
786287463132258304
786287468651749376
786287517041618945
786287527296655360
786287577913450496
786287579935236098
786287583009669120
786287694305460224
786287715809501184
786287764794929152
786287765319102464
786287790740779008
786287811586584577
786287837154910212
786287850635431936
786287898660368384
786287917102620673
786287943983984641
786287978830180352
786287983175475200
786287987457986561
786288148632313861
786288286402838528
786288336792981504
786288452832600064
786288539369508864
786288546826952705
786288592570159104
786288615349297153
786288655153238016
786288852247928832
786288985505009664
786289099145568256
786289170931126272
786289190837157888
786289265009229824
786289367362830336
786289380046635008
786289510623490049
786289537626566656
786289553904656384
786289570044256256
786289586708312064
786289666601476096
786289669055086592
786289700495511553
786289829646655488
786289833916465152
786289938723667969
786290177035628544
786290258224615424
786290350986002432
786290364088852480
786290429192966145
786290431223095296
786290475695210497
786290541696847873
786290598277898240
786290687972999168
786290896354570240
786290946405261312
786290989820436480
786291020321333249
786291033760030720
786291040424648704
786291079825989632
786291088378228736
786291106778603520
786291355391844352
786291445883895808
786291507141742592
786291513592545280
786291596803186692
786291632052248576
786291688872382464
786291788117975044
786291804333191169
786291816173678593
786291833588547584
786291930007080961
786292003491512320
786292031299592192
786292108927787008
786292125784797185
786292135515435008
786292154830352384
786292194156175360
786292269150113792
786292305317666816
786292325358137344
786292375702216704
786292411651809281
786292469453365248
786292857627901952
786292865299251200
786292868298207233
786292886321049604
786293028008767488
786293096866783233
786293149316493312
786293272977219584
786293321865895936
786293357018439681
786293368863203328
786293393395687426
786293446533345280
786293455853129728
786293548291387393
786293623830646784
786293661373911041
786293685138759682
786293733734043652
786293947190489088
786293971152666624
786293972444545025
786294027452715009
786294045702180864
786294083614609409
786294091176960000
786294104300806144
786294143626711040
786294147766362112
786294154154303488
786294197619924992
786294204313931776
786294219153563648
786294237587537920
786294285486272512
786294331137150976
786294398275325952
786294524066881540
786294568723451904
786294599245496321
786294620795920385
786294728526557184
786294831828131840
786294886865653760
786294907967266816
786294957074153473
786295060656599040
786295091996483584
786295097067315200
786295130030563328
786295252059643904
786295286083616768
786295325527052288
786295332451692544
