795702533109010436
795702765582516225
795702802773405700
795702840073322496
795702908075573248
795703022194216960
795703471605424128
795703509610020864
795703545664307204
795703738090528768
795703754452566016
795703776644579328
795703850435047425
795703902972874752
795704226798301185
795704392532000768
795704901472915456
795704973971587072
795705077931667457
795705294668132354
795705354273300480
795705494325313538
795705503552860160
795705829324455936
795706007175438337
795706111869513728
795706132421636101
795706267348045825
795706341344088065
795706392460066821
795706446709145600
795706643388317696
795706893675229184
795707030023663616
795707123283988480
795707168771231744
795707713749712897
795707824374484993
795707947548610560
795708135658885120
795708547938091012
795708750309064704
795708961467092992
795708981419249664
795709329064214528
795709363902152705
795709957589045253
795710036366467072
795710117308223489
795710383541600257
795710642976096256
795710868445085696
795710971838873601
795711033298059264
795711070312820736
795711114562650113
795711177942794240
795711187740672000
795711232447803392
795711269496115202
795711405005668352
795711457711259648
795711521875693574
795711585171996674
795711694605586432
795711723978313728
795711888734752768
795711937015402500
795712014140272640
795712029726273536
795712253509169152
795712358492622849
795712361403400192
795712503611277313
795712625892065280
795712832222412800
795712863205736448
795712863415533568
795713313854423040
795713545367408640
795713674149302272
795714490549628929
795714535009255424
795714619696353280
795714661987610624
795714689967788032
795714869018456064
795714948357881856
795714994100961280
795715252033884161
795715478148804608
795715517436850177
795715710387425280
795716137636003841
795716169571467264
795716183957901316
795716233991778304
795716384642756608
795716648485396480
795716844837621760
795717167098511364
795717323533455360
