797000928389922816
797001112792559616
797001147110268928
797001500178399233
797001530339631104
797001601558970368
797001617627369472
797001706131386368
797001723642576898
797001799681142784
797001810158428160
797002087196463104
797002229156900864
797002235372773376
797002258449891328
797002390641770496
797003378991792128
797003438383124481
797004208520261632
797004246646394880
797004309485522944
797004311913988096
797004353454247936
797004355157299201
797004450342825984
797004505753784322
797004689707569152
797004736218222592
797005000044056577
797005084051861504
797005137474678784
797005145624219648
797005161201889280
797005245444399104
797005292580044800
797005404282781696
797005519886176257
797005621790965760
797005780071288833
797005959570870272
797006174835052544
797006371355037697
797006474530738176
797006771160281088
797006799023046656
797006849648246784
797006873006395392
797006996142694400
797007571781558272
797007650215120896
797007728514387968
797008123483615232
797008536865767424
797008562232950784
797008794077265920
797008834820767744
797009103692398592
797009137523716096
797009452092313601
797009553019834368
797009728559808512
797009782511169536
797009865982038016
797009887842758656
797010200809050112
797010330249560065
797010643085885440
797010720953081856
797010815291445248
797010916743254016
797010943003729921
797010956702228481
797011016890642432
797011070447734784
797011235237675008
797011573520891905
797011611219329025
797011645172187136
797011683201916929
797011684518936576
797011704643276801
797011868657270784
797011930531643392
797012156772446208
797012192411402240
797012250678726656
797012339824410624
797012489884094464
797012520020086784
797012566434254848
797012580673916928
797012710365892608
797012786308149249
797012807992705024
797012832315318272
797012894156255232
797012967300694016
797012974875668480
797013151233560576
797013353734557696
797013381626691584
797013487046246400
797013622786441216
797013730605338624
797014122768437248
797014128049143808
797014433088307200
797014476344193024
797014505834369025
797015032496345090
797015180655939584
797015546986381312
797015565609078784
797015590418481153
797015835789393920
