801108071162343424
801108081929093121
801108227270279168
801108245029027840
801109112436178944
801109117511335940
801109146179436544
801109149069127680
801109205679833088
801109292057235456
801109307676827648
801109383358910464
801109477172903936
801109535083663361
801109548635475972
801109833164488704
801110036080513024
801110424796229632
801110471470235648
801110693051174913
801110718913204224
801110786181660672
801111146094882817
801111505378930688
801111881243066374
801111966685270017
801112210571399168
801112482924335104
801112664738930689
801112758691381248
801112887205003265
801112931693957120
801113332811870208
801113500831518720
801113501129273345
801113775638134784
801114058401333249
801114274131218432
801114577379487748
801114835584974852
801115157984182272
801115232043155456
801115792809017345
801116122934312960
801116461502697473
801116573247373312
801116879410659329
801116888507904001
801116974294204417
801117535928193024
801118367121895425
801118449216978944
801118453092454400
801118688862728192
801118719300747264
801118892190011392
801119011090169856
801119462623617024
801119514742001664
801119585688813568
801119685605462016
801119698314285056
801119799648489472
801119959481020420
801120617701355520
801120901974597632
801120917292204032
801121084724670464
801121133407965184
801121289960353792
801121385883967488
801121437977374720
801121578939510784
801121661713907712
801121837585342464
801121881868931072
801122320488071168
801122488881123328
801122581986287616
801122813188902912
801122863382200320
