803569408358645760
803569507339878401
803569573425532928
803569693172723712
803569785208446976
803569947297185792
803570009473748992
803570030872924160
803570558726246400
803570725500043265
803570815216152576
803570837601288192
803571189545390080
803571447591407616
803571460686102528
803571841549926400
803571875175657472
803571962601558020
803571997875834881
803572162367987712
803572163047464960
803572272753680384
803572532758663168
803572721695264768
803572961957576704
803572980496420864
803573030035357696
803573164009803776
803573427026198529
803573542495236096
803573710577926144
803573783915282433
803573989297811456
803574194768330752
803574208647364608
803574236367482880
803574412511416320
803574446703439872
803574585719406592
803574692565155840
803574714023092224
803574714467659776
803575323463925760
803575916005888001
803575981864718337
803576095647875072
803576175507410944
803576221569318912
803576323109224448
803576455980580864
803576549438005249
803576591087452160
803576736961200128
803576854904877056
803577093892280320
803577131452301312
803577141107376128
803577595136655360
803577722840588289
803577765320687616
803577825928376322
803578283589648384
803578357979828224
803578386874404864
803579098450624512
803579179069378560
803579608411082752
803579905527136256
803580180279283712
803580292296560640
803580325129375744
803580335850037250
803580391495847936
803580455505170432
803580580927512576
803580739803561984
803580967394955264
803581119480418304
803581509005242368
803581872877883393
803581882977972224
803582291717058560
803582552581672960
803582693288058880
803582799919927296
803582807381413889
803582858640130049
803583034473795584
803583270982189056
803583570178703362
803583626071842816
803584201324957696
