801349665014902784
801349765019615232
801350021753044993
801350573031354368
801350663720566784
801350726685523968
801350764891357184
801350870042611716
801350942973161472
801351266257530881
801351417860681728
801351459614900224
801351669560864768
801351677513269248
801352048839192580
801352096943665152
801352520375398401
801352968033435648
801353207247204353
801353256999985152
801353615466233857
801353777395748864
801354058409906176
801354155759718400
801354293886521345
801354386421256192
801354420231569408
801354546593361921
801354998382784514
801355040325824513
801355237562912768
801355251928498176
801355312888512512
801355341745229824
801355589049786368
801355659111464960
801356544222892032
801356554595368960
801356559511126016
801356598140608513
801356603048034304
801356789040156672
801356828596731905
801356899530797056
801357069429440513
801357168603697152
801357213310865408
801357232252317696
801357378318954496
801357511718735872
801357513895673856
801357518144409600
801357594946371584
801357717977923585
801357725913534464
801357950057115651
801358050976206848
801358054537170945
801358071683567616
801358571166384128
801358930152660992
801358986612183040
801359002198278144
801359115440324608
801359199720656896
801359287142457344
801359359649480709
801359493439324160
801359717809487873
801359752957661184
801359880787492864
801360041450340352
801360225957806082
801360357038129153
801360576345739264
801360599523397633
801360821687357441
801360837902499841
801360868625752064
801360896366931969
801361097857044480
801361111673163776
801361585801482240
801361607540543488
801362011636563969
801362262820880385
801362455263936512
801362686147788800
801362762026938368
801362784474763266
801363011734765568
801363237279330308
801363239758163970
801363312634163200
801363389222154241
801363829875736576
801364210848505856
801364291723153408
