805758694004768769
805758732936286208
805758880957558784
805758886829506560
805759031881121793
805759135430152192
805759159220269056
805759160650526720
805759174797881344
805759244658180096
805759377022087168
805759649161117696
805759951343878144
805759982578860033
805759996944322561
805760074400563200
805760175391051776
805760187357335552
805760385223716864
805760415674339328
805760490689482753
805760502584504320
805760605428793344
805760678812336128
805761283253411840
805761363712819200
805761367764586496
805761407987945472
805761414010982402
805761425625018368
805761459602997249
805761583087493120
805761587441242112
805761685227237376
805761792383352832
805762016476536832
805762066137092097
805762379955007488
805762382509330432
805762391766138880
805762413295497216
805762447437164545
805762485546586112
805762514382422016
805762603599491072
805762941719052288
805763049617584128
805763146774409216
805763253578113024
805763274960670721
805763357722771456
805763504426860544
805763669862871040
805763669816700929
805763766277341185
805763833293901824
805763964391002112
805763987220602880
805764033299316736
805764117898399745
805764117097279489
805764180783616000
805764217412448256
805764339865153536
805764354536771584
805764390842667008
805764586385403904
805764688063643648
805764833736069120
805764902468120576
805764953764458497
805765014883811328
805765020500037633
805765054146760705
805765074413559808
805765121897353216
805765181452255232
805765216827011072
805765263408984064
805765291418546176
805765376126631936
805765398285131776
805765466128076800
805765540736331776
805765629340958721
805765752305360896
805765894949502978
805766157282275329
805766306603663360
805766466868051968
805766485037748224
805766508882382848
805766561374015488
805766581322215424
805766607305895936
805766728240267264
805766807944622080
805766879461699584
805767180415631360
805767231175008256
805767281892532224
805767299831595008
805767371948511232
805767408476651520
805767527825571840
805767708499386368
805767854964568064
805767976637108225
805768016403238912
805768121139286016
805768127338475520
805768280157863936
805768418347642880
805768480637255680
805768565941043200
805768843754897408
805768870514589696
805769039498846208
805769079453839360
805769082612187136
805769352591081472
805769413680975872
805769939957125120
805769960173793280
805769969615126529
805770018164211713
805770091983994881
805770118353522688
805770616771055616
805770721964281856
805770753241190400
805770929557176320
805771007227207680
805771023719071749
805771079616700417
805771276799328257
805771448451268612
805771484597813248
805771498048856064
805771510438891520
805771991542276099
805772008554373120
805772855367663616
805773365403381760
805773394960646144
805773409623883776
805773586988486656
