810908348635877376
810908455695433728
810908546883813376
810909032034828296
810909100955443200
810909164730011649
810909234254716928
810909266521550849
810909367923052544
810909491432660992
810909523732992000
810909764980862976
810909817393049601
810909882694205440
810909972389330944
810910252564643844
810910301365436416
810910400640413696
810910428901601280
810910439836094464
810910483079380992
810910570580938752
810910722771271680
810910780363276288
810910912446087168
810911037432143872
810911222484860928
810911353208799232
810911378387140608
810911623032479748
810911797381398528
810911948242087937
810911974573928449
810912069419732992
810912208418930690
810912219563171840
810912670954258436
810912976010100737
810913125608341505
810913529574387712
810913533848354816
810913965903646721
810914314345476096
810914347354624000
810914415440756736
810914506041937920
810915350829297672
810915486124929024
810915488263979008
810915717830819841
810915929462898689
810915957636038656
810916291167002624
810916347047800833
810916426982785026
810916529877426176
810916586190041092
810916726225375233
810916818810454017
810916870144528384
810917284118233088
810917440263716864
810917514658119682
810917794510491652
810917909967081473
810918032998629376
810918240348237825
810918291745239041
810918436016713728
810918645371170818
810918705521655808
810918962284335105
810918992126889984
810919014474153984
810919055611850752
810919089011064832
810919200579522560
810919236923170816
810919286587985920
810919333631299584
810919383912640517
810919463432425472
810919619598938113
810919658937262081
810919749676896260
810919796615376896
810919838960992256
810919842974941184
810919886985773056
810919964886634496
810920016975659008
810920055781388289
810920091768516608
810920166670422016
810920198672773121
810920225776566272
810920263034486784
810920274606587906
810920308756676609
810920329958801408
810920383771791364
810920675263315969
810920705126764544
810920725582331904
810920911566159872
810921075609571329
810921378664824834
810922161791729665
810922223347318784
810922294579175424
810922514511785984
