804671827020840960
804671848956960768
804671880749842432
804672116398391300
804672147436212225
804672250511233024
804672383336480768
804672440953606144
804672610583908353
804672674630955009
804672987844767744
804673092903731200
804673096410169344
804673254115962880
804673264261939201
804673429928640512
804673707570393089
804673767439994880
804674094314700801
804674203458924544
804674221951557636
804674228326899712
804674421063643137
804674893480501249
804674944206589952
804674976372719617
804675000636735488
804675060887941120
804675068525690880
804675140990668801
804675251594559488
804675265565786112
804675458981908480
804675482809749504
804675658387439617
804675677274443776
804675733905883136
804675734329585666
804675735285858304
804675763509329924
804675830769184768
804675917343784960
804676118418751488
804676357041090561
804676463756767233
804676509566992384
804676573827829760
804676652743663616
804676709459042305
804676730791350272
804676766887530496
804676927978143744
804676928154324992
804676988258713601
804677020139552769
804677063693176832
804677081586159620
804677203929788417
804677218395947009
804677235869437952
804677347039412224
804677364169011200
804677378895126528
804677525142171649
804677696395575296
804677727840309249
804677733913690112
804677743048851456
804677981767663618
804678027154169856
804678073404817409
804678306637484032
804678381132509188
804678446098026496
804678630014144512
804679012698177536
804679045740974080
804679103370641408
804679303405375488
804679328613146624
804679349328891904
804679584344051712
804679659527016448
804679778666168320
804679861746868224
804680039287685125
804680089615159296
804680351121543168
804680410181627905
804680411507003392
804680435863289856
804680751535034368
804681060806172672
804681091370143744
804681129886449664
804681165957271552
804681272601837569
804681302586916864
804681394966429697
804681406907580416
804681583844360193
804681594455883776
804681656422563840
804681663888392193
804681664064614401
804681857157709828
804681882973650945
804681885599354880
804682016570613760
804682086074511360
804682152357101568
804682210544648193
804682286184669184
804682387758030848
804682396604006400
804682688607162368
804682820622970880
804682937639858176
804683024042442752
804683049409581056
804683170989752320
804683292410789889
804683330771820545
804683526247301120
804683717360939008
804683831785746432
804684051227484160
804684165794922497
804684178147020800
804684270581284865
804684272523182081
804684410423492608
804684567097511936
804684758806564864
804684823675731968
804685330028883969
804685347531669506
804685374006108161
804685568122687488
804685841037742081
804685910759579648
804685953302495232
804685978967351296
804686017986957312
804686211457708032
804686522461065216
