796940579850555392
796940757210951680
796941198250405888
796941621409513472
796941832290791424
796942381610401796
796942428708151296
796942956460732416
796943123012317184
796943737444331520
796944228043620352
796944403969568768
796944628691927041
796944788629159936
796944944560832512
796945383159111680
796945441824919553
796945902015389696
796946300604448769
796946497606717440
796946955746283520
796947330108891136
796947427542634496
796947599471345664
796948228554031104
796948372733259776
796948579046850560
796948784039284736
796950287256879104
796950628945854464
796951121130618880
796951231713411072
796951570550231040
796951779594346496
796952672024883200
796952929622257664
796953191556513792
796953583199670272
796953585711976448
796953672458571776
796953751395377153
796954082623811584
796954377588047872
796954479400812544
796954834800877568
796954872050544640
796955277513912321
796955419771969536
