803464182083502080
803464246508011520
803464399382020096
803464503266516992
803464539429892096
803464680161284096
803464811208130560
803465192713711616
803466157764251648
803466604013092864
803466711030759424
803467229966848000
803467435638722560
803468699189596160
803468980677738496
803469877579280384
803469894838845440
803469907832832000
803470181121032196
803470950322806784
803471330314256384
803471334554697728
803471688205737984
803472566690181120
803472585350647808
803472794042281984
803473010258747393
803473239645233152
803474080234110977
803474425546940417
803474433897807872
803474442496147456
803474456945590272
803474509894393856
803474712835846144
803475063429271552
803475652741656580
803475844014424064
803475973090013184
803476337868623872
803476480483348484
803476694514466817
803477289216380928
803477339652968449
803477608147144704
803477939610386432
803478003464413184
803478375000051712
