785902797896245248
785902831639339013
785902832801251328
785902842863202304
785902913302519808
785902946466799616
785902996710240256
785903001584209920
785903065593413632
785903138444312576
785903222246572033
785903288185040896
785903302378524672
785903373493145600
785903523200368640
785903575272742912
785903575167664129
785903576560373760
785903652015902721
785903667887104000
785903690297249792
785903721544880128
785903827434299396
785903846795120640
785903876092235777
785903937467588609
785904048096575488
785904053544902656
785904088563134464
785904104639913984
785904126454591489
785904156741599232
785904253336453120
785904254141796356
785904268314288128
785904376044937216
785904442990288897
785904443971600385
785904466000216064
785904475789729793
785904495335247872
785904515690164225
785904746410442752
785904861984456704
785904863276216321
785904877813628929
785904919182127104
785904991399620608
785905019811880960
785905023385567233
785905032935776256
785905089600892928
785905204986310657
785905243171221504
785905257545170945
785905264033533953
785905312607956992
785905370640244737
785905412352729088
785905413028020224
785905494456143872
785905523837272064
785905533802811392
785905578816266240
785905633497317376
785905689348546560
785905702174720000
785905761842888704
785905768834924544
785905777160642560
785905812350889985
785905814892675072
785905826162761728
785905832345137153
785905840163287041
785905885230968832
785905910761807872
785905982836772864
785905993351827456
785906091515375616
785906117725519876
785906133466619904
785906135647784960
785906162751279105
785906189322317824
785906200948998144
785906296528646144
785906300882386944
785906463596175361
785906470638542850
785906479190638592
785906567644323844
785906584069300226
785906586027950080
785906637403922432
785906696728096768
785906725148688384
785906755632975873
785906900474863619
785906982133833729
785906984457478144
785907027319009281
785907119430127617
785907121833455616
785907139994845184
785907407608221697
785907440713957376
785907536272756740
785907672336007168
785907674542120960
785907715583438848
785907761359958016
785907773603139584
785907805714784256
785907821720268800
785907827151896576
785907828523425792
785907830482141185
785907837323051008
785907919934152704
785908055800033280
785908113857798144
785908165107822592
785908174238867456
785908232082497536
785908244006907904
785908277745815552
785908367726346240
785908453088845825
785908582504140801
785908700896698368
785908716499378177
785908762343247872
785908787802615809
785908822707765248
785908844669104128
785908902424616960
785908934259322880
785908947010060288
785908954060709888
785908977024507904
785909038332596224
785909060054949889
785909128568811520
785909132725460993
785909160667914241
785909176090267649
785909241647202304
785909259330527232
785909444789972992
785909495998349313
785909504697311232
785909526851497984
785909533419929600
785909613061345280
785909638306926595
785909826094178304
785909875972845568
785909887637200896
785909951797559297
785910188545085440
785910210535759872
785910224188235776
785910288235237377
785910430451597312
785910451368521730
785910483228495872
785910559744995328
785910618628952064
785910631056695296
785910653370437633
785910674237128704
785910823361343489
785910847407132676
785910868819271685
785910876037611520
785911001787039744
785911034720555009
785911082405793792
785911116870344704
785911265931694081
785911355228368896
785911360030961664
785911422408462336
785911476951326720
785911585961222146
785911596027568129
785911685144010752
785911765800542208
785911777615765504
785911798092304384
785911855030083584
785911907513307136
785911912122896384
785912032914800641
785912063826669568
785912081438638080
785912108944949248
785912125113954304
785912144424501248
785912228218335232
785912241073876992
785912261802008576
785912298288185344
785912305754210304
785912313425428480
785912374343700480
785912477284532224
785912478160949249
785912508456562688
785912526940860416
785912540173742080
785912565712977921
785912635585855492
785912667668033536
785912750283317248
785912794637934593
785912852221534208
785912854473867264
785912870294974466
785913061844652032
785913114244022277
785913197031108608
785913212608839680
785913244615528448
785913276672729092
785913304254296064
785913344532164608
785913393614118912
785913420445089794
785913618705547264
785913639463063552
785913764986118144
785913792748261376
785913835538386944
785913869491396608
785913876919353344
785913884481884160
785914000857063424
785914024823226369
785914095841251328
785914119182508032
785914118196690945
785914120298041344
785914122265387009
785914123901075458
785914308869943296
785914323059236864
785914329413541888
785914344852758528
785914443926540288
785914465334067200
785914590936858624
785914658456735745
785914772034170880
785914845141008385
785914894268952576
785914978587045888
785915002230231040
785915025445703680
785915047340085248
785915095352127489
785915144626987009
785915193859665920
785915244547747840
785915251380322304
785915273312206848
785915432741941249
785915476656271360
785915554917969920
785915580402499584
785915610765074432
785915807217823744
785915829695250432
785916010666733569
785916025003016192
785916071962218496
785916158209822720
785916176429875204
785916207979458561
785916230964170752
785916259829506048
785916299268460544
785916353375068164
785916460229128194
785916498560843776
785916499785420800
785916517485535232
785916572833554432
785916610414518276
785916741817806848
785916811623731202
785916825070608384
785916914837123072
785916954573930498
785916988321333248
785917032663429120
785917041018626048
785917047440019456
785917065425190912
785917064636686336
785917084752605184
785917097012375552
785917193506742272
785917396552941568
785917426177339393
785917446834294784
785917467709276160
785917479235227648
785917497639710725
785917517428563968
785917619589242880
785917643924570112
785917656151027712
785917665399349248
785917722844598272
785917739907084290
785917864448581632
785917880579809281
