805124702217891841
805124940160761856
805125021689647105
805125067835375616
805125125981032448
805125132884803584
805125330763677696
805125353207427073
805125366847303680
805125398325497856
805125468747923457
805125520501284864
805125560083054592
805125730468302848
805125946978304004
805126257142857728
805126307084435456
805126357072183296
805126382149894144
805126388281909252
805126521438564352
805126947776892928
805127083865284608
805127145131540480
805127351218610177
805127499973804033
805127513244635142
805127591892029441
805127886701264896
805128027231420416
805128039763996672
805128151483449344
805128370451259392
805128449694244864
805128556963627008
805128602845138945
805128691231637505
805128733279612929
805128799243431936
805128930680303616
805128967061639168
805129023114321920
805129061500588033
805129268141420544
805129395207802883
805129548144709632
805129929750966274
805129988466950144
805130028107309061
805130065856106500
805130104254898176
805130116711976960
805130176329818114
805130357259571200
805130368638709760
805130707274174464
805130729713758209
805130899067125760
805131037500198912
805131196405600256
805131208535539712
805131648136343552
805131648295698436
805131882862149632
805131958493839362
805132081714130944
805132141096882176
805132365567787008
805132499269648384
805132614772412416
805132777066795012
805132801326649345
805133270904147973
805133333910917120
805133473996570624
805133496033406976
805133511485255680
805133510386339841
805133635930169344
805133658717765632
805133672622018560
805133799260647427
805133821066756096
805134098146742273
805134386446344197
805134522757107713
805134605250686976
805134734582054912
805134913271955456
805134972843683844
805135309197508608
805135461534625792
805135480366972928
805135659354750976
805135721338204160
805135912233566208
805135926804541440
805136023332290560
805136072263036928
805136213699072001
805136322876899328
805136494830747648
805136527026167810
805137040127954944
805137346769416192
805137437626400768
805138338302791680
805138424072126464
805138517684789249
805138691354218496
805138935626289152
805139232134152192
805139346110238724
805139532584812544
