789541943445422080
789542121195892736
789542292071845888
789542386368180224
789542515804409856
789542768217579520
789542819266428932
789542901751619585
789543269701124100
789543768307433472
789543888704925700
789543941246967808
789544296705880065
789544773996642304
789545157691633664
789545190109446144
789545342903717888
789545373975113733
789545423358849024
789545428689747968
789545454757445633
789545537049616385
789545719543787521
789546106141216768
789546203855945728
789546588494499840
789546914987515904
789546959279312896
789547014900047872
789547029194080256
789547129794596864
789547217816354816
789547230973849601
789547634704936961
789547702963073024
789547720398823424
789547971625021440
789548199300259840
789548473041424384
789548555426009088
789548837367115776
789548845994770432
789548870028189696
789549268663230464
789549636553932800
789549689423233024
789550043141406720
789550161441746945
789550196053213184
789550400680648704
789550604666503168
789550901199564800
789550966869721092
789550981629480961
789551070943084544
789551254078889984
789551389735280641
789551543787937792
789551634569453568
789551733257146370
789551949725196292
789552039651082241
789552140201103360
789552227740446720
789552347550720000
789552587745923072
789552595006320640
789552713835184128
789552912909365249
789553031348101120
789553032186982400
789553073626710016
789553331773566976
789553586657173504
789553772162875392
789553821911511040
789554064581398528
789555529970581506
789555643736784896
789556456408383488
789556507113324545
789556813314351104
