787865985571323904
787866356536348673
787867147246731264
787867191614005248
787867253115088896
787867275206463488
787867397550141440
787867639402139648
787867784738902017
787867856323112960
787868099882123265
787868314542440448
787868349422338048
787868911920410624
787870615101247488
787871507850653696
787871686481838080
787872082474434560
787872140892704768
787872611472646144
787872775121801216
787872902154690560
787872904012820480
787873619384950784
787874034642026496
787874728778268672
787875366857768960
787875482037608448
787875489193091072
787875517722664961
787875945227096064
787875975719743488
787876036147052544
787876522807988224
787877533886754816
787877541990334468
787877692209266688
787877733066018820
787878004340981760
787878027686543360
787878329672138752
787878654734897152
787878924294447104
787879003998789632
787879071128707072
787879430098157568
787879692745474049
787879702534979584
787879715067625472
787879769132175364
787880091728486401
