814924178151395328
814924348800778242
814924361752858624
814924388281839617
814924391360450561
814924424679923712
814924533216018432
814924685548912640
814924739739271168
814925124570849281
814925294423441409
814925333673689091
814925576188346368
814925638591193089
814925781713514502
814925877779828736
814925977738481664
814926079492235266
814926129253543937
814926155170119681
814926228721434625
814926610231128065
814926892352630784
814927004462157824
814927009889583104
814927109961420800
814927364316659713
814927373061816320
814927648359071745
814927837970898944
814927905713246208
814928283565490176
814928303844982784
814928432048041984
814928508300513280
814928637698904073
814928709283090432
814928787733434373
814928839428243456
814928918675333120
814928957451669504
814929009125556224
814929041803317248
814929062795890692
814929130722623488
814929321353740288
814929506427371520
814929591018123264
814929718227206145
814929796081786880
814929981184897024
814930087149797378
814930239340105728
814930285427126272
814930377689047040
814930561324187651
814930577900048384
814930751896645632
814931050979794944
814931171935186944
814931339136876544
