810093109040345088
810093671676858368
810094016205377536
810094342186659840
810094458607988736
810094546818310144
810094733909458944
810094737403285504
810094799286112256
810095240879243265
810095298366373888
810095381069631489
810095401760161793
810095844766744576
810095921241423872
810095996348854272
810096215740260352
810096215543181312
810096321109643264
810096396183490560
810096471496388608
810096768465719296
810097044484407296
810097576448061441
810097956204511232
810097966572769280
810098063217922048
810098064199471104
810098480387649538
810098507122167808
810098650206666752
810098688160894976
810098740719747073
810098737687228416
810098910245122048
810099080567418880
810099192551145472
810099202755854336
810099252286418944
810099733352083456
810099784682000384
810100063921901569
810100437118578689
810100474200334336
810100526352400385
810100607658889216
810100842128883712
810100878363529216
810101058022375424
810101079249518593
810101104109359105
810101403976921088
810101800292454400
810102034842132480
810102331337560064
810102358705373184
810102534266232832
810102882020323328
810102884775919616
810103177697783808
810103886925144065
810104458738860032
810104526904631296
810104718722789376
810104854328864768
810105519327313920
810105545214623744
810105570132946944
810105829907107840
810106021309976576
810106093741473792
810106131469189120
810106385807605760
810106543802871808
810106725718171648
810106800934625280
810106745938989057
810106874456641536
810107077658083329
810107133744259077
