801470478732902402
801470539055427585
801470543102885888
801470661940146176
801470697268805633
801470944598487041
801471017038254082
801471367568822272
801471451467546624
801471688059850752
801471698705010688
801471885246611458
801472470570123268
801472557723566080
801472596760002560
801472597007499265
801472888532586496
801473122293714945
801473148784873472
801473364107939840
801473533658484737
801473737392537600
801473805214449664
801473904535404544
801473955504726016
801474312331022336
801474472184266754
801474496704221188
801474698617962497
801474993548836864
801475126772531201
801475459854823424
801475476124381185
801475480004284416
801475575202332673
801475661449793536
801475856686284800
801475883810832384
801475940207525889
801476186371162112
801476222349873152
801476275600838656
801476361508503554
801476398003134465
801476497714380800
801476652991709184
801476661917155328
801476694980886530
801476801616814080
801476923079671808
801477039928778752
801477148804579329
801477369915736064
801477508122210304
801477537125826560
801477939858669568
801477948586881024
801478361998622720
801478513538822144
801478535844102144
801478566273810435
801478875893137408
801479076942934017
801479151203057665
801479361572601856
801479635175436288
801479671649107968
801479777790099456
801479909805817856
801480050315038720
801480238081441796
801480310550654977
801480420995035137
801480604319674369
801480769709469696
801480832481370112
801481037784186880
801481290075672576
801481514445918212
801481524025708546
801481601234436097
801481685984575496
801481892017147904
801481940578795520
801481950607249409
801481992319672320
801482049785888769
801482410089136128
801482424416948224
801482437486379013
801482439726141440
801482457136496640
801482544281780229
801482632659927040
801482670756732928
801482759525040128
801482842639368193
801483079760117763
801483241429598209
801483253874118656
801483436942880768
801483792095576069
801483912098807808
801483947070914566
801484018487279617
801484247043342336
801484351225659392
801484363477217280
801484811412111361
801484907121872900
801484989149937670
801485090308104192
801485292268093440
801485404511801345
