790795285333151744
790795362441236482
790795285333151744
790795362441236482
790795468758540288
790795669816610817
790795749546229760
790795468758540288
790795669816610817
790795749546229760
790796087519051777
790796387805962240
790796087519051777
790796387805962240
790796615896489984
790796663543717888
790796876333408257
790796615896489984
790796663543717888
790796876333408257
790797301421932545
790797491088285696
790797635095523328
790797301421932545
790797491088285696
790797635095523328
790797713105416192
790797835830759424
790797974838382592
790797713105416192
790797835830759424
790797974838382592
790797987584761856
790798049765384192
790798349125419008
790797987584761856
790798049765384192
790798349125419008
790798536472424448
790798570270130176
790798806916952064
790798536472424448
790798570270130176
790798806916952064
790798846825795584
790798902677168128
790799222647955456
790799323315466240
790798846825795584
790798902677168128
790799222647955456
790799323315466240
790799486243176448
790799549732364288
790799560939544576
790799486243176448
790799549732364288
790799560939544576
790799613313871872
790800096090791936
790800245361901569
790799613313871872
790800096090791936
790800245361901569
790800286835236864
790800513214324736
790800766638448640
790800286835236864
790800513214324736
790800766638448640
790800785957322753
790801294739005441
790801397742706688
790800785957322753
790801294739005441
790801397742706688
790801421482364928
790801675741200385
790801728719421440
790801826710974464
790801421482364928
790801675741200385
790801728719421440
790801826710974464
790802409249501184
790802421475835904
790803102022635520
790802409249501184
790802421475835904
790803102022635520
790803156129222656
790803159132274688
790803156129222656
790803159132274688
790803215113748480
790803304552988672
790803324576694272
790803215113748480
790803304552988672
790803324576694272
790803454449053696
790803535432744960
790803589459480576
790803454449053696
790803535432744960
790803589459480576
790803782607237121
790804057606717440
790804129815887872
790803782607237121
790804057606717440
790804129815887872
790804197683912704
790804527087747072
790804582549098496
790804197683912704
790804527087747072
790804582549098496
790804707904217088
790805066806652928
790805500870946816
790804707904217088
790805066806652928
790805500870946816
790805590582984704
790805770933768192
790805803213217792
790805590582984704
790805770933768192
790805803213217792
790805890324652032
790805949728624640
790806012928352256
790805890324652032
790805949728624640
790806012928352256
790806143283101696
790806158403567616
790806282181681152
790806143283101696
790806158403567616
790806282181681152
790806282651467776
790806282714353664
790806282655657984
790806282651467776
790806282714353664
790806282655657984
790806282508926976
790806636248129536
790806698869002240
790806282508926976
790806636248129536
790806698869002240
790806703533125632
790806775779958784
790807123160666112
790806703533125632
790806775779958784
790807123160666112
790807219600236544
790807280249819137
790807323031764992
790807219600236544
790807280249819137
790807323031764992
790807625654992896
790807785529311232
790807896619646976
790807625654992896
790807785529311232
790807896619646976
790807898607812608
790808557281239040
790807898607812608
790808557281239040
790808576826769408
790809335274336256
790809497589678080
790808576826769408
790809335274336256
790809497589678080
790810093780602880
790810093780602880
