797891992055402496
797892043263668224
797892130119229440
797892151506038785
797892214345134080
797892347455541249
797892687500165120
797892986759581696
797893085539639296
797893175218241536
797893726974726145
797893760134746112
797893783878778880
797893848424804352
797893882281271296
797893990716735488
797894003568087044
797894122048720896
797894197462372352
797894275954397184
797894327355609088
797894329888968704
797894455688884224
797894515218485248
797894555840430084
797894588954460160
797894661092343809
797894705576951808
797894706638135296
797895085463584769
797895093294239746
797895120230043648
797895212739674112
797895221522690048
797895238610096128
797895293177982976
797895295812046848
797895348337262592
797895447247540229
797895528939851776
797895609319587840
797895728609652736
797895786361012224
797895839150534656
797895874017955840
797896078175531009
797896117715234816
797896137793556481
797896288373264384
797896408074424320
797896427342958592
797896686085386240
797896706813820928
797896759796080640
797896761855590400
797897044774055936
797897089803878400
797897189670297600
797897240870350848
797897297547952128
797897387117154304
797897439864823808
797897510455013376
797897554776227840
797897703300730881
797897762754805761
797897887212417025
797897889326370816
797897965603950593
797898112698155008
797898183770775552
797898226800017408
797898247427604481
797898250435104768
797898257707847680
797898261499695108
797898288330457088
797898444069163008
797898497282416640
797898610771947520
797898646159327241
797898672826511360
797898959616212992
797898976171327494
797899034123849729
797899101929177088
797899163564380160
797899218417582081
797899273354575874
797899339477712896
797899680986238976
797900071224406016
797900172604809216
797900281891667973
797900384001871874
797900503531155457
797900528420126720
797900716962643968
797900887796711424
797900892167139328
797901131410075648
797901276205830144
797901377838206977
797901638597890048
797901768009060361
797901786799632384
797901899475386368
797901902495105028
797901985198575616
797902173656862720
797902205579853824
797902467966959616
797902528822280194
797902593036984320
797902694849515520
797902759169298433
797902790953730048
797902912060084225
797902959640096771
797902996830973952
797903150774554624
797903296329609216
797903422011965440
797903557907410944
797903589725204480
797903667475206144
797903711620235264
797903749486260224
797903778317889536
797904006227980289
797904055918071808
797904141939015680
797904298814283776
797904309685866497
797904620823584768
797904665274744832
797904769486458881
797905390201700354
797905518295543809
797905593688330240
797905651087327232
797905813956214785
797905820474310656
797905830175801345
797905979274883072
797906046891212800
797906096241463296
797906213526786049
797906326676447232
797906385610612736
797906388001452032
797906536932646912
797906570193444864
797906710040113153
797906728301928448
797906729187102720
797906777241255936
