789360795931045888
789361150211330048
789361336677462016
789361464599511040
789361509898002432
789361659596922880
789361672074981377
789361908323328000
789361912366698497
789361953743536128
789362375484997632
789362397886775296
789362404413042688
789362410998075392
789362432288448512
789362484620697600
789362623263506432
789362747289075712
789362801030664192
789362821901451268
789363010322178048
789363031276916736
789363167675682816
789363263125553152
789363435016429568
789363444503998464
789363571377500160
789363624309559296
789363796590682112
789363917457854464
789364040820723712
789364404227805184
789364578161483777
789364913638612992
789365242291752960
789365246938976256
789365556726095876
789365750490423297
789365754445561856
789365801103089664
789365822103904256
789365854576214016
789365936960724992
789365948742508544
789365972272635904
789366020553240576
789366192976830464
789366522519117824
789366565087117316
789366587136540672
789366609638985728
789366615225884672
789366621072662528
789366711891927040
789366711212474368
789366720318283776
789366793928400896
789366865256714240
789366906461495296
789367075554922497
789367236872011776
789367388974247936
789367651818696704
789367876151107584
789368029670957056
789368206574125056
789368410220158976
789368573210787840
789368615564898304
789368896310636544
789369293511294976
789369307906072576
789369629928001536
789369756298141697
789370161937674240
789370167876661249
789370353457958912
789370364723945472
789370413298151424
789370417261768705
789370664738258944
789370747093266432
789371113558142978
789371193572941824
789371330718212096
789371494317129728
789371700081205248
789371705705758721
789372025131438080
789372340148764672
789372586719342592
789372596408225792
789372635662655488
789372872749973504
789372911182282752
789372953829994496
789373029193318400
789373352343441408
789373394282217472
789373501186707456
789373567284678656
789373751351709696
789373780753809408
789373998564052992
789374143422685184
789374159675457536
789374216009293826
789374320464261120
789374486634258432
789374638367334400
789374839089991680
789374918941110272
789374937224122368
789375058984701952
789375195719098368
789375272877522945
789375320344268800
789375346055479296
