798949002255298560
798949505953628162
798949575981694976
798949994413760512
798950232079925248
798950384597401602
798950439131742208
798950541124628480
798950971372163072
798951347576074241
798951415146283010
798951469529432064
798951846543032324
798952018417045504
798952153545113605
798952253671383040
798952271392411648
798952360777289728
798952378070351877
798952521234608133
798952635323666433
798952663073308673
798952680454553600
798952729796177920
798952837921308672
798952846020452352
798952873635807242
798953061989412865
798953105488375810
798953136060825607
798953186828505088
798953293884096516
798953453250871297
798953888044851200
798953913890308097
798953964691718145
798954020387721216
798954075840806913
798954440313229312
798954481052479488
798954851954819072
798955022427897857
798955358362345472
798955398040461312
798955437819363333
798955562637623296
798955754271014912
798955821598019585
798955868645511168
798955945980297216
798955996752314368
798956110841577477
798956283193950209
798956326118424579
798956419592712192
798956426479607812
798956436516548608
798956582398787585
798956588178382848
798956609724616704
798956640741560320
798956656088358912
798956689215094784
798956819951427584
798956819553144836
798956830156324865
798956893033136128
798956906924699648
798956976298479616
798956997559189504
798957024923021313
798957110646239232
798957115192676353
798957216976039936
798957229672169473
798957368818024448
798957390406164481
798957405937795072
798957441685848064
798957577879044096
798957601371332609
798957690655539201
798957703649370112
798957775514730496
798958007719759873
798958201316249600
798958259751231489
798958301509779458
798958374138195968
798958454966779918
798958466362535936
798958520125124608
798958529377923072
798958544745680896
798958559434182656
798958608604168192
798958638052347908
798958659963387914
798958940352561152
798958972061491200
798959019457212416
798959125254307840
798959256213061638
798959309623169024
798959392074907648
798959482034388992
798959547700363264
798959704886022144
798960049653739520
798960069320777728
798960183225548802
798960438633447425
798960481155198976
798960493046202368
798960537090588676
798960690891460608
798960942423875584
798961023998984192
798961051467325440
798961066537582596
798961267436298240
798961461477441536
798961553282367490
798961578053931008
798961798036721668
798961955306401792
798962083161374725
798962103000276992
798962187549212674
798962240712015881
798962640840224768
798962771077439488
798962947695333378
798962952091082753
798962963767902208
798963142478987265
798963163198849025
798963304194392064
798963323261882368
798963491612676096
798963542078746624
798963659737333769
798963704486367232
798963738694909953
798963824284078081
