814184148286009349
814184202694443008
814184333909065728
814184446157012993
814184464272293888
814184562653822976
814184740920193024
814184815356444673
814184933367382016
814184977806094336
814185261970157568
814185420326076416
814185480447213568
814185803932958720
814185809083531264
814185872249733121
814186009973948416
814186068966838272
814186345002401793
814186361314021376
814186382801469444
814186450136735745
814186521993551872
814186539945234433
814186606617907204
814186727623524353
814186754727100416
814186782866685952
814186800369565696
814186841188536320
814186854903873536
814186901678780417
814187203735801856
814187305384759298
814187313051893761
814187330315685888
814187348040843264
814187384443117568
814187434904850432
814187481176440832
814187737310003200
814187878788059137
814188330531352576
814188717044858880
814189083065020416
814189245887815680
814189546317430785
814189551845523457
814189667323183105
814190101546692608
814190171147173889
814190195323129856
814190459694305280
814190475053793280
814190502174191623
814190539159519232
814190841434607616
814190854021795840
814190967909744640
814191023589036032
814191235330088960
814191320952696832
814191391895068672
814191491744722946
814191552218152960
814191666940772357
814191844145893376
814191867030081537
814191970285449216
814191972495802372
814192031367041024
814192062820188160
814192215866167296
814192282685624330
814192629495762944
814192939257790464
814193011898847232
814193119843549184
814193643217178624
814193710003064832
814193728567001088
814193764797468676
814193880446988288
814193970691657728
814194202238193664
814194211197042689
814194217211858945
814194241563860992
814194659060752386
814194886182313985
814195264793743360
814195285383585792
814195320263479296
814195420121497600
814195447891984384
814195499595141120
814195526333825025
814195578322161664
814195947718709248
814196004018716672
814196151578660864
814196909938249728
814197083305607168
814197108265943046
814197148032106496
814197235453988864
814197386964770816
814197452664373248
814197487087063040
814197514861772800
814197640988622853
814197738632085504
814198070799990784
814198102370426880
814198115108552705
814198116622733314
814198144506458114
814198494181392385
814198522140655616
814198753607487488
814199017093664768
814199066972344325
814199183259422725
814199197482307587
