811300211326943232
811300239567155200
811300655998627841
811300746234884096
811300779160174593
811301001802170369
811301018378104833
811301110489169920
811301360243212290
811301399212523522
811301486705733633
811301564107358213
811301692348178432
811301723595833344
811301899655909376
811302172415631361
811302238018797568
811302348815552512
811302522426101760
811302620685946880
811302755323314176
811302882633011200
811303002510389249
811303057971703809
811303614639697920
811303822085726208
811303999282577412
811304026218397696
811304071047106561
811304107197820928
811304120929972224
811304205235449856
811304247316901888
811304360131129344
811304366007316480
811304383099076609
811304465089306625
811304907902959617
811305151768231937
811305217752989699
811305262816645120
811305266616696833
811305278188699650
811305312116441088
811305401132126208
811305410263126016
811305432778162176
811305483806113796
811305603398324224
811306062884306945
811306077535031301
811306134451716096
811306181193039872
811306388748169216
811306389033414657
811306402203451392
811306431781683202
811306855540682752
811307085153652736
811307188375486464
811307324870639616
811307571898368000
811307619398909954
811307624931201024
811307742141050880
811307829558706177
811308114725236736
811308154529206272
811308174590570497
811308205645168642
811308249752436736
811308512844378113
811308660395835392
811308762304827392
811309018350284800
811309020120285184
811309050902278145
811309069453688832
811309253654769664
811309417295708160
811309609721929728
811309809840619520
811309915289559040
811310128813240320
811310203274661889
811310387438227457
811310670826315776
811310679219179520
811310680473305088
811310703147712513
811310771875495936
811310888380727297
811311152630296576
811311203721117700
811311863833251841
811311974189592580
811312092431216640
811312619051188224
811312852040609793
811312970114461698
811312977441857537
811313201510051840
811313214004875264
811313335186685952
811313348046454784
811313440992227328
811313441969504256
811313482788438021
811313588593979393
811313602309328897
811313702150537216
811313752608014336
811313835642589184
811313933038587904
811313971647148034
811314116057042947
811314151637315584
811314211989155840
811314277155999748
811314315047432192
811314322928467969
811314505347108864
811314556257652745
811314555699818496
811314627472723969
811314749191360513
811314952665464833
