798994058215440384
798994151958134784
798994470838685696
798994498651045890
798994890050965504
798994907599769600
798995074163974147
798995120913674240
798995389575630848
798995511009308672
798995638067154944
798995676914860032
798995708896563219
798995721177350144
798995726248374272
798995739737210880
798995972265299973
798995978984378368
798995990036541440
798996085473587200
798996188439728130
798996224716263424
798996309571239936
798996329926184964
798996509614362628
798996662383443972
798996697988943875
798996984904482816
798997028718202884
798997227762950145
798997332960432128
798997336307314689
798997343089655808
798997474069200897
798997494004850692
798997569884000256
798997604835037186
798997651697975296
798997889888423936
798998116582031360
798998207946747904
798998229400637440
798998318374260736
798998324909056004
798998625099665409
798998742338674688
798998761984950273
798998782348316672
798998787066920960
798998924350681088
798998932730892288
798999320427008001
798999470352564224
798999502925549570
798999541576060928
798999558995005440
798999567496658944
798999627915808772
798999745939193856
798999860561125377
799000130259193856
799000378117357568
799000419523399681
799000579364241408
799000671337009153
799000720406183941
799000743793532928
799000755172732930
799000804388524033
799001005073567744
799001048337829888
799001260733018113
799001387258429440
799001436822585344
799001498688638977
799001675813896193
799001736082051074
799001750883672065
799001757900820485
799001890285449216
799002030832545792
799002045533405184
799002064164704264
799002304624152576
799002468126429184
799002554134831104
799002956012146688
799002993735540736
799003736945336320
799003740846092288
799004155562065920
799004179243159559
799004543736578049
799004616507723776
799004617598267393
799004786867761152
799004822997438464
799004863757766660
799004960876851200
799004961669529600
799004981068263424
799005049670275072
799005071136739332
799005099863474176
799005167412793345
799005186828206080
799005290779856901
799005337584095235
799005446367485952
799005462402387970
799005598054567945
799005676626477056
799006028432101393
799006177019498500
799006328085774336
799006334821814272
799006392279584783
799006399518953481
799006558118170624
799006661683904516
799006695070584840
799006813861662721
799006923819536389
799006975577247760
799006996569739265
799007011904098304
799007047366873088
799007093386858496
799007106334674944
799007064936869889
799007179936239616
799007304897220612
799007355845353472
799007520719327238
799007565829066752
799007727532044288
799007992544972801
799008032445394944
799008129723891712
799008145158918155
799008148740833281
799008202595717120
799008372758630419
799008441192873984
799008459064754176
799008465750544388
799008625889071104
799008693224345600
799008781246099456
799008844215156737
799008895897391104
