796306427786694656
796306462523977728
796306468211400704
796306747153588224
796307197592567809
796307245239713792
796307428187009026
796307629022871552
796307706202177536
796307950264578048
796308354478047232
796308442331881472
796308478927208448
796308625547464704
796308630614265858
796308661425553413
796309299257573376
796309458477613056
796309556225835008
796309682101043200
796310008094949376
796310491777921024
796310777263222788
796310899573321728
796311270664339456
796311378269179904
796311418987495426
796311430979002368
796311543977803776
796311584071151616
796311589699878912
796311723238158336
796311832424251393
796311875717885952
796311961181028352
796311989521969153
796312007490334720
796312034694627328
796312166559268865
796312214554689536
796312264777277446
796312334406942720
796312384377917440
796312396902072320
796312499637338112
796312698652794880
796312716843646977
796312744911847424
796312905515991041
796313037514870784
796313103533305856
796313131299565568
796313199863861250
796313223007969281
796313312304701440
796313354818252800
796313457146626048
796313466525089792
796313471914754048
796313613933957120
796313634892677122
796313795538878464
796314070857248770
796314130177261568
796314149269733378
796314345877676033
796314619593846784
796314750934192129
796314794290774016
796314802717073409
796314932002308096
796314983458099200
796315023182352385
796315052517289984
796315205601034240
796315211024203776
796315262584758276
796315356612689921
796315467178614784
796315543578013696
796315638075629569
796315871551614977
796315924185878529
796315939490906113
796315975675056128
796316165547114496
796316170660016128
796316172337774592
796316185897869313
796316381960634368
796316511669460992
796316593726885888
796316714875187202
796316724610080769
796316851882098688
796316861063462912
796316877287002113
796316886757732352
796317019616460800
796317249145597952
796317454960099329
796317515899162625
796317584413130752
796317603182546944
796317701757169664
796317786515656704
796317855239245825
796317945538420736
796318064191148032
796318250170806272
796318302599520256
796318303555874817
796318380831703041
796318396140945409
796318455138054144
796318595554963457
796318663741734912
796318684683718657
796318728258547714
796318838610685952
796318956348993540
796319055607169025
796319107998240769
796319279104851968
796319344116514816
796319346356260864
796319480574017536
796319523527884800
796319527730561024
796319539608756230
796319606612881409
796319653240995840
796319654620884992
796319703614582784
796319872967995392
796320022599700480
796320110973743104
796320205039423488
796320274127917056
796320277361819648
796320323780087808
796320416541196288
796320527388446720
796320629981061121
796320634691325952
796320741314756608
796320789545046020
796320790786482176
796320892540178432
796320913646088192
796320918528294912
796321048274829313
796321233461710848
796321244241137664
796321247403577345
796321294220488704
796321301170360320
796321327741366273
796321366152777728
