798646889004441600
798647008361926660
798647069770514433
798647153576972288
798647188473675776
798647489259708416
798647589046521856
798647710593253377
798647730402824192
798647750229458944
798647774711574528
798647813542285312
798648005545037824
798648277184942080
798648585843707904
798648621251952640
798648704450301952
798648994612318209
798649062987706371
798649503620403201
798649585128394753
798649590119534592
798649787708866560
798649838858420224
798650173605998592
798650477328080896
798650563575435265
798650674636431360
798650896909406209
798651293279670273
798651584678805504
798651723560656896
798651834709618688
798651968382083072
798651970416324611
798652143662080000
798652206190735360
798652450475380736
798652475796582404
798652492791824384
798652554628345856
798652574484283392
798652681862594561
798652691819810816
798652814356611072
798652899278475264
798652934951038976
798653080073949184
798653097346211840
798653108125650944
798653145723256832
798653149896589312
798653164882755584
798653203994787844
798653351726563328
798653491178782720
798653586955612160
798653797832736769
798653860537470976
798654249467047936
798654296736661504
798654360402001920
798654555382685696
798654800678322176
798654872501391360
798654915237146624
798655432768241665
798655625584668675
798655684485218304
798655988114931712
798656253828403200
798656322698776576
798656362246852609
798656530841075712
798656633496858624
798657133898330112
798657223823982595
798657573834477569
798657592218132480
798657814621130752
798657865342795776
798658061384617984
798658189608652801
798658539631693824
798658862865907713
798658926728409088
798658948987580417
798659050904748032
798659170149027844
798659343319269376
798659486395363329
798659573561303040
798659715467091968
798659822145126400
798659939786887168
798660081151832068
798660473218600960
798660806372003841
798660998039306240
798661145473191936
798661278268915712
