802829460655345665
802829536526213120
802829723873198081
802830005809987584
802830321842409472
802830681176936448
802830712856526848
802830714865651712
802830777910263808
802830907275087872
802830983674335232
802830996412497920
802831147247882240
802831516250144768
802832067818033152
802832834956328960
802832967215235072
802833236988674048
802833538617901056
802833568116391936
802833624525631488
802833635153879040
802833746084974592
802833798303977472
802833962687205376
802834439726305280
802834452531609600
802835282995212288
802835384887455744
802835701691580416
802836143972696064
802836299665330176
802836353780043776
802837056384811008
802837495666929664
802837673304068096
802837737350926338
802837949004050432
802837978154434560
802838013021655040
802838318094262272
802838708365836288
802838711192915968
802838947839836161
802838979729117184
802839207710523392
802839216509988864
802839605305188353
802840308434305024
802840749037551616
802840868977709056
802840995368992768
802841083952635904
802841602662264832
802841620928458753
802841857189363712
802841975367925760
802842083086123008
802842177214758912
802842181157396480
802842268637892609
802842281439006720
802842541208969217
802842551442997250
802842801566322689
802842880670695424
802842957162246145
802843138263875585
802843544700391427
802843728083816448
802843849391570944
802843888062959616
802843895960915968
802844233178775552
802844280767160320
802844291206959104
802844352921878528
802844399851839488
