807858076166524928
807858472259874816
807858546603950081
807858726908686336
807858861466144768
807859035793924096
807859083420323840
807859241180663810
807859815829667841
807859908829999104
807860077814251520
807860081425612802
807860152607145984
807860165521395712
807860472276025345
807860702677532672
807860740132667392
807860733316919296
807860790908874753
807860791173152768
807860863751356416
807861339649638400
807861633410355200
807861843440111617
807862099611357184
807862158847569920
807862590160375808
807862854183514112
807863102003875841
807863276654776320
807863995201945600
807864060272328708
807864064579895296
807864251163574272
807864300664717312
807864377688915968
807864477177802752
807864505929764864
807864518932041728
807865005521641472
807865139345100800
807865170416586752
807867535202942976
807867633626468352
807867726639276032
807867827797508096
807867863050649600
807868163450961920
807868556172001280
807868716306276352
807869020561084416
807869244943822848
807869273624416256
807869523449802752
807869707814662144
807870089974415360
807870372796317696
807870461644275712
807870759347585025
807870935940366336
807871442897485824
807871802349219840
807872317267316736
807872373739417600
