794554921538482176
794554921538482176
794554922129903616
794555130242826240
794554922129903616
794555130242826240
794555320248975360
794555587254243328
794555772030091266
794555320248975360
794555587254243328
794555772030091266
794555791424557056
794555822009368577
794555918860029952
794555791424557056
794555822009368577
794555918860029952
794556091808051200
794556156396142592
794556537251495936
794556091808051200
794556156396142592
794556537251495936
794556675705475072
794556727895146497
794556777845104640
794556675705475072
794556727895146497
794556777845104640
794556837014175745
794557205257326594
794556837014175745
794557205257326594
794557265462304768
794557330025250821
794557265462304768
794557330025250821
794557416557989893
794557720305274880
794557740148523008
794557416557989893
794557720305274880
794557740148523008
794557750894325760
794557786294259712
794557889906089984
794557750894325760
794557786294259712
794557889906089984
794557903017484289
794557972676571136
794558053312057344
794558322229788672
794557903017484289
794557972676571136
794558053312057344
794558322229788672
794558338461822980
794558546138529793
794558696231751692
794558338461822980
794558546138529793
794558696231751692
794558696533716992
794559098159243264
794559162726445057
794558696533716992
794559098159243264
794559162726445057
794559179809849346
794559429735751680
794559787006590976
794559179809849346
794559429735751680
794559787006590976
794560372636348417
794560532573552640
794560685002944512
794560372636348417
794560532573552640
794560685002944512
794560766405935104
794560982962073601
794560993959571456
794560766405935104
794560982962073601
794560993959571456
794561015627259905
794561042219200512
794561413037563904
794561015627259905
794561042219200512
794561413037563904
794561566536560642
794561682257432581
794561969428852736
794561566536560642
794561682257432581
794561969428852736
794562024298676224
794562088769376260
794562142821289984
794562024298676224
794562088769376260
794562142821289984
794562351567605760
794562539300540416
794562555351961600
794562351567605760
794562539300540416
794562555351961600
794562582917091328
794562642333548545
794562582917091328
794562642333548545
794562717298413568
794562771711066113
794562717298413568
794562771711066113
794562843135868928
794563013151965184
794563027706249216
794562843135868928
794563013151965184
794563027706249216
794563118257078272
794563241385066498
794563118257078272
794563241385066498
794563288701014016
794563413162807297
794563492858695680
794563288701014016
794563413162807297
794563492858695680
794563932908294145
794563948687347712
794563992450662400
794563932908294145
794563948687347712
794563992450662400
794564104157589505
794564238639583232
794564256947732480
794564104157589505
794564238639583232
794564256947732480
794564309816868865
794564316502589440
794564502176075776
794564309816868865
794564316502589440
794564502176075776
794565070055415808
794565073717100544
794565070055415808
794565073717100544
794565119183351813
794565201031000064
794565319037747201
794565533710610435
794565119183351813
794565201031000064
794565319037747201
794565533710610435
794565570054291456
794565588362334208
794565620339798017
794565570054291456
794565588362334208
794565620339798017
794565824015110144
794565875223367681
794565877907726336
794565824015110144
794565875223367681
794565877907726336
794565980064247809
794566161790889984
794566187338309632
794565980064247809
794566161790889984
794566187338309632
794566257030950914
794566257030950914
794566527219539968
794566544537817088
794566617606791168
794566527219539968
794566544537817088
794566617606791168
794566792899391488
794566876915531776
794566792899391488
794566876915531776
794567159527702528
794567175914790912
794567331146039299
794567159527702528
794567175914790912
794567331146039299
794567394773516288
794567553951629313
794567700907433984
794567394773516288
794567553951629313
794567700907433984
794567873083609088
794567885234507776
794567892251459584
794567873083609088
794567885234507776
794567892251459584
794568082740146177
794568382372782080
794568675097505793
794568082740146177
794568382372782080
794568675097505793
794568731317903360
794569084000149504
794569760545665026
794568731317903360
794569084000149504
794569760545665026
794569834075930625
794569834075930625
