798208874671128576
798208984826179584
798209041247846400
798209047975428096
798209115684241408
798209122264969216
798209206071554048
798209208713781248
798209236178116608
798209262711279620
798209341568516096
798209373273210880
798209391950372865
798209393271652352
798209599115509760
798209628244803585
798209642601947136
798209709912170496
798209818867724288
798209992067317760
798210119368638464
798210217624436740
798210310481903616
798210513356333056
798210664087093248
798210675130699776
798210717988093956
798210733548904453
798210937396350976
798210949295591425
798211117998886912
798211127213719553
798211181647302656
798211193999486976
798211538234523652
798211619423719425
798211646841823232
798212129765675012
798212619928616960
798212758269526021
798212764800061440
798212806449516545
798212822979244032
798212801789644800
798212856537907200
798212892566786048
798212937165008898
798213199581454338
798213406406955009
798213480016998408
798213506441117696
798213525751463937
798213536610734080
798213594299138048
798214042154209280
798214150862225408
798214421277474816
798214468714958848
798214492630945796
798214543952531456
798214572402323456
798214687326437376
798214794960572416
798214878250954753
798215005581832192
798215052075663360
798215136762888192
798215138708885504
798215186062528512
798215253678952448
798215367613157377
798215669770764288
798215821877051392
798215984431661056
798215998750867457
798216144993878016
798216198416662529
798216218813591552
798216378146820097
798216478189375488
798216811707858944
798216817026207744
798216828199768064
798216837188227072
798216931929006080
798217085025480704
798217104818257920
798217123470393345
798217325279252480
798217348964487169
798217353427292160
798217381612908544
798217524269711360
798217885336408064
798217913991884800
798217992978907136
798217994937782272
798218144716361729
798218180934045696
798218308289970176
798218370214596609
798218408890396673
798218530499993602
798218597680250881
798218629229596672
798218645407203328
798218684552638464
798218757936123904
798218836948451328
798218892258619392
798218932339572736
798218950777704449
798218956335181830
798218956951683077
798218982683713537
798219030515417088
798219102967988224
798219127169183744
798219167014985728
798219195351633920
798219212661620736
798219227563847680
798219434628435968
798219437648191488
798219450092687360
798219569299095552
798219580418195460
798219593835839488
798219671002562561
798219679231868928
798219713264439296
798219876280086528
798219898153533444
798219919024234496
798219967372070912
798220029737259008
798220076960845824
798220175535439873
798220204232806400
798220422265176065
798220446910980096
798220479899254784
798220586350612480
798220647507853316
798220654835302400
798220660975828996
798220918074048513
798221020175863808
798221060055453696
798221499035451397
798221716707307521
798221869858062336
798221964770938880
798221977488125952
798222000175116288
798222108899753984
798222186691563520
798222188235071488
798222278647488512
798222342237421569
798222346809147392
798222353251454976
798222422751215616
798222474764636160
798222543718973440
798222557300264960
798222624082063363
798222775349641216
798222834346688512
798222906115375104
798222950826545152
798223278976487424
798223325667426308
798223470861504512
798223648805031937
798223652504276994
798223708909228032
798223797933379584
798223914132533248
