787926213432111104
787926289646751744
787926356373958656
787926581486424065
787926699010916352
787927325879001088
787927362767912960
787927444984651776
787927514844897280
787927612400295936
787927809679294464
787927991133364224
787927999207342080
787928005725286401
787928048528199680
787928204249931776
787928382461870080
787928451323944960
787928898281570304
787929156411678724
787929479008096257
787929636281913344
787929780851249152
787930778097315841
787930888227131392
787931604710674432
787931643902357504
787931786135339008
787931863448944640
787932047545344000
787932129263022081
787932347576487936
787932370854903808
787932546277502976
787932805611257856
787933133161304064
787933233241583616
787933858385784832
787933909417943044
787934141014740992
787934144215015424
787934364193722368
787934424235139073
787934456808169472
787934990495576064
787935001597935617
787935147324764160
787935248642371584
787935284293935104
787935384512716800
787935454393995264
787935719486550017
787935742643343360
787935812650463232
787936227009986560
787936298275397632
787936304160014336
787936656305291264
787937218925105152
787937522454233088
787937655359242241
787937800062656512
787938063343349761
787938109807820800
787938201876979712
787938315681013761
787938424288317440
787938422136668160
787938440637800448
787938674491219968
787938748076097536
787938761321639937
787938776375066624
787938844641550336
787938882088206337
787939207381737472
787939267955785728
787939499942682624
787940276446846976
787940420953051137
787940728211120128
787940766215704577
