800217106629480448
800217739507994624
800219015566266368
800219271502659584
800220895931498496
800221236257112064
800221394487349248
800221750088724480
800222254239862784
800224581508354048
800224638131322881
800224712165130246
800225514887806976
800226661555994624
800226760453304320
800226839537053696
800226858461581312
800227277447589889
800227459270606848
800227603235934208
800227940432801792
800227940969705473
800228037467971584
800228186411962370
800228295719714816
800229398993600512
800229911885557760
800230144619245568
800230735525224448
800231778963361792
800231845052973056
