802452005830660096
802452063363792901
802452099363729409
802452312182714368
802452385004224512
802452487550615552
802452627665645568
802452797681790976
802452940942352385
802453486357123072
802453982568452096
802454183878230016
802454248038334464
802454296168013824
802454389986209792
802454410500550656
802454782204121088
802454811710984192
802454811920711680
802454961590181888
802455023946866689
802455062501097472
802455368047726592
802455586831036416
802455632574091264
802455677037842432
802455853211103233
802456379281719296
802456613177200640
802456623721562112
802456888830926848
802457039318450176
802457422614892546
802457726823596032
802458075571638272
802458121704771584
802458740553383936
802458748128260096
802458760849592321
802458926255980544
802459012751093760
802459157534081024
802459193659838464
802459431208292352
802459497507631104
802459752483590144
802459908843175936
802460366752063489
802460679190016000
802460813856342016
802460840251322368
802461139435069440
802461155923001345
802461194187665408
802461341759971329
802461741141676032
802461825941897217
802461982498652160
802462531692412929
802462554111021056
802462840346939392
802462873599418368
802462920172965888
802462994554847232
802463314857103360
802463452019257344
802463466472767488
802463964525305856
802464299906203648
802464360991838208
802464387550380032
802464542445989888
802464742057111552
802464889629503488
802465036702744576
802465064917827584
802465101370556416
802465536097533952
802465658801942528
802465740427247616
802466219186126849
802466669281116164
802466840198791168
