792727830442418176
792727883131285505
792728073460387845
792727830442418176
792727883131285505
792728073460387845
792728103281754112
792728284802998272
792728367359549442
792728103281754112
792728284802998272
792728367359549442
792728588575539200
792728821061615616
792729064465395712
792728588575539200
792728821061615616
792729064465395712
792729330891776000
792729637235425281
792729765698502657
792729330891776000
792729637235425281
792729765698502657
792729854781390848
792730034578526209
792729854781390848
792730034578526209
792730398593777664
792730653678764032
792730679591243780
792730398593777664
792730653678764032
792730679591243780
792730719244124160
792730771656179713
792730798923325442
792730719244124160
792730771656179713
792730798923325442
792730876899622912
792731085734047744
792731190780424192
792730876899622912
792731085734047744
792731190780424192
792731215480619008
792731425409736704
792731960229625857
792731215480619008
792731425409736704
792731960229625857
792732252786532352
792732344008531969
792732533406441474
792732252786532352
792732344008531969
792732533406441474
792732674154762241
792732687895257088
792732674154762241
792732687895257088
792732815385300993
792733206709727233
792733450470100993
792732815385300993
792733206709727233
792733450470100993
792733863361572865
792734012678803456
792734101992333312
792733863361572865
792734012678803456
792734101992333312
792734479802593280
792734542222221313
792734646102548480
792734479802593280
792734542222221313
792734646102548480
792734780685189120
792734834242224129
792734855226355712
792734780685189120
792734834242224129
792734855226355712
792734964479647744
792735045630959617
792735277387223041
792734964479647744
792735045630959617
792735277387223041
792735432450727939
792735522489794561
792735882390433792
792735432450727939
792735522489794561
792735882390433792
792736056072347648
792736136363970560
792736224360423424
792736056072347648
792736136363970560
792736224360423424
792736228277911553
792736309546803200
792736403721510912
792736475897004032
792736228277911553
792736309546803200
792736403721510912
792736475897004032
792736485661442049
792736715395964928
792736937006235652
792737014521196544
792736485661442049
792736715395964928
792736937006235652
792737014521196544
792737018417676288
792737380927242240
792737553069858816
792737018417676288
792737380927242240
792737553069858816
792737558346301440
792737699258044416
792737752253095937
792737558346301440
792737699258044416
792737752253095937
792737795487965184
792738211709722624
792738289287659520
792738480606633984
792737795487965184
792738211709722624
792738289287659520
792738480606633984
792738496184217600
792738530980163584
792738590354763777
792738496184217600
792738530980163584
792738590354763777
792738598844063746
792738655303499778
792738662098296832
792738598844063746
792738655303499778
792738662098296832
792738676476350464
792738754905665536
792738935738957824
792738676476350464
792738754905665536
792738935738957824
792738936623955968
792738967439437824
792739017229950976
792739063115739136
792738936623955968
792738967439437824
792739017229950976
792739063115739136
792739108531699714
792739279697014784
792739329156214784
792739108531699714
792739279697014784
792739329156214784
792739390397227008
792739454431686656
792739599994920961
792739683847565312
792739390397227008
792739454431686656
792739599994920961
792739683847565312
792739723324391424
792739747068256256
792739833332498432
792739723324391424
792739747068256256
792739833332498432
792739954975707136
792739976119189504
792740244697341953
792739954975707136
792739976119189504
792740244697341953
792740294223683585
792740419264274433
792741069544914945
792740294223683585
792740419264274433
792741069544914945
792741088171819008
792741270183636992
792741504582295552
792741088171819008
792741270183636992
792741504582295552
792741670681018368
792741777342078976
792741903401967616
792741670681018368
792741777342078976
792741903401967616
792742148886102016
792742257954852864
792742669000802305
792742148886102016
792742257954852864
792742669000802305
