806543855348838400
806543948542054400
806544013608239105
806544192168136704
806544435597045760
806544568267194373
806544574177017856
806544646998556673
806544703931944960
806544731790594048
806544946694156288
806545074930798592
806545228375195649
806545239892721664
806545981877665792
806546024730923008
806546203836039173
806546539908829184
806546858378199043
806547072723853317
806547173122916352
806547200348192768
806547222703833088
806547366702698496
806548428507512833
806548557453029376
806548656799281152
806548667310178304
806548965642694657
806549085465493504
806549096123297793
806549186938359808
806549322498195456
806549418526801920
806549425850118144
806549460947968000
806549489909645313
806549708944642048
806549747830030336
806549893997359104
806549924259254272
806549987777777664
806549988037787648
806549998364229637
806550013706960897
806550076101427203
806550181038723072
806550331563851776
806550618345185280
806551207644958724
806551210404802560
806551550730575872
806551880776241152
806552227917819904
806552337791778818
806552478749720576
806552907634135040
806553181345943552
806553206704799744
806553208877416448
806553327718846464
806553406085144576
806553500943581186
806553649556160514
806553693306941440
806553795656351744
806553933963464704
806554307755704320
806554456041127937
806554596780949504
806554832718925824
806554950583144448
806555091222282240
806555323544780800
806555399461732357
806555503514025985
806555535319437312
806555649035403267
806555745261146112
806555767847481344
806555807332569088
806555822113390592
806556334212710401
806556343884775424
806556722559156224
806556888263524356
806557005544562689
806557157420367876
806557695805390848
806558438012710912
806558445881196546
806558733778223105
