841755870505627648
841756018447122432
841756092946386944
841756380130353152
841756530525503488
841756545117507584
841756627078381573
841756659169021954
841756775539970048
841756912475594753
841757189916237829
841757416589037570
841757693815717890
841757914352230400
841758533553127424
841758784104075264
841758941717643265
841758984298205188
841759222962495488
841759407411195905
841759766288441345
841759788547604486
841760094404648960
841760365188898817
841760475352334336
841760651907342336
841760679736557568
841760861874184192
841761100710457344
841761156574371842
841761261729771521
841761330587656193
841761371553464324
841761382714470400
841761387919609862
841761526495219712
841761915193958401
841761929282625537
841762100007604225
841762126616240132
841762148544061450
841762126616240132
841762175219818496
841762180362059776
841762331356999680
841762810728202242
841763153683841029
841763345543901186
841763486841593856
841763591615311872
841764038598111233
841764121032966152
841764124304404480
841764197201514496
841764261286301696
841764500441333761
841764531705536512
841765066324221952
841765164965875712
841765165787930624
841765309426065413
841765336718446596
841765453341065216
841765534454673410
841765535633272836
841765670484344832
841765684497522688
841765725584936961
841765821185708034
841765836142571525
841765872419147779
841766276481593344
841766454483660805
841766512272777216
841767099114631168
841767135974170624
841767194774122498
841767390090272770
841767468888674305
841767594982031361
841767695246860293
841767736850186241
841768361403023362
841768659496361984
841768698247577600
841768706401271813
841768753981489153
841768756808429569
841768786416005121
841769046798438402
841769108056248321
841769465360601088
841769516367507458
841769577600176128
841769943150534656
841769971793424384
841770211002966016
841770230720413704
841770251859726338
841770365982543872
841770625194688512
