841242592406827009
841242605262405633
841243334895116288
841243440235053056
841243598851067904
841243608229515264
841243852879077376
841244053731696640
841244161684701184
841244353217626115
841244667668791296
841244841937895425
841244865065291776
841245098147008512
841245152085757952
841245206192238592
841245310550720512
841245439231946752
841245509687865344
841245553660964864
841245625371021312
841245697550630913
841245799086452736
841245886743207937
841245904405446656
841246003051278336
841246370296127489
841246829194956804
841247222528389120
841247953310404609
841248165667966977
841248337311473670
841248391946469376
841248549027381248
841248706519285760
841249191074639872
841249402069106688
841249448315502592
841249541915578369
841249909898645505
841249916022358016
841249995399540737
841250063405973504
841250206708563969
841251012853809153
841251164742127618
841251267032809472
841251338726100992
841251736006320128
841251831690977280
841251889710796801
841251913446354949
841251936909328384
841251960439332864
841252119269240836
841252286651346945
841252391462789120
841252400002433025
841252520576061440
841252738847641600
841252905009188864
841253079886548993
841253082411499521
841253195414405120
841253343838236672
841253417188249600
841253553310175234
841253590668845056
841253678778585091
841253711150235649
841253774563897344
841253903068995585
841253964188405761
841254100192907266
841254225413885953
841254266048249856
841254372159942656
841254451931410432
841254553085476864
841254670677004289
841254845013229570
841254992677871616
841254997522284544
841255201046724608
841255216402092032
841255282617466885
841255328280936448
841255568161558529
841255615112589312
841255635266207744
841255754753548288
841256037625823232
841256084992081920
841256210208817152
841256815161683969
841257189666779136
841257215197663234
841257470639120385
