834357389025492996
834358158336393216
834358217006313472
834358263504334849
834358282395463680
834358441841942529
834358781152739328
834358928238587904
834359321542668288
834359350701469697
834359413913899008
834359457912066052
834359525427834880
834359627559141376
834359720894922755
834360232600096769
834360450598989824
834360600830500866
834360629284712450
834360681898115072
834360843903066112
834360888870260737
834361858333237248
834361887475249153
834362034544377856
834362088113963010
834362100881485829
834362979038720001
834363184266018816
834363689725722624
834363731119370241
834363756004114432
834363835192573952
834364046359007232
834364221341171712
834364420931387392
834364606533554177
834364738192732160
834364957579997185
834365050718650371
834365938304745472
834366129393037312
834366412772798464
834366699533115396
834366756361797632
834366816113815552
834366823634259972
834366847101304832
834366943582838787
834367034712588290
834367172151488514
834367359058075648
834367725275344896
834368036719173634
834368159964606465
834368561275686912
834368752103936000
834368771171184641
834368821880303617
834369577186369537
834369672166256641
834369682283102208
834369743121440769
834369753389137920
834369792345796608
834369896461000705
834370061649448960
834370156935651328
834370309520228353
834370342126809088
834371358268223488
834371544575000576
834371795746709505
834371812750417920
834371873018413057
