846829665037832192
846830001106440193
846830269839659008
846831212324950018
846831243236966400
846831264078401537
846831361113686016
846831433654157312
846831569054654468
846831819081371653
846832058492211200
846832656872497153
846832982178566145
846833237343322112
846834303325650944
846834454442082305
846834490345488385
846835414036070400
846835415814303744
846835945693433856
846836435424612352
846836995582242816
846837132601835521
846837575876796416
846838464071061504
846841752178843652
846842527407853568
846842552821125125
846842589772943360
846843287927443457
846843302859227136
846843861926367238
846844276050984961
