840532893583712256
840532934872440832
840533235683713024
840533352205676544
840533715788926977
840533757467754496
840533787008237568
840533799112986624
840534192891011072
840534224595800065
840534527260950528
840534584865505280
840534816244273152
840534885983014913
840535444060266496
840536616468918274
840536740381249537
840536856227917824
840536910078590977
840536995130687488
840537465337307137
840537714554523648
840538123205517313
840538958517927936
840539031423262722
840539622413389824
840539692189831169
840539758153617408
840539926433214466
840540442630447104
840541033565937665
840541080944803841
840541661319045120
840541684245106688
840542001619718144
840542021743984644
840542262568341504
840542679620542464
840542811330093056
840543650903920641
840544270486495232
840544942510469120
840544961871380480
840544994784104449
840545193610891264
840545734361518080
840545804465127425
840546214022123520
840546744593219584
840546871504453632
840547244084465666
840547501212127232
840547660172009472
840547775158849536
