833768459574059008
833768472475742209
833768548795371523
833768729968271361
833768818329653249
833768876504649729
833768881659531268
833769447215230979
833770049756340224
833770188730466304
833770192299839489
833770286851973124
833770323661176832
833772045972471811
833772119053959173
833772273244991489
833772417596145667
833772549720911872
833772890013196288
833772959496040448
833773283644407809
833773365278232578
833773398744502274
833773554172829696
833773558446841857
833773980247015425
833774259306500096
833774303619473408
833774441159073798
833774482468782082
833774609799446528
833774657287385089
833774699846983680
833774793119920128
833775012498829312
833775055628820480
833775245966397440
833775367651487746
833775595129597952
833775616986120192
833775970473668608
833776102694875138
833776122101895169
833776425454944260
833776548209709057
833776606929883136
833776969842118656
833776977240788992
833777015652249600
833777096430407681
833777121789149184
833777494482354182
833777533627797507
833777672249556992
833777746576818178
833778081076752388
833778112299147265
833778377547010049
833778592559538179
833778685354377217
833778703662452737
833778749141303297
833778882272694272
833778986304024577
833778988434731009
833779154994753536
833779159419781120
833779591344971777
833779627088830464
833779873831383040
833780059316088832
833780190119616512
833780198948663297
833780474480828420
833780498069651457
833780592705753088
833780811962974208
833781218546171906
833781224967659522
833781563573825538
833781717102108672
833781852573933569
833781891304189956
833782009071808512
833782042575769603
833782093360615424
833782239167184898
833782381479915520
833782607603195905
833782673621577728
833782900118188032
833783032578527234
