836274877480976384
836274882853945345
836275548980662277
836275679901728769
836275800496308224
836276118403563525
836276228361441282
836276349388062721
836276548483284992
836276691165138946
836276847537176576
836276984414158848
836277136608591875
836277206707904512
836277304389173248
836277399851520000
836277892162203648
836277982138347520
836278088304590849
836278372846153732
836278516769566721
836278672994811905
836278869418201089
836278896530194432
836278944445923329
836279746304569346
836279883533803520
836279889863061504
836279976609611777
836280006074597379
836280235251335168
836280440231198722
836280640739889152
836280673417691136
836281041367273477
836281169998188544
836281610165190657
836282166715756544
836282267957878784
836282283300687873
836282359607668736
836282394869133313
836282461185245185
836282758515290112
836282767310733312
836282777364492288
836283252805677057
836283586865213440
836283894815145986
836284094875070467
836284111534895104
836284176726908928
836284452120768513
836284481317240832
836284668416823297
836285213076508672
836285625770905600
836285700840558592
836285834227773441
836286109927755778
836286244099403780
836286271110643712
836286330632093697
836286466338734080
836286565819219968
836286619644743681
836286771239469057
836287122126565376
836287294743117826
836287602873479168
836287713015971842
836288127765458944
836288639634132992
836288707674193925
836289062025703424
836289181106188288
836289373024964608
836289406562611200
836289445590675458
836289776701620225
