828875963437944832
828876008006754304
828876077405761536
828876223388512256
828876295304052736
828876433640538112
828876606957559809
828876707369189376
828877049926402048
828877134370308096
828877265052254208
828877631403720704
828877706334973952
828877742766747648
828877890116841472
828878333538611205
828878446117912578
828878702075326464
828879078199549952
828879379447107584
828879835103633408
828879878061711360
828880302479142912
828880666636980224
828880878877155328
828881080497426432
828881228921188352
828881346332344320
828881798797127680
828881866895785985
828881978216833024
828882109163040768
828882144286142465
828882217833205760
828882300624584705
828882419268857856
828882514739654656
828882557324374019
828883292741058560
828883380771098624
828883558370533376
828883987070382080
828884107610484736
828884133556404224
828884261495250946
828884518492831744
828884550289879040
828884554232557568
828884604882935808
828885201933705216
828885289728884736
828885346834341888
828885463608020992
828885804592267265
828885979842957313
828886024256442370
828886225562042369
828886356889845760
828886799435046912
828886867923914752
828886940741165056
828886965655306240
828887085025284096
828887196283265024
828887250616344576
828887286553116672
828887502173921280
828887514664595456
828887556334956544
828887724891525120
828887801601089537
828887896967020544
828888234193199104
828888480147181568
828888664205828097
828889043714846722
828889290146979840
828889355527798786
828889508875747332
828889522721136640
828889562403504128
828889637842190341
828890243290001409
828890317415993344
828890361221222400
828890432746770432
828890663173361664
828890731616034816
828890969647042560
828891014433734656
