848747910682599425
848748434190413824
848748586628153344
848749280320008192
848749579562500097
848749899013378048
848750464674009089
848750625433276416
848751817727070209
848752455915630594
848752584362000384
848752703274668032
848753268238974976
848753475823570945
848753519070990336
848754641525497858
848754742662705153
848754863488073728
848754968106553346
848755254090899456
848756360087044096
848756581462401024
848757368427032576
848757478183620608
848759412470710272
848760233124143104
848760904858574848
848761208459190273
848761526710358016
