822881516393025537
822881707204419584
822881798317309952
822881974406840320
822882013619351552
822882204346974208
822882397960237056
822882423318966274
822882505061699585
822882615464198145
822882653837938688
822882822348218369
822882825795936257
822882991978541058
822883023729389569
822883036870086656
822883227236974593
822883276054478848
822883359974039553
822883419633938432
822883420531462144
822883482112237569
822883488152096770
822883584868581378
822883639230926849
822883793233149953
822883797117046784
822884087513772034
822884144380313600
822884171177750530
822884345367105540
822884365625683968
822884473159254016
822884552213495808
822884669624565763
822884855595859969
822884915058511875
822884951259578368
822884955730616321
822884966354845701
822885014140493827
822885267216486400
822885405532028930
822885448045522944
822885459856621568
822885458527064068
822885753378045952
822885962917302273
822886712808443904
822886810074353665
822887148223418368
822887246491774976
822887449106010114
822887472799617024
822887950186848256
822888037122187273
822888115413155841
822888187416707072
822888397425545217
822888444460417024
822888478799233027
822888506657738752
822888570335674368
822888570264371200
822888615785230336
822888660119015428
822888727764729856
822888757670068224
822888767090524160
822888772111138817
822888815580893184
822888833138262017
822888907729764353
822888982484815873
822889029184225280
822889036712919040
822889165004148736
822889242556768256
822889300043988996
822889310882058245
822889310773006336
822889493086748672
822889662318571520
822890221352140800
822890403825352704
822890467046150145
822890643164897280
822890685426728960
822891187757576192
822891271886950401
822891426824540161
822891430234492929
822891527143714817
822891599122362369
822891663865610241
822891889309470723
822891940622594049
822892023103520768
822892061233909760
822892193971113985
822892340125855744
822892483348676611
822892502424453120
822892774815105025
822892825184452613
822892857300316160
822892905908019202
822892971565707265
822892984136007681
822893006990753793
822893026376896513
822893144802988038
822893172405768192
822893264881774592
822893298654318592
822893492091387904
822893543899492354
822893543492554752
822893595015442432
822893624518176769
822893693153792000
822893865371922432
822893938331779072
822893981868683265
822894069760348160
822894084830404609
822894210957406208
822894218054139904
822894229810716672
822894337390497792
822894379849449473
822894406776848389
822894422882914304
822894436011085826
822894457951518724
822894532199141376
822894549651640320
822894557201317889
822894579707969536
822894587832397824
822894593943408640
822894688508190722
822894724302376960
822894886542311425
822894947091304448
822895051344932865
822895285424812032
822895456724389888
822895628871237632
822896024842801155
822896215108919296
822896256704008192
822896439202353152
822896505120026626
