834493312665001985
834493778627067910
834493851385610240
834493880997441536
834494159964794884
834494396468961280
834494428073037824
834494527893291012
834494761084010496
834494761289580546
834495013782446080
834495049476014085
834495065498214400
834495107156082688
834495150705541134
834495187032354816
834495235719888900
834495255466672135
834495705041498112
834495757638049793
834495768509677568
834495797538521088
834495801233702912
834495833982828544
834495921790582785
834495990946213889
834496104397959168
834496127466668033
834496150673752065
834496255455805441
834496350981128209
834496455800930305
834496465699500032
834496512721879044
834496767316131846
834496829001760770
834496830545264643
834496932848467968
834496938632478812
834497045058699264
834497050490372100
834497103565033472
834497196661825536
834497215473319945
834497345823834112
834497608492187656
834497883420389376
834498334790385664
834498470530707456
834498592438104066
834498701422891008
834498983389196288
834499013340753920
834499029333581826
834499106294861824
834499122384236544
834499241162727424
834499293679480832
834499360272547841
834499424944545793
834499426064412673
834499654238818304
834499957969285120
834500029519888384
834500169584484352
834500344881225729
834500467833044992
834500568722837504
834500624700080128
834500702508564481
834500949980934146
834500975650013184
834501073440272384
834501303971766278
834501315791319040
834501530048946177
834501536231342080
834501757841657856
834502142513860611
834502253604196352
834502709654986753
834502821324136448
834502846196375555
834503011795947520
834503066401505282
834503125780283394
834503153315880960
834503193837043712
834503228465233920
834503263483527170
834503304323465221
834503323361349633
834503468236804096
834503558754103302
834503700743872513
834503788199280640
834503796139110400
834503917753028609
834504001030864896
834504017040519168
834504225388380160
834504316597714946
834504435388801025
834504508214489088
834504522106036226
834504910980931594
834504947546914816
834504997354233856
834505373474242560
834505556329107460
834505661480329216
834505775615721475
834506015274045440
834506256257794050
834506358091300864
834506558969110530
834506782382886912
834506880437329920
834506985638879234
834507194003550208
834507285397397511
834507294901690376
834507452498468864
834507577346121728
834507668664496128
834507850319855616
834507925230084100
834507944481939475
