827139539663745024
827139874889273344
827140258584227841
827140380739121153
827140964426858496
827141463691710465
827141533770055681
827141538056695808
827141708869664768
827142125800275969
827142509566492672
827142536112271360
827142539715178496
827142810289786881
827143642389295104
827143741794349056
827143924468875264
827143938683305984
827144843537297408
827144871299448833
827144888923852800
827144907508809729
827145490747760641
827145811813396482
827146034635743232
827146090084438016
827146169381969921
827146197634781185
827146369752297474
827146613844017153
827146626003267584
827146654100885510
827146930182639617
827146951682621441
827147066631667712
827147117969948672
827147390511620097
827147622943035393
827148068592181250
827148125798285312
827148339766521857
827148383009832960
827148417616998401
827148503675785216
827148610575953920
827148615151996928
827148640246456322
827148739882151936
827149627107454976
827149645503660033
827149690483400704
827150039399153664
827150426990641152
827150492904062976
827150641193746433
827150684290240512
827150754678972416
827150905673932801
827151806014832640
827152226443472896
827152483424276485
827152697119875072
827153158870794240
827153217553326081
827153297203163136
827153461724725249
827153504108154880
827153908048994304
827153982246178816
827154373797146624
827154564172353538
