849924678403674112
849924877318488066
849925007635558400
849925310694948864
849925506803826690
849925597769986049
849925907703844865
849926087077449729
849926130949861376
849926365117919232
849926556642422784
849926557359591424
849926651861323776
849926733264560129
849927265135845376
849927678727778304
849927774794076161
849928086116343808
849928239896244224
849928495316824064
849928759998373888
849929035714928640
849929361352515584
849929917638815744
849929959661596672
849930098295918592
849930460574756864
849930635783405568
849930669870518272
849931189997752323
849931361494466561
849931503412891649
849931647659147264
849931903813767169
849931933350068226
849931987402072065
849932022273511424
849932616274857984
849933659830439937
849934509378347008
849934648293691393
849934690509352960
849934797728354304
849935351024111616
849935445597224961
849935659267698688
849935793774882816
849935978198433792
849936242980597762
849936287834537984
849937276805296128
849937446167080960
849937680200814593
849938549013139456
849938948587745280
849939533969993728
849939682553196545
849939698118164482
