839596631041404928
839596682350329862
839596728177287168
839597315396628481
839597365011054592
839597532934254593
839597593395146754
839597812102782976
839597890284711936
839597891903696896
839597927685308417
839598151677919233
839598412798521344
839598415566753792
839598970905178112
839599070943580160
839599200140673028
839599715448582144
839600012518690817
839600020307472385
839600505907261441
839600914700849152
839601148680105987
839601198554562560
839601433276198913
839601659676348420
839602275748311042
839602425644388354
839602430560124931
839602553562234881
839602810157166592
839603238735331330
839603402866896898
839603987997417472
839604475883061249
839604523056386053
839604638819237893
839604740774367234
839604802157965313
839604902640877568
839605404019658752
839605986981707777
839606343296245763
839606376871702529
839606432324599809
839606549576306689
839607041861824513
839607151941275652
839607355721527297
839607474638446592
839607492875276292
839607514480140289
839607733867393025
839608144766636032
839608472303960064
839608629594583045
839608753754361856
839609584260108289
839610099517673472
839610125476331522
839610276257353728
839610468947931141
839610867960381441
839611512905936896
839611616480067585
839611625132986369
