826339250090209280
826339920260198401
826340185373868032
826340396783517696
826340422377152512
826340513544622081
826340631937183744
826340637578522625
826340640220913669
826340643681222656
826340924594716672
826341025560031232
826341144481112065
826341606496296960
826341854211874816
826342017198391296
826342084655325185
826342652165681152
826342772684816385
826342895900880898
826342900866904066
826342948530974720
826343261769973762
826343311669678080
826343344062210048
826343707423162368
826343846120476672
826343905293643776
826344052664700929
826344992692109312
826345235877883904
826345423707201537
826345807280427008
826345897701363713
826345940680310784
826346282839064576
826346384890658816
826346397989470208
826346416457015298
826346760763211776
826346768388485121
826347400654643200
826347763675885568
826347879090552834
826347966772412416
826348268682625024
826348305970057216
826348313050021888
826348761437843456
826349215307665408
826349812173959168
826349919434895360
826350108665118720
826350388332855296
826351038953316352
826352870417129472
826353349087862784
826353414959398912
826353498371547136
826353535159762944
826354267497910272
