853941118148517888
853941117171249155
853941226302840832
853941399821185026
853941493354180608
853941533472690176
853941597481955328
853941697012781056
853941760900431872
853941794882629634
853941859969888256
853941943570763776
853941964273840128
853941967826374657
853942017260433410
853942140036108288
853942197011525632
853942223892869120
853942411072069633
853942426607779840
853942528437080064
853942542777430016
853942655209938944
853942854019936256
853942941345361920
853942951008927744
853942971531702277
853943048614674432
853943364257013760
853943368610713600
853943476362387457
853943573905121281
853943814414893056
853944198298578944
853944213981065217
853944339583696896
853944374979420160
853944399151190016
853944498929401857
853944565748858880
853944587508953088
853944849371992064
853945057740820482
853945177416892416
853945338679492608
853945438550065153
853945740598665217
853945745204019201
853946009076060160
853946124675186688
853946150642216960
853946154228359169
853946168446926848
853946211702845440
853946377407279104
853946410307399680
853946475977592832
853947097162412033
853947150459392000
853947298115727361
853947410632110083
853947775142289408
853947860735471616
853947872974446593
853948377578561536
853948579672621056
853948665358147589
853948666159169536
853948671439900672
853948729493262336
853948740033536001
853948765811691522
853948943599796226
853949057269673986
853949078073376768
853949112714231808
853949289890013184
853949436443185152
853949581138198529
853949601698676740
853949669256429568
853949741331353602
853949763464683521
853949868351647744
853949935041040384
853949992490467328
853950012124012545
853950162623922176
853950678011707392
853950767853686784
853951019667083264
853951065615728640
853951350820012032
853951470223450113
853951526984929281
853951687542927360
853951732925300738
853951878085963776
853952217002512384
853952362880356353
853952442131763200
853952443775844353
853952469977755649
853952637577949184
853952648634085376
853953457195233280
853953685319299072
853953703052808192
853954170650537984
853954180616253440
853954336770195457
853954414754881536
853954544958615553
853954734239227905
853954734797074434
853954901289959425
853954956814147584
853955078729990144
853955281360998400
853955290051608577
853955502312763394
853955511254962177
853955510999109633
853956085618814976
853956160545796096
