858788048737255424
858788052075991040
858788090239954944
858788094258143232
858788343907098624
858788508605054976
858788611159871488
858788621729615872
858788637886087168
858788817322614785
858789204498796545
858789273369288704
858789309788426240
858789311713615872
858789704526909444
858789763201081344
858789764560027650
858789795320954880
858789957065945088
858790037839892482
858790064628826115
858790258208636935
858790376752246784
858790465277231105
858790883122192386
858790916232028164
858791212005728256
858791333758210048
858791412913065984
858791445804789761
858791546325532673
858791786273275905
858791835321368577
858791858473971713
858791877792935937
858792064653422593
858792085838848000
858792109482139652
858792332455534593
858793019872612354
858793115796348930
858793287712374785
858793317244559360
858793389868941313
858793488615395333
858793578796953600
858793823304126465
858793827880099840
858794098307854338
858794168205836290
858794517633355778
858794867450716160
858794930424217601
858794970924408832
858795519195435008
858795602863435777
858795605203836930
858795630478725121
858796461869457408
858797076506972162
858797338185392128
858797636228440065
858797671695482881
858798120666312713
858798125196206082
858798294687916032
858798681096695808
858798949301456897
858799306534420485
858799740858884100
858799766267977728
858800004110192641
858800135224123396
858800892224712704
858801017038798848
858801538151723013
858801695626809348
858801715872772096
858801893027524608
858801894914961408
858801972450922496
858802122548228097
858802894593765380
858803055525056512
858803125939044353
