825056025371893760
825056042027454464
825056135560515584
825056243001630720
825056284038795264
825056297469038592
825056669650542593
825056987973050368
825057148275134464
825057246296080385
825057570440278016
825058418801123329
825058455304208386
825058561239691267
825058648959369216
825058695813988354
825058713782329345
825058735529811968
825059004875362304
825059073892745216
825059123628748805
825059426235211778
825059431331266560
825059436192464897
825059495374098443
825059501627748352
825059785875795968
825059802493632512
825060150927056897
825060190429003776
825060380087091200
825060440464060417
825060444612214785
825060611864330240
825061035291840512
825061134877282304
825061426188394497
825061615125028864
825061646599069696
825061807182213122
825062051714318336
825062277170737152
825062278475182081
825062286352121857
825062528153747456
825062665055768576
825062839912116227
825062888184377344
825063195412938753
825063750583586817
825063893399638017
825063926706610178
825063935959236610
825064042171662336
825064160765607937
825064467985743872
825064519177293824
825064900598849545
825064905791385600
825064959977594880
825065256284200960
825065480608165888
825065689954263040
825066067076775936
825066157635952640
825066253500952576
825066739633356800
825066891874017280
825067352823853056
825067433467711488
825067603475312640
825067864386322432
825067994065858560
825068028437999616
825068030036213760
825068228951023616
825068363915390976
825068378591223809
825068407645204480
825068522577461248
825068835392864256
825068955706466304
825069593219780608
825069643647823872
825069848401149952
825069894198763523
825069960036757504
825070179956711425
825070239352311809
825070428976738305
825070758594490368
825070760217698304
