849260469999292417
849260892755767296
849261216031801345
849261700226457600
849261759336771586
849262116255055872
849262242998702081
849262263475286016
849262325962076161
849262505776091137
849263105867689985
849263528376717312
849263724829577218
849263928626556930
849263936511889408
849263996511428608
849264362502193152
849264434585403393
849264464474066944
849264627552837632
849264637598195712
849264849800572928
849264995779129344
849265054994358273
849265067073949696
849265364760498176
849265815346171905
849266339080523776
849266500179460097
849266605506875392
849266691821449217
849266701745180673
849266723580760066
849267410662293504
849267462919028736
849267500319723520
849267591961079809
849267672659501057
849267948510466048
849268117507330048
849268552473468929
849268782736564224
849269060294631424
849269081178079233
849269258966192132
849269380693340161
849269826195525633
849269832449232899
849270144903892992
849270200579104769
849270378023329792
849270844467687426
849271566454190082
849271826177982465
849271919455162370
849272019736817664
849272119166984193
849272754067189760
849272754394279936
849272887638970368
849273173510152192
849273340753842176
849273389386797056
849273609289781248
849273795621867520
849274020726026241
849274349093867521
849274947008647168
849275000595128320
