828860932969361409
828861700539555841
828862016714637312
828863081371549697
828863712454967296
828863732629590016
828863888171159552
828863974548570112
828863989601988608
828865017877561348
828865363907584000
828865854234324992
828865886874394624
828865993883664384
828866177967464448
828866247706234880
828866250998706176
828866357819224064
828866434277203968
828866548282572800
828866679887237120
828866744370548737
828866918127906816
828867031252430848
828867044955217920
828867155944943617
828867252216807425
828867684360138752
828868012677664768
828868426865242112
828868478442545154
828868562668417024
828868568108384256
828868643102523392
828868936397619201
828869003976245248
828869163548626945
828869353143668736
828869594521690112
828869623344922629
828870223721791488
828870687209066497
828870692208799744
828870726820167680
828871060120543232
828871095608602625
828871106887110657
828871215020380160
828871297732079616
828871308138143744
828871476002566144
828871563944529920
828871872687308800
828872417195986944
828872518337429504
828872639737380864
828872684578729985
828872761435111424
828872885242572800
828873303427338240
828873313090953216
828873573905342465
828873579345371137
828873694986526720
828873709414932480
828874136671940608
828874203025833984
828874210961395713
828874299167621120
828874833060577280
828875202436222977
828875776397295617
828875775839522816
828875846140227585
828875938544877569
