837784697736417282
837784825234931712
837785109528993794
837785185143906304
837785194497208320
837785208514621440
837785243151138817
837785490325663745
837785541030645761
837785742705295360
837785836741619713
837785984272072706
837786064093839367
837786337285668866
837786380616990720
837786413668106240
837786453916680194
837786508509720577
837786666756620289
837786868875943936
837786975876808704
837786980230524928
837787110904057856
837787183260004352
837787656788578304
837787864494637056
837787970983841793
837787979322118148
837788206527627264
837788271816093696
837788322093281280
837788353370152960
837788527643541505
837788679364018177
837788830723895298
837789262003187713
837789499904180224
837789926485868545
837790066734940165
837790099635113986
837790744521949184
837791163973271552
837791485558939649
837791555813519360
837792153514426368
837792395941068801
837792596273610753
837792868320280577
837793101892751360
837793328976510976
837793743566745603
837793766337556485
837795006182273024
837795041498267654
837795471611555841
837795612150087680
837795706119290881
837795870066233344
837795933366669312
837796351312347136
837796649862901761
837796924547817472
837797077841285122
837797290718941185
837797378627362820
837797479223607301
837797904278556673
837798221883781121
837798280226537473
837799046341349377
837799306308554752
837799393877184512
837799505852514304
837799516304719872
