853246538654650369
853246549467570177
853246538654650369
853246682582183936
853246827759632384
853247304974962692
853247436936146944
853247454988390400
853247507811401728
853247511812861952
853247606646079489
853247665836085248
853247795620347904
853247797163941888
853247899932798977
853247946116268033
853248062138888193
853248332088651776
853248337293660160
853248346596687876
853248359586422784
853248369292136448
853248563396190210
853248569800884225
853248724390338560
853248817306771457
853248986601451520
853249397358026753
853249569601208321
853250078873591808
853250092656144385
853250317202468864
853250365818589184
853250636632207360
853250816731475968
853250947094630405
853251110974496769
853251600344686592
853251735858622464
853251974170632192
853252436705857536
853252607493656581
853252679174418433
853252772363456513
853252971605479424
853253002370658305
853253045550895104
853253083249479680
853253089658384388
853253124856967168
853253212840878080
853253513438220289
853253913344180225
853254022266064896
853254085985931264
853254088246669317
853254089479794688
853254091170086912
853254107540410368
853254164994019329
853254232757219328
853254628271689728
853254945457532928
853255173992534017
853255203646263296
853255204996829185
853255346500009984
853255716739706881
853255801250689024
853255845433552896
853255980171374592
853256162174795776
853256211604615169
853256213328388097
853256306228170753
853256339887403008
853256579948449792
853256612059983872
853256657018683392
853256687389691904
853256787532926977
853256978260529154
853257057901973504
853257149874659328
853257344825819136
853257357052215297
853257369341616128
853257513051070464
853257543606386688
853257636376002562
853257785584345090
853257835462963201
853257920238108674
853257962898501632
853257975934353409
853258205933207552
853258239751983104
853258399005409283
853258418307694592
853258527535759361
853258727419465728
853258744607772672
853258768418779136
853258962317213696
853259120501297152
853259141179166720
853259247903277056
853259281885540352
853259304631250944
853259308603146240
853259349489319937
853259433060773888
853259552103571457
853259652905275394
853259707703754754
853259709331255296
853259712359522305
853259880563707904
853260011799277569
853260159765929984
853260175607820289
853260184709476352
853260281442476032
853260380801552385
853260383070679040
853260431594541056
853260487215263745
853260635198693377
853260646275850243
853260793567117312
853260904225439744
853260981014810632
853261063802023936
853261105149423616
853261239300042752
853261305267986432
853261473098936322
853261573879726081
853261620868513793
