921526456483753984
921526647328780289
921527899156631555
921531616324853760
921532744311672832
921534947252457472
921538883061346304
921539041459359744
921539729883058176
921539950549508096
921541560822648832
921542418759147522
921542642793635840
921543081370959873
921543877139447808
921543902695477251
921544031603130368
921545330646245376
921545613233102850
921545789733789696
921546522352906242
921547883454742528
921549618290286592
921551378249666561
921551620944617472
921553679819444224
921556647344005120
921556767905140737
921557911180136448
921557933925781505
921558137592799232
921560858966323200
921560957628899328
921562531256291328
921562771069825024
921563712506482688
921563778927427585
921564200954101767
921565063642845184
921565094575771648
921566962693623808
921568042672447489
921568776222584832
921568942501572609
921569144654397440
921569223595450369
921569235914158080
921569700630401024
921569796931670016
921570235181871105
921570495375568896
921571747622682624
921572770621800449
921573807579631616
921574303140892672
921574477540003841
921576711808077825
921576790832877570
921578278997123073
921578387973566464
921578437776691200
921578505556684801
921578588134166529
921579049700470784
921579294546993152
921579312721035264
921579761134133248
921579849843605504
921581947196932096
921582006210875392
921582119775887360
921582845050654721
921583082578333696
921584799327891456
921585423020851205
921585658493374464
921585820670332928
921586125042569216
921586161608470529
921586849029730304
921587175405359107
921587710686564352
921587781176094720
921587865502527488
921587932682694656
921588010830979072
921588073653301248
921588171397324801
921588435072225281
921589292157341696
921589371823849473
921589930727477248
921590193890713602
921590584032354304
921591876787904513
921591907897233409
921593923167850497
921594228173606912
921594373531426816
921594555887181824
921594648795037696
921595229802819584
921595658875830272
921595968134492160
921596290106118144
921596336092385282
921596354115330050
921596380694695936
921596445454675968
921596552279453696
921596638757621760
921596910498205696
921596945617051648
921597514972884992
921597962949718016
921598022831702016
921598096005623809
921598199844032513
921598431457447936
921598664887427073
921599613261492224
921599772112441344
921599781067264000
921600504907620352
921601291322880000
921601391281491969
921601882551922688
921601952391327744
921601960398159872
921601980031782917
921602246101659648
921602882113363968
921602971913162752
921603061684101120
921604241126494208
921604267567341568
921604335791992834
921604459737706496
921604468000641024
921604479518158848
921604643758723073
921604661190254592
921604674301591552
921604780627234816
921604985929990144
921605309407289344
921605347231653888
921605358270992385
921605495743377408
921605506128535552
921605721405513729
921605936380301312
921606033394585600
921606044870160385
921606497548800002
921606761089519621
921606766626000896
921606994980585472
921607037192110082
921607394471432193
921607435537788928
921607572649664513
921607912283308033
921608010816000001
921608247680950272
921608576703098880
921608615626231811
921608941049704448
921609020544356353
921609047194947584
921609307954864128
921609547348955136
921609826131763200
921609827972997121
921609972663889920
921610060555522049
921610168017747973
921610250050031616
921610564807352320
921610693778071552
921610909033824256
921611077850460160
921611245542928384
921611357631414272
921611740797947904
921611762612436992
921611975662231552
921612059476938752
921612064921149440
921612071543992320
921612357884940289
921612680934449152
921612693735464960
921612980856459264
921613292631674881
921613330862739456
921613386915504128
921613551684538368
921613571829719040
921613725932630016
921613881314828288
921613910544875520
921613982934413312
921614530995769345
921614532937768961
921614536364449792
921615243331166208
921615296628224000
921615371609796608
921615436134977537
921615628506746880
921615723327381510
921615809301983233
921615864859947008
921616316578058240
921616327944687617
921616314564857857
921616828920750080
921616832305430529
921617047406211072
921617080595517441
921617219020304389
921617255313453056
921617294538588160
921617497069146113
921617583056523264
921617656620507141
921617775851950080
921617837650862080
921618037471633409
921618080673026048
921618153100148736
921618331253256193
921618648015491072
921618992833466368
921619115479060480
921619219053268992
921619903345545216
921619904327020545
921619979027480576
921619990687764480
921620104110108672
921620204257529856
921620257080528896
921620313154179072
921620344896602112
921620360960778240
921620385900187648
921620536396075008
921620772195627008
921620824796401664
921620915133313024
921621093747654656
921621167470993409
921621487789977600
921621516080631808
921621722335514624
921621793554788352
921621898106195969
921622006340177920
921622080688402432
921622118890201088
921622205938700290
921622451875909633
921622509404999680
921622713990512641
921622746202890240
921622895733829632
921622952646467584
921623041540583425
921623221639811073
921623348479758336
921623431015288834
921623490163339264
921623489546719232
921623612259536896
921623727992987648
921623857869590528
921623963146555394
921624135536709632
921624326830510081
921624473178173440
921624622285463552
921624624714080256
921624644846628864
921624780062773248
921624814334496768
921624851915460609
921624913668116480
921625253616463873
921625875610816512
921625927968346113
921626202997223424
921626253580529664
921626497043042304
921626555440345088
921626696826195968
921626750467141633
921626837587058688
921626843500904450
921626866020106240
921626937545646080
921627108794699778
921627119951769600
921627250767945728
921627685323005953
921627762099662849
921627766549774336
921627971290648577
921628041029259265
921628181517529093
921628567758426113
921628909548040193
921628982856093696
921629000937754624
921629114544672768
921629150762360832
921629625553317888
921629634390908928
921629636915814402
921629685506854912
921630387570397184
921630492901953536
921630524208222208
921630663438209024
921630925519249408
921630945362538496
921631028627820549
921631180511956992
921631233603440641
921631527825485824
921631678434508800
921631685439053824
921631741323956224
921631805157134336
921632148473475073
921632164709617664
921632320511250433
921632644034686977
921632646756581378
921632661818499072
921632925241823232
921633066988331008
921633231363104769
921633409893634048
921633433931022336
921633478898339840
921633590454247424
921633614470762497
921633743386894336
921634223991095297
921634282711474176
921634445194559489
921634583468302336
921634660903419905
921634662128259072
921634839585083392
921634944346218496
921634958304796673
921634969688137728
921635160604532736
921635207597494273
921635430789013504
921635448098906112
921635553686228992
921635593230143488
921635627984146432
921635654215323648
921635701350916096
921635740597018624
921635914610364416
921635922927607810
921635925360340992
921635950467350528
921635991261196290
921636047108395008
921636079408730112
921636220266078208
921636293112684544
921636339141038080
921636392719052800
921636592946761728
921636594813210624
921636656586940416
921636720927498240
921636729035153409
921636929912889344
921636948330106880
921636964616556544
921637014251872257
921637045168214016
921637175195680768
921637318548709378
921637388882989056
921637496211025920
921637579291639808
921637652281085953
921637703820623872
921637770006757376
921637944842211328
921638011300909056
921638078229483520
921638106339729408
921638106033545216
921638180226560000
921638188329979905
921638295490191360
921638296501084161
921638358417321984
921638507768098816
921638513048682496
921638589682929664
921638739411193856
921638746235244545
921638760214925312
921638799737806848
921638859842220032
921638979598012416
921639107146715137
921639137945554945
921639439834730496
921639534613450752
921639577432887297
921639583422517248
921639674543792128
921639677341388800
921639702322728960
921639718097387520
921639987308875776
921640008410427392
921640131286708225
921640403148988416
921640522653061120
921640654630944768
921640701410119680
921640707399467008
921640718074044417
921640743134883840
921640753113321472
921640867970117632
921640875729522689
921640926568697858
921640994990325760
921641186317742081
921641295017324549
921641375090782209
921641516224925696
921641631182458886
921641656469868545
921641682705186816
921641708240162816
921641889996197890
921641897566834693
921641963509768192
921642006119702528
921642018652262402
921642160843317251
921642208041697281
921642212110323712
921642217298710528
921642219387412480
921642234633601025
921642239868243969
921642249347362816
921642286223691776
921642316426829824
921642365978374144
921642510337835013
921642526280441856
921642577455144962
921642597298376704
921642974479572992
921642988761178113
921643078053744640
921643299978571776
921643319750479872
921643336485785605
921643437312610304
921643435538468869
921643468446994435
921643486033702912
921643488118161408
921643491859427328
921643709317419008
921643737943506945
921643868109590529
921644037412720640
921644054131232768
921644171512999936
921644235442606080
921644239569805312
921644283211350016
921644339398348800
921644423582224384
921644454842392577
921644548564180992
921644644970229760
921644656240349184
921644767737450496
921645024932253696
921645036999192576
921645169727954946
921645187725778946
921645248975130625
921645255417458688
921645259947421696
921645306336432128
921645462419066880
921645472783196160
921645663691116544
921645836953702403
921645904779726850
921645969367760896
921645995171241984
921646013655408640
921646014745980928
921646025357582337
921646160019849216
921646199190556672
921646200037789696
921646199509274625
921646238801584128
921646327221583872
921646502467878912
921646539365330944
921646610047782915
921646654796783616
921646908095041536
921647002261315585
921647247133114368
921647268624822272
921647542315769856
921647984135344128
921647999197106176
921648316932292608
921648505227239424
921648508066770944
921648513246785537
921648781044649984
921649029792051200
921649099790782465
921649159454777344
921649311397695488
921649448522080256
921649659814268928
921649725094400002
921649790118543361
921649820154126336
921649991130800128
921650057388142592
921650104309870593
921650161369141254
921650298917150720
921650488462008320
921650552882237441
921650685728444417
921650737100271616
921650745291702272
921650935876718592
921651008182345728
921651032626745344
921651040272781312
921651048065798144
921651053401063424
921651288940711936
921651357408485377
921651451021193216
921651678755082240
921651685717626880
921651687978405889
921651745545244673
921652035669446656
921652088148582400
921652092066062336
921652096574939136
921652274786582528
921652324698939392
921652449043247104
921652638596452352
921652714794291200
921652737649061889
921652960647622657
921653127354507264
921653127815802880
921653328949506048
921653343784718336
921653542833803265
921653576946069504
921653665454284800
921653742847524864
921653784232808449
921653795855175680
921653806039027712
921653886594764801
921653897730691072
921654039267430400
921654170419052544
921654309317758978
921654347343073280
921654494714322944
921654552428011520
921654800412004352
921654801569591296
921654804451151873
921654797723406336
921654933228867584
921654977583558656
921655077479288833
921655086509711360
921655089269485569
921655190926888960
921655567801778176
921655577704521728
921655722504523776
921655881615462400
921655886510264320
921656006429560832
921656085894844417
921656153104420864
921656578477928448
921656834112589824
921656811656183814
921657305782943744
921657308626665472
921657308970717184
921657364394250241
921657534779461632
921657673195638784
921657810915487744
921657953060622336
921658161093861376
921658161760673792
921658243973304320
921658328849305600
921658355688538112
921658413884592128
921658643673767936
921658800419024896
921658969084526592
921658979075416064
921659036961042432
921659071970840577
921659533172322304
921659579049627649
921659600033722368
921659834730196993
921659974601859072
921660025663315968
921660095573868544
921660254441656321
921660293540974592
921660329209225217
921660449921355776
921660535476809728
921660708751888384
921660862695342080
921661008497737728
921661089531691008
921661093428256768
921661091238875136
921661182527856640
921661269354123264
921661395850153984
921661491669012480
921661499269107712
921661502553288704
921661514746036224
921661543309369344
921661764323958784
921661849900285952
921661855038361600
921661863519248384
921661903646191616
921661972076220417
921662244462694400
921662245154820096
921662342256922624
921662351891460097
921662355473346560
921662593638522880
921662688232660992
921662752954953728
921662792448569344
921662798144425984
921662845376520192
921662851588263936
921662858441711617
921662914330791936
921663077099233280
921663097361793024
921663161346019329
921663174696488961
921663268883697664
921663284851429378
921663366392934400
921663508181405696
921663613244493824
921663783180886016
921663903423188992
921664099125260288
921664169602158592
921664186706427906
921664222144221185
921664374372171776
921664477061410816
921664634809024512
921664768229937153
921664913579429888
921664971875979265
921665249257971712
921665264055472128
921665290768932864
921665440924995584
921665523183771653
921665687722057728
921666007156035584
921666017469915136
921666125288665089
921666137917665282
921666470437965824
921666582513967104
921666584715948032
921666677380734976
921666786810126336
921667052108173312
921667372741775360
921667375572725760
921667380148953088
921667381847576576
921667383391145984
921667386629066752
921667423257886720
921667428509249537
921667667941117952
921667774824570881
921667803056427009
921667819573477376
921668124277137408
921668161694560256
921668440502538240
921668478628696064
921668699886620672
921669154519658497
921669162920951808
921669230294130688
921669229740519424
921669279153643521
921669320748535808
921669461563887616
921669894373908482
921669899407314944
921669906487283712
921669975361847296
921670105335025664
921670134976143360
921670177342853120
921670302819667968
921670934259556353
921670947672936448
921671154229760000
921671186412638208
921671216125169664
921671257002782720
921671435248177152
921671610175770624
921671615867482113
921671655637880832
921671906704674816
921672304584740864
921672318623080448
921672417646448640
921672454388568064
921672484654583808
921672611314225152
921672630222106624
921672767128457216
921672783968563200
921672793502244864
921672885462274049
921672961622511616
921673021315801088
921673150965919744
921673242095448064
921673355589292033
921673555695284224
921673575949651968
921673593553113089
921673611064291328
921673670900305921
921673672984739840
921673692639240192
921673784503005185
921673944368852992
921673955894874112
921673974433615873
921674126405914624
921674157129166848
921674289249701888
921674451393110016
921674548864606208
921674703659520000
921674749616513027
921675312307503104
921675316359323648
921675636439244800
921675966006611970
921676008000049152
921676103370072064
921676435319918595
921676516316078080
921676547660148736
921677385258414080
921677446382063616
921677447241912320
921677451591405568
921677480213303296
921677642402811906
921677660283179008
921677710119890945
921677744995557376
921677962734329859
921678099254857729
921678301231448064
921678329236815872
921678529372344320
921678618463436800
921678706506117120
921678904234045442
921679112208637952
921679210552463360
921679211118526464
921679246820560896
921679377137627136
921679469353558017
921679589000339456
921679962314280960
921679964444987392
921680117675515904
921680191042310144
921680387784499200
921680616336314368
921680986299142144
921681096152113152
921681126028201984
921681317405888512
921681396904669185
921681791706165248
921682061060116480
921682123433611264
921682481039970304
921682487637446656
921682534945251328
921682710413893632
921682725790138369
921682954157461504
921683067399438336
921683358131900417
921683435487485952
921683861465116672
921684166789468160
921684349799591936
921684794760663040
921684804235616256
921684860636422145
921684957323505664
921684968518180864
921684993784528896
921684998972956672
921685000499728385
921685000034111488
921685273397874688
921685273641193473
921685495402418176
921685564411338753
921685589094797312
921685774315253760
921686015550607360
921686238234636288
921686255368376321
921686257490649090
921686390949269504
921686448696446976
921686463749787650
921686544762761216
921686791274618880
921686924305354752
921687035475144706
921687149941964800
921687196003811329
921687227897405446
921687759055671296
921687986420551680
921688143501447168
921688206751555584
921688318110257152
921688351484325888
921688460997558272
921688688991621120
921688765164220417
921688963525603334
921689084401192960
921689143440232448
921689193289584640
921689278224224257
921689310717456386
921689349112127489
921689383870320640
921689472374321152
921689834145624064
921690029646405633
921690360610476033
921690629503160320
921690738601193472
921690779424362496
921690889709375488
921690969136881664
921691159457615873
921691290143731717
921691581345927168
921691819469099008
921691837143937024
921691896287760384
921692315051274241
921692385775620096
921692388174843904
921692543640899585
921692545566068737
921692547197689856
921692656757104640
921692824986443776
921692864207294464
921692943056101376
921693140876177410
921693382438739969
921693445021986816
921693591508004864
921693806159958016
921693839726972928
921694206736977920
921694212948553728
921694309589618688
921694332327026689
921694365164212225
921694462216146944
921694476392902657
921694530885341184
921694587781091328
921695143778045952
921695205056708608
921695563195830274
921695573450801152
921695580128022528
921695587539419136
921695853567455232
921695946081292288
921696018185576450
921696068760489984
921696094458966016
921696130370596864
921696345232232448
921696566863433728
921696933093052416
921697105047183360
921697166741135360
921697535462395905
921697565556473856
921697580479864833
921697634422788096
921697827524370432
921697846902116352
921697900224221185
921697987625144320
921698055056953344
921698112598573058
921698142206251008
921698159696412672
921698211378728960
921698838414594048
921698840138469376
921699599198257152
921699634346643456
921699767138349056
921699802785730560
921699882469126144
921699944117014528
921699997460115456
921700152141844480
921700157183406080
921700167077769217
921700184505110528
921700491125501952
921700523715244034
921700710072320000
921700900942606336
921701051497091072
921701103959465984
921701213409857536
921701330477109248
921701393844654080
921701549843283973
921702000001200128
921702127491211264
921702282407895040
921702374095360000
921702379615072256
921702956067631104
921703024946446338
921703474500440064
921703528388878337
921703596261076992
921703646273814528
921703653580324866
921703659930554368
921703680465883136
921703713005285377
921703870958628864
921703874930642945
921703928135405569
921703942261805056
921703958552502272
921704130615197696
921704386883145729
921704610376634368
921704798780624896
921704813519409152
921704871866269697
921705053198671872
921705118185197568
921705132068306945
921705133859393536
921705236867309568
921705247785013248
921705535824646144
921705536298549250
921705714523017216
921705757854269442
921705784957898753
921706047986978816
921706104303816704
921706135106834432
921706245937090560
921706408151781376
921706414594289664
921706502867640320
921706751635935232
921706985179009024
921707132332003335
921707175747219456
921707309457465344
921707337567653888
921707566387867649
921707654606671872
921707654950645760
921707705575837696
921707730628497408
921707851109863425
921707916113014785
921707930545778690
921707960740524032
921707984169947136
921708003715436544
921708076746596353
921708108988248064
921708414744526850
921708430339051520
921708492217638913
921708724330385408
921708800511565825
921708804806512640
921708877430657024
921708907223044096
921709012017647617
921709076530323458
921709088609832962
921709131928690689
921709446174314496
921709536678948864
921709809069690881
921710230655963136
921710468061900800
921710576702803969
921710805917282305
921710859763748865
921711046875893760
921711084196761600
921711096368640001
921711214543204354
921711238429716480
921711274865590272
921711422559617024
921711425831174144
921711457124876288
921712022785613825
921712063843627009
921712196458971137
921712292424765443
921712422674685953
921712683593936896
921712698571751424
921712751059374081
921712758793670657
921712772811034627
921712932337127424
921712950066397184
921712986309431297
921713213938524160
921713253876752384
921713285384343552
921713470269284352
921713477126893568
921713515609673728
921713537239670785
921713632425185281
921713941390094337
921713971987730433
921714075586965504
921714090577399808
921714125004304384
921714301831925765
921714394995855361
921714533894361088
921714825536901120
921714874941693957
921714903546818561
921714994395471872
921715217511350272
921715257143422981
921715340823924736
921715360679841794
921715387670155264
921715472218783744
921715773084749825
921715819037515776
921715848741613569
921715936339652608
921716158935552000
921716245375995905
921716265844166658
921716346743873536
921716428633493504
921716476997804033
921716477308280832
921716487496142849
921716500003770369
921716702798336000
921716906041757696
921716985267916800
921717059544895489
921717113328427008
921717252008923136
921717490891329537
921717588920594432
921717706646102017
921717710559555584
921717715219468288
921717717035638784
921717873021775872
921718023488237568
921718248407781376
921718295841136641
921718625366659073
921718809467158528
921718825401372673
921718874453741568
921718914714882048
921719111540977664
921719273042726912
921719280500080643
921719326146744321
921719411517673473
921719442521972736
921719516895367171
921719569244479488
921719604946325504
921719611036438528
921719621257977856
921719637548699650
921719814623596545
921719834559336448
921719960472342534
921719973906735104
921720227456520192
921720231134924800
921720286373994496
921720386370326528
921720431463272449
921720534316077057
921720559330844675
921720637881815041
921720741736857601
921720906732441601
921720942790930433
921721050726932480
921721405707902977
921721428919111683
921721491900764161
921721604857581568
921721652773302273
921721686025793536
921721951776903168
921722006701264896
921722040352149504
921722048807714817
921722090948087809
921722098657169413
921722217410555904
921722265447927808
921722304522080256
921722410189156352
921722412898619392
921722664141680642
921722753086115840
921722782248992769
921722791954612224
921722852809826304
921722921961304065
921723016341544961
921723219471667202
921723312933351425
921723439894982657
921723932855750656
921724002313306112
921724005056380929
921724039126749184
921724237504708608
921724284338282496
921724409123164161
921724462910836737
921724472167673856
921724711708561411
921724779991666688
921724798497099777
921724851068555271
921724859935264769
921725026352713728
921725031184519169
921725377445232641
921725514276048896
921725631884296192
921725676012662790
921725764093009921
921725821592784897
921725942539616256
921726098345484288
921726110181847041
921726485983039488
921726496682717185
921726510255497216
921726521663991808
921726903114981376
921726922727542784
921727047893909507
921727057880600578
921727222066630658
921727415558209543
921727732278493186
921727772325593090
921727783222595586
921727808346271744
921727814663012352
921727819159343105
921727849995874304
921727923731738625
921728374199943168
921728536838311937
921728711770206208
921728995284090880
921729013302906885
921729064641138688
921729247256997888
921729304261562369
921729365217554432
921730295103094786
921730297108029440
921730435725643778
921730435520090118
921730584757653509
921731324125241346
921731351224766465
921731450701049856
921731518761979910
921731540014522368
921731541415456768
921731571186569216
921731673535995904
921731881980321793
921732058833215488
921732461012373504
921732769255968769
921732805997969409
921733062517456896
921733313194287104
921733484913324032
921733596343255040
921733705302978560
921733770390196224
921734117204643840
921734188155506688
921734313313480704
921734379411595264
921734463528275969
921734511976763392
921734530276515842
921734570336247808
921734683171356672
921734852923281411
921734875987828736
921735302032576513
921735316230295552
921735388796014592
921735465799004160
921735541942517761
921735739456606208
921735763401826305
921735873582063621
921735891244199936
921736036912418817
921736589021270017
921736591479058433
921736861588054016
921736937400135681
921737003485618176
921737152161042432
921737163745656832
921737403806683136
921737486379966464
921737509742268416
921737840085438464
921737857919696899
921737864659869700
921737881932259328
921737955743584262
921737988438220801
921738200183377924
921738347286089729
921738547253645313
921738569462448129
921738635564724224
921738661514891269
921738894168686595
921738967975890945
921739169050906624
921739172452470784
921739819197386757
921739840382742529
921740287139041280
921740384790818817
921740709123756034
921740813687803905
921741058853232640
921741137571917824
921741717316960257
921741758882549760
921741901367250944
921741971777032192
921742388191690752
921742391731564544
921742402066378752
921742487798124544
921742795102187520
921742873204330496
921742876790480896
921742879210508289
921742916904800258
921743341217251329
921743481218961422
921743632583090177
921744291629879296
921744359829188609
921744484160950272
921744739791015936
921744919047344129
921745074148593664
921745134026477568
921745188275486720
921745210639515648
921745393049726976
921745618867015685
921745707870035974
921745933565603844
921745999516913665
921746186922528769
921746239292665856
921746352043937792
921746532206039040
921746549025189888
921746632508608512
921746631946629120
921746837211697152
921747445100531712
921747539640094720
921747621911384064
921747627825352705
921747864535093248
921747909519052800
921748184292102145
921748296644939776
921748407882051584
921748550463246341
921748675994497026
921748685662408705
921748779233034242
921749169244639233
921749171748655105
921749294113320960
921749330142175232
921749462770384896
921749518063894529
921749890534858752
921750019778187264
921750030712795136
921750173327425537
921750183163191296
921750202310168576
921750411018690561
921750453850918915
921750494812491778
921750653327822849
921750709086900224
921750712102608898
921750910468087810
921750951601479680
921750964066967552
921750981578248192
921751131667255297
921751168384208896
921751169592184833
921751196985122816
921751369731756032
921751448769257472
921751451558440962
921751713660497921
921751789027905541
921751828416606213
921751831801450496
921751843042201601
921752117190316033
921752161427623936
921752164703358977
921752227148165120
921752299923431424
921752329812103168
921752381100044291
921752446011150336
921752499945639943
921752629860028418
921752894994599937
921752944319565829
921752956596375553
921752992101142528
921753238130577408
921753494117380097
921753504900935680
921753512085684225
921753547640836097
921753810778972162
921753874888871937
921754049342517251
921754138270224384
921754191831351296
921754204523376641
921754232033644544
921754294700920832
921754360509620225
921754549001576448
921754578072334336
921754613891690497
921754689376608257
921754698058813440
921754831747977217
921754916569444353
921754937066967041
921754993446842368
921755025755574272
921755046773174273
921755069686714369
921755145859489792
921755166633754624
921755227128193024
921755254898733056
921755312981360640
921755451418701829
921755460553920512
921755462432849920
921755546092474368
921755601679605760
921755712547672064
921756055910207489
921756226463117313
921756279374340096
921756283275038722
921756365890170880
921756387394379776
921756572472303618
921756594257440769
921756639589552129
921756655980867584
921756721458053120
921756776927760386
921756822092025858
921756844602871808
921756849266937856
921756890979291144
921756897396580352
921756955722633216
921757029986906113
921757184156938241
921757344895328257
921757730758590464
921757826497830912
921757971847229441
921757978541350912
921758278731878400
921758428774785024
921758609469509633
921758629946109952
921758686766354432
921758874432139264
921759044611735553
921759100081442821
921759269854285826
921759396937588736
921759502772215808
921759527934025728
921759750668382208
921759900061110272
921759934768930816
921760137324441601
921760162800701443
921760359169581056
921760408389681153
921760493819310083
921760692981698561
921760806919909377
921760951120154624
921760964180979712
921761242762633218
921761340703862784
921761437042860034
921761563547140096
921761612431736837
921761629808857089
921761655792562178
921761726277849088
921761751032631297
921761752802562048
921761755264675840
921761989977952256
921762084261629953
921762150179393537
921762250125402112
921762254101639170
921762391536357377
921762409978761217
921762566749159425
921762608985800704
921762633543544832
921762667228024832
921762821100179462
921762837877395458
921762851718615040
921762885533143040
921762888393613312
921762985495990274
921763008929583104
921763035370356737
921763155436556288
921763334919278594
921763433959243776
921763439340646400
921763501005312000
921763506646667265
921763559821807616
921763567631847428
921763727799668737
921763830535020544
921763875472773122
921763986374356994
921764069543092224
921764068385611777
921764280629854208
921764378768302082
921764447512858624
921764503120896001
921764505964687361
921764872769228800
921764958588850177
921765096036200449
921765301267472385
921765348893954054
921765399997317121
921765444004073472
921765531501387776
921765539554512896
921765631191670784
921765668286066688
921765711495794688
921765771096788993
921765772992622592
921765919914909697
921765954056531968
921766008746102785
921766059262308353
921766077130043392
921766247758516224
921766747690201088
921766782343499776
921766785468256256
921766847346823169
921766876253790208
921766894302003200
921766896743141376
921766931157352448
921767027878096896
921767181020553217
921767226239221760
921767287601983489
921767472264511488
921767629488050176
921767661394186242
921768045948780548
921768045399494657
921768067440545793
921768218343170050
921768271170371585
921768344663085061
921768425084645376
921768585671962625
921768670438805505
921768777544544258
921768819244150784
921768831445377024
921768962010034176
921769193925742593
921769282157019136
921769346015334400
921769401594138626
921769434242600960
921769460721123328
921769534738042880
921769602383798274
921769821045493760
921770463046635520
921770462761439232
921770627471740928
921770742957641729
921770765506183168
921770836364877824
921771042812710912
921771070952214530
921771824127598592
921771831807406080
921771972853424128
921772117024178181
921772126738231297
921772128017567746
921772166433181696
921772424206733313
921772692696715272
921772738028670977
921772788955926533
921772827145129985
921772871642439681
921772914889945088
921772969051017216
921773021945360390
921773072566251523
921773330709041152
921773349436567554
921773474506567680
921774251954274305
921774283436843008
921774431890034688
921774431067832320
921774436554100736
921774580477366272
921774709666131968
921774827173683205
921774831665926145
921774838032814080
921774994744664064
921775233429852160
921775267416297472
921775330746134528
921775515542880256
921775593158561793
921775595259916291
921775606450343936
921775608593514496
921775595259916291
921775721017683968
921775915214032896
921776019295621120
921776024660119554
921776270219862016
921776350960250882
921776527519440896
921776719467556864
921777090206167041
921777121592332290
921777403785089024
921777682391748608
921777722577375232
921777926990979072
921778020985262081
921778049439420416
921778087775342593
921778104535674880
921778112572067842
921778224018968576
921778223687585794
921778256017264641
921778281317322752
921778379640197120
921778459281690624
921778603565699072
921778700462514176
921778780770840576
921778969397153796
921778982240030721
921779140642201611
921779181628854272
921779214294093825
921779299329499136
921779573519519745
921779795255611393
921779813492363264
921779968224395264
921779998364782593
921780035228401665
921780153574969345
921780169752313856
921780267274121217
921780268909940736
921780523550339083
921780655826132993
921780790337273856
921781154273026049
921781211227357185
921781306895323138
921781398880501760
921781504493178880
921781677994672128
921781692020547586
921781885642174464
921781887571578880
921781932551221248
921782065833697280
921782207399759872
921782380502966273
921782458785390593
921782558471409664
921782717230080000
921782999749885954
921783033652498432
921783096235708416
921783143308206081
921783147171401735
921783151025848321
921783170198065152
921783183242383360
921783248077934593
921783333004201991
921783338188275712
921783395792883713
921783501111820288
921783510461009920
921783602228219904
921783751797026817
921783793811202048
921783832830988289
921783982546616321
921784179049803777
921784198050050049
921784307714228224
921784405110255616
921784407890915328
921784415356968960
921784447560769536
921784544377831426
921784573553504256
921784574883090432
921784673453445120
921784861660188672
921784994007277569
921785066031865856
921785069051752449
921785113050050560
921785306457702401
921785307619577856
921785335423565824
921785389618167810
921785434065080321
921785488159199232
921785505095745538
921785600272949248
921785931341934592
921785935439843328
921785945724203009
921786016234647552
921786067208101890
921786159960903680
921786172812251137
921786262880649216
921786373224443905
921786386742697985
921786395533996033
921786458909929473
921786617861492740
921786689529438209
921787045428842496
921787151347585024
921787302417969152
921787318922547203
921787453379190784
921787542189551616
921787583771893760
921787696703471616
921787721915318274
921787736595591168
921788007446822912
921788170768826368
921788179677696000
921788249407975427
921788419537121280
921788516358676481
921788554887516160
921788594322276352
921788731052343296
921788749595512837
921788862761926656
921789045977632768
921789426325508096
921789591656583170
921789593439096832
921789669108482048
921789692764479489
921789706970456064
921789726809640960
921789974416166912
921790031173423104
921790097892233216
921790224677654528
921790298648346624
921790307167023104
921790401601789955
921790569311031296
921790582665760768
921790586750947328
921790613246435328
921790695295344642
921790727675437056
921791212859809792
921791235450384387
921791244438777857
921791261106982913
921791332946980864
921792051829792769
921792135682240513
921792257048621058
921792321179541504
921792333313724417
921792842506424320
921792898357776384
921793071796375552
921793127672942592
921793513800466437
921793730645958656
921793749197508608
921793780960899073
921793903451410432
921793906571870210
921794320147021824
921794339726151680
921794471003676677
921794527190495232
921794580030410752
921794657281077248
921794809932713984
921795103248846848
921795110781800453
921795204130267137
921795206390976512
921795398028668928
921795424796725249
921795606154240001
921795608372899840
921795757493145601
921795933519712256
921796039908188160
921796056186159105
921796202064236547
921796314060541952
921796350676815872
921796402660995072
921796486115053568
921796505354113024
921796526397149184
921796532206231552
921796536916430848
921796960247582720
921796987514695687
921797169732096003
921797372241424384
921797467838042112
921797591234424835
921797678115315714
921797685912498178
921797782477856769
921798014611677185
921798057422974977
921798076020424707
921798179242303489
921798241301213187
921798257851928576
921798309349556224
921798336151216128
921798343851995146
921798450219544577
921798519794651137
921798533287641089
921798556796768257
921798592024711168
921798627407876097
921798635867734017
921798646693335040
921798666209423362
921798667270590464
921798703513468928
921798833201348611
921798883621199872
921799169395879936
921799309603016704
921799335398043648
921799364405850112
921799398593630208
921799407120666630
921799462577688577
921799560489504770
921799839347863553
921799845337280512
921799945765650433
921800053160898560
921800053806821376
921800140070977537
921800450726400001
921800466605985792
921800741379035136
921800765726969856
921800803970580482
921800815983067136
921800855573225474
921800942357540864
921801048980905985
921801068257914883
921801132678307842
921801326966829057
921801332075515906
921801430582915073
921802072525365248
921802096617377792
921802550202064897
921802683777941504
921802693840007168
921802793979015168
921802834038935553
921802871045345283
921802904293531648
921802995876225024
921803094345830401
921803190110248960
921803237715460096
921803276923883520
921803592729812992
921803599876902913
921803759889666049
921803880714899461
921803974268907520
921803984888909824
921804033941262336
921804125809139712
921804444215468032
921804486821244933
921804505943040000
921804529535942656
921804558162153473
921804613510139904
921804729247784961
921804736659185664
921804872697204737
921804899490390016
921805039609491456
921805133931077632
921805135273254917
921805261601497088
921805264147369984
921805393667543041
921805440043896837
921805529923670022
921805660001619968
921805735461314560
921805798661152769
921805798782701568
921805868949213185
921806084360343554
921806242284232704
921806497910312960
921806539547205632
921806569976852480
921806600343564288
921806631817699329
921806820020228096
921806979076710400
921807059229687808
921807171016327173
921807236250337280
921807384292610048
921807558238724097
921807697640611840
921807827957702656
921808012767088641
921808035441455106
921808216429858821
921808303264428032
921808308234805248
921808311179272194
921808373712072704
921808379462463489
921808487268614144
921808538648895488
921808682861637635
921809040438628353
921809183313408000
921809280633798656
921809322371436544
921809490474946561
921809564344995842
921809617268760577
921809755055841281
921809927211048961
921810024397144064
921810042344570886
921810063781744641
921810286516031489
921810336927436800
921810628930568195
921810655438692358
921810694588260353
921810731108044803
921810817095434240
921810835051372544
921811401085210624
921811675069771776
921811763909267456
921811779931529216
921811901973188608
921811904758198277
921811972093595648
921811987046248448
921812083393679360
921812238960398336
921812317255405576
921812507622367232
921812643291320320
921812771813183488
921812925098192896
921813248101507073
921813349754601473
921813390535872512
921813519904968705
921813532668301313
921813542877237254
921813735987085312
921813950081089536
921813974689173504
921814015214587904
921814056239075328
921814158173229056
921814391267495937
921814532783329281
921814599812485120
921814601767047169
921814791236345856
921815403562786823
921815616897531904
921815777937907714
921815856132296705
921815861194838017
921815916446404609
921815961522573312
921816149087719424
921816183552331776
921816214023925761
921816423734956033
921816479020044288
921816524884672515
921817031963496448
921817254152556544
921817826029129728
921817903552483329
921817994724077568
921818246290034695
921818355090317314
921818368893583360
921818385788428290
921818507347660802
921818584170590208
921819010991382528
921819018553643010
921819090796232704
921819132651294721
921819148694499328
921819209293803520
921819255183695872
921819340458127360
921819377372139521
921819595421429760
921819773557706753
921819777093591041
921819807099564038
921819847591452673
921819973735124993
921820021155942400
921820111912218626
921820162625478656
921820183286763521
921820196918190080
921820372152045568
921820592105578496
921820706727452677
921820770703151109
921820827204677632
921820844657127424
921820891142590464
921820893864656896
921821275328274433
921821366092840960
921821519361314818
921822154336989184
921822260960354304
921822439851601920
921822547209064453
921822598023008256
921822680822796289
921822749273788416
921822753438797824
921822920447614982
921823403966980096
921823411705466882
921823431888457728
921823437013831680
921823509147455488
921823579641143298
921823585244778496
921823621336784897
921823757630672896
921823828111757312
921823941487816705
921823964753690624
921823980801142790
921824085444874240
921824386730070016
921824592238391297
921824779803529218
921824966542286848
921825109261811712
921825135711137792
921825150571630592
921825256033210373
921825451756093443
921825768958775296
921825922596114433
921826034219175941
921826101692895232
921826104381407234
921826382321278982
921826983822221314
921827057646129152
921827219550416896
921827764789014529
921827836754882562
921827894191624192
921827963175428102
921828055882108928
921828175092465664
921828436649287680
921828462393823232
921828551946534914
921828735510343681
921828772403404801
921828977722802176
921829066080219137
921829101555548165
921829151203610627
921829216567676928
921829472877400064
921829690427559936
921829842760491014
921830126253412352
921830243568144384
921830271065915399
921830464712790016
921830544660422659
921830594404913153
921830596309061632
921830715985195008
921831065018396673
921831274779758592
921831454459514881
921831768092758023
921831873239830530
921832273858744320
921832459867770880
921832583792680962
921833060286464001
921833477636534272
921833706926551042
921833782835142656
921833903228424192
921834317755674624
921834395388071942
921834734044483584
921834736359755776
921834803011432448
921834990811299840
921835005843828736
921835065285505024
921835393271640065
921835637506002944
921835692191309824
921835844448718849
921835966729420801
921836166223187972
921836174339174400
921836182375469056
921836358947221506
921837089066496007
921837201352286208
921837252749217793
921837457976512512
921837695340548096
921837958000513024
921838131204231168
921838430262300672
921838502441992192
921839230212550658
921839716605022208
921840003306655744
921840087092137985
921840178683052033
921840301383307265
921840353929515008
921840551896416256
921840798798315526
921840839936106496
921840910878507008
921840930604318722
921841179385266177
921841416787103746
921841634152800261
921842333317988352
921842340314140680
921842367325491200
921842421071269889
921842806619963392
921842816308916224
921842891147890688
921842919891505152
921843034366578688
921843163802763264
921843419319644161
921843485954789377
921843538215682048
921843550341488640
921843588077678592
921843628322050048
921843745548525568
921844028601192450
921844046083117057
921844198730584064
921844297569325056
921844682304507905
921844696040828928
921844817486807041
921845223734546437
921845301832552453
921845336271917058
921845420594167808
921845811872456704
921845848694194176
921846176575623168
921846219365912577
921846246431698945
921846524136615936
921846540502753281
921846832405401601
921846857013358592
921847108176576512
921847115248291840
921847435458203649
921847537761472513
921847733824184327
921848069423026176
921848352425349120
921848358280548352
921848686950473730
921849079017168898
921849213595549696
921849222630182912
921849287390191616
921849451530063872
921849778761281541
921849842707640321
921850273643028480
921850900397912064
921852108747563014
921852174623297536
921852654653005824
921852941480419328
921853128760332288
921853391093010432
921853563357319169
921853946578292737
921854175398563841
921854232118120448
921854633026510849
921854639355715584
921855199538540545
921855704285306881
921855717631516672
921856126026698752
921856202711199744
921856210185408512
921856608061349888
921857006717239296
921857378613637120
921857914402459649
921858117356392448
921858226538328066
921858561180864513
921858687106408448
921859161654202369
921859539464523776
921861251726266369
921861257476694016
921861893828038656
921862214038024192
921862244245360640
921862321454112768
921862418661302272
921862859012952067
921863000562323456
921864593227567105
921864641738956801
921864681878446080
921864868776554496
921864967904727041
921865119847665666
921865651295346688
921866156176281600
921866208512761856
921866711443189760
921866865881821185
921867056970166273
921868703125463041
921869309550489601
921869320841555974
921869413934161921
921870204644229120
921870338803294211
921870421372350465
921870600632700929
921872395962671104
921872632261246976
921873369565450241
921873652571877376
921874013554724865
921874671460601856
921876632142581760
921876917472694272
921877343806910464
921877597675540481
921877724263866370
921880076530081793
921880634317971456
921881051860942848
921881294589644800
921882404826046465
921883393037602816
921885635962658816
921886188511916032
921886766897999873
921887116627464193
921887118376488963
921887906381418496
921887910265282561
