890723480299200512
890723736856428546
890725259946717184
890726948443365376
890727714583392257
890729148808867840
890729825308217344
890730780913258496
890731070609666052
890733017555193856
890734658576666625
890735506920587264
890735718456147972
890735882176577536
890735947222069252
890736634668343296
890737115780329473
890738580104130560
890739090387333120
890739627002388481
890739669838811138
890740770415812608
890742482211926017
890743564824592385
890745880210485248
890750779501445120
890751178149068800
890751492097003521
890752996396736513
890753680164638724
890753974613286913
890757106990764032
890757340500197378
890757487988625408
890757519395741697
890757716414799872
890758160893583362
890760638527680513
890762024199704581
890762573783683073
890765164022288384
890766528366481408
890768123439202304
890768137712488450
890768224169734144
890768432504987652
890768500641472512
890768500926668801
890768608057602048
890768779478786048
890769037025837057
890770324500889601
890770818069913604
890770860151386112
890771882894610433
890771941853974530
890772089048899585
890772133940514816
890772592314916864
890772762847039488
890772822926270465
890773048760168449
890773651477450752
890773809606795268
890773986602299392
890774122078273536
890774526614810624
890774562572468224
890774602737008640
890774782139957248
890775020284280832
890776073264390145
890776687948046336
890776729329045505
890776772584890368
890776972015665153
890777005809160192
890777027674025984
890777227087970304
890777270452973569
890777303256530945
890778040367804416
890778107266945024
890778842758922241
890778880981647360
890778972988076033
890779313045417986
890779610656452612
890779730533904384
890780128443219968
890780346995937280
890780668275326976
890780762747924480
890781035960688640
890781068042829824
890781158904123392
890781358859145216
890781430652993536
890781693388484608
890781769024376836
890782157886689280
890782231177940992
890782384727236608
890782406923345924
890782710712733696
890782785522335745
890783201718923264
890783260581560321
890783586965639169
890783632092221440
890783670021345280
890783674475712512
890783880923533312
890783953191411712
890784047621955584
890784089019531265
890784312831778817
890784385305280513
890784407086170113
890784755343540224
890784958901563396
890785025129455616
890785029374189568
890785111406411776
890785192649998336
890785418127572992
890785418085531648
890785442521546752
890785471357255682
890785479053852674
890785506115674112
890786058912354304
890786097848082432
890786153946902528
890786368699473921
890786379600470016
890786384545554432
890786392661344257
890786402501316608
890786500249628672
890786708991737857
890786836037210112
890786941075173376
890787080065998848
890787121618759680
890787129357467648
890787230956093441
890787386778677248
890787396182310912
890787451899346944
890787461659537408
890787493175590912
890787501807472642
890787564730363904
890787693210120194
890788172363436032
890788814737858560
890788911164739590
890789149548171264
890789258667196416
890789411880828928
890789831051276288
890790155262595073
890790166515732480
890790176582193156
890790180252254208
890790188221440000
890790386343563264
890790915396292608
890790920345591808
890791021646196736
890791330401718272
890791544294223873
890791600644919296
890791843306328064
890792098114535425
890792218797027332
890792503019847681
890792639955693568
890792715985842176
890792753491324929
890792778833252353
890792789767847936
890792979220312064
890793021972914177
890793038213206016
890793053044211712
890793161357893632
890793254249263104
890793272762916865
890793303335153665
890793340719046656
890793494364774400
890793618310606848
890793629727543300
890793781624176640
890793815719772160
890793877451538432
890793941590847492
890793941389369344
890793971496222721
890793971483639808
890793979683516419
890794033366388736
890794035924918272
890794114865926144
890794250522243072
890794277848199168
890794356948443137
890794435935694848
890794877889413120
890795009724764160
890795459236777984
890795509639557121
890795552090320896
890795612622524417
890795649142321152
890795711381614595
890795893519261701
890795976532910080
890796081956737024
890796258926895105
890796284071817217
890796285284012032
890796314224726016
890796420059582464
890796464712101888
890796468197568513
890796472194805760
890796551223857155
890796585910755328
890796734753984512
890796763002552320
890796818413563904
890796850122551296
890796970301849601
890797029030547456
890797343980834816
890797716737056768
890797816146083840
890797972774146048
890798050448478208
890798220170805248
890798271249231872
890798298692427777
890798378342273024
890798395459284994
890798749613776896
890798786771132416
890798878580146177
890798933705928705
890798958758572032
890798978127810560
890798977028767747
890798985769824257
890799023157899264
890799031135481856
890799092804108288
890799131752415234
890799143307923456
890799167785713665
890799321041567748
890799384186826752
890799447764074496
890799534615515137
890799693466222592
890799750529900544
890799915055632384
890800060811939840
890800064293154816
890800275648200705
890800437640691712
890800441264668672
890800445639147521
890800533644161025
890800803304353792
890800933243940864
890801026332188674
890801313168150528
890801400535408640
890801552075763712
890801785425809408
890801941663690752
890802014212440066
890802048844931072
890802085738020864
890802122484326400
890802211458076677
890802235843719171
890802368782245888
890802452613693440
890802459454693377
890802468904460288
890802500349169664
890802645769883648
890802674924498944
890802723486130176
890802755434164224
890802759380893700
890802773062799360
890802773935112193
890802796064362501
890802929753391105
890803036427239425
890803111769628672
890803294314127364
890803304757948416
890803419820290048
890803422655643648
890803468461645824
890803504314433536
890803508072644610
890803557586411520
890803567057145860
890803635864600576
890803657410830341
890803734720196608
890803952555569155
890804015507939328
890804167459184640
890804462562029569
890804539066109952
890804711191957505
890804940477788160
890804963340943360
890804982592790528
890804987223310336
890805083356753921
890805165669920769
890805184770838528
890805310952136704
890805492423045124
890805541311832064
890805683821699072
890805909894516738
890805974264676352
890806065276870657
890806204347408384
890806479980306433
890806527904423936
890806524951617537
890806584623865857
890806727557468162
890806984487968769
890807028406341633
890807044231634944
890807223173165058
890807400281722880
890807515197427712
890807583396683777
890807648806981632
890807655203319808
890807701164478464
890807719271305216
890807722496733188
890807751273795584
890807861462355969
890807874242449408
890808047119020032
890808121555398657
890808195383537665
890808229340622852
890808261687078915
890808333745127424
890808385028968448
890808445062062081
890808509012606976
890808537705852929
890808752651329536
890808965763932160
890809049310277632
890809051101224960
890809055031308288
890809203971039234
890809434695499776
890809488604876801
890809582410383360
890809586017546240
890809597723803649
890809676501221376
890809758822924288
890809825554313216
890809857703464962
890809877588824065
890809921427709953
890809989824212992
890810032551587840
890810050243121152
890810061685235712
890810076583391234
890810153775267840
890810310852046848
890810322675580929
890810364694319104
890810375737880576
890810527403966465
890810670354022400
890810721516343296
890810737836380160
890810749999697921
890810835903184896
890810987355537408
890811055466840064
890811137020895232
890811212715487233
890811232898490369
890811275961409536
890811306902786048
890811373017542656
890811465359163393
890811472418353156
890811495218634753
890811556346437632
890811624558403584
890811625674088448
890811640735821824
890811686990614528
890811801415430144
890811856830558210
890811951470784512
890812047948218370
890812048703078400
890812114071420928
890812189816360960
890812387976253441
890812392925405184
890812418909241348
890812460650946560
890812520218468352
890812647301668864
890812716167950336
890812761109876737
890812800058224640
890812865980006401
890812866705715200
890812885659766784
890812890848022531
890812947836141573
890812996645257216
890813087275790336
890813175683219457
890813538612133888
890813565845852161
890813686901866498
890813709412687872
890813928636383233
890813929730957312
890813943723307008
890814022630637572
890814033120686081
890814059561586692
890814073079771137
890814078272262144
890814081774571520
890814095859089408
890814107212894208
890814115727511552
890814157192175616
890814196765646848
890814230550769665
890814235973828608
890814409823662081
890814492577345536
890814507303436288
890814551847047169
890814587821588480
890814617043206144
890814669920882688
890814675113390080
890814680855437312
890814771444031488
890814851085479937
890814903166148608
890814904843857921
890814964537204737
890814995369512960
890815026973614080
890815105042132993
890815107571339264
890815174017417216
890815232695828480
890815340028014592
890815341307232258
890815345115750401
890815388078014464
890815421515005953
890815470315741184
890815726440853504
890815734359756800
890815772427251712
890815830807781376
890816015566819328
890816020692205568
890816034642513920
890816221020606464
890816341896294400
890816510020780032
890816570230018048
890816680733155328
890816695857762304
890816712379166720
890816744071278597
890816905908559872
890816907040968704
890817016877199363
890817049391452160
890817179633016834
890817209848692736
890817239578017796
890817255264722944
890817261170286593
890817314303741953
890817344385294336
890817346687844352
890817542176034816
890817629556015108
890817699475062784
890817786829836288
890817799706341377
890817829309734912
890817832942006272
890817896535994372
890817945148039168
890817965544923136
890818016039944196
890818027155050496
890818030623707136
890818047597989890
890818131542679552
890818180872011776
890818183392886785
890818305308622848
890818312803930112
890818353681584128
890818396958412801
890818454814699520
890818512045953024
890818644946628608
890818644044693504
890818757727268864
890818818523746304
890818831542865920
890819078432096260
890819176239173632
890819204621979649
890819211869736960
890819231956250625
890819313065709568
890819314961526784
890819345345126401
890819347106713600
890819409463431168
890819548286517248
890819581950001152
890819587750731778
890819687570952192
890819708706070528
890819834161885184
890819919205609472
890820007004917761
890820018497363968
890820112189726720
890820185338368004
890820237599309824
890820393296171008
890820511139336192
890820540994379776
890820612628914176
890820642001563648
890820643498885120
890820642647543808
890820724713193474
890820773165846528
890820824193781760
890820827897364480
890820931408592897
890821065685053445
890821068117725184
890821104188653568
890821106449485824
890821120928038912
890821184866091013
890821196295663616
890821221931200512
890821330026848256
890821484821794816
890821515255533573
890821519395434496
890821586474938369
890821590941925376
890821637108576256
890821644335239171
890821698596909056
890821872543305728
890821890784276480
890821888586518529
890821894798282753
890821905304956929
890821939757035520
890821962058149888
890821980156567552
890822064474648576
890822143889596416
890822205705256960
890822260587679745
890822358369529856
890822520466583552
890822656567767040
890822653497532416
890822685680431104
890822688435912704
890822707063005185
890822720707055616
890822741632462849
890822805079695360
890822811857637376
890822839791734784
890822842060857344
890822850034233345
890822930837282817
890822947559976960
890823079395557376
890823264276283392
890823397617401856
890823417879986177
890823483814535168
890823493939589121
890823498528165888
890823571064401920
890823583966121988
890823621714874368
890823647673430017
890823857334099968
890823857514393600
890823878418862084
890823964305620992
890824042424541185
890824141875499008
890824185454440448
890824223270338561
890824273513902080
890824296368570368
890824319961616384
890824342476607488
890824397958860801
890824498395701248
890824651336810496
890824778067693568
890824927539896320
890824964118646785
890825075452235776
890825126119342080
890825188752928768
890825198748004352
890825227688710145
890825252061814784
890825286820007936
890825312329662464
890825440528609280
890825524058222592
890825659165093888
890825779457789953
890825845526450176
890825959728963585
890825982244007936
890826034043662336
890826066536824833
890826077748158466
890826122136616964
890826127790530561
890826148921438208
890826158320869376
890826180299030529
890826183910227968
890826245184815104
890826250784321537
890826255867805696
890826278269591553
890826281247547392
890826305905807360
890826316534165504
890826319461838848
890826327946915843
890826332493447168
890826417310756864
890826461451571200
890826579009564672
890826629794213888
890826651612962818
890826654590922752
890826702183698436
890826718193356800
890826730981789697
890826750514655232
890826761268842497
890826842583830528
890826899332751360
890826909130477568
890826909935849472
890826921818324992
890826943897227264
890826997726949376
890827000025407489
890827010897006594
890827057621598209
890827089619730433
890827117344194560
890827147610337281
890827153310310400
890827298286469120
890827340800028672
890827358709719041
890827394600357889
890827402343063552
890827435142459392
890827517262794752
890827645054746624
890827652386443264
890827728353710081
890827736549392385
890827833555255296
890827855977951232
890827923548188672
890827930531704832
890827950014201856
890828000324984832
890828027336249344
890828113013346305
890828143476576257
890828154692087808
890828223315152896
890828293934600197
890828357394452481
890828434594816000
890828443352485888
890828591805673472
890828642791587840
890828720973508609
890828736505020416
890828818327506944
890828846156722180
890828859972747264
890828976524070912
890828997457850369
890829076835045376
890829078915403778
890829161438334976
890829179947814913
890829217822363648
890829230040375296
890829272813850624
890829306175397888
890829309254004736
890829309769895936
890829313343459328
890829469971357696
890829536614653952
890829606932152320
890829779930361856
890829842282946560
890829846221402112
890829991436595200
890829991608426496
890830178867449856
890830246714494977
890830267820236800
890830311960989696
890830367577563137
890830412699848704
890830419851177984
890830440709459968
890830453262954496
890830496023924737
890830564932153344
890830671949811713
890830688731226112
890830707773370368
890830823146049536
890830912782352384
890830936027398144
890830937549934592
890830982403813377
890831055904796672
890831207667257344
890831283215101953
890831400500428800
890831436726636544
890831473011568640
890831605161484288
890831617526300673
890831741136510976
890831762296786944
890831829950967808
890831858484879360
890831867271950337
890831897634500609
890831977263374336
890832003909726209
890832011061059584
890832037187375105
890832103587409921
890832124294705152
890832133832495104
890832171887230976
890832199955746816
890832214707064832
890832227898183680
890832256029405184
890832274983440384
890832312589594624
890832325994565632
890832329912066048
890832346127138816
890832394399428608
890832468575694848
890832530332635136
890832683638632448
890832728169500672
890832795500728320
890832809434112000
890832874534031360
890832946030096384
890832971246317568
890832995497771009
890833028540502016
890833140637368320
890833208178356224
890833214184599552
890833222296326144
890833234178736128
890833512831569921
890833658491392000
890833677541937152
890833704997617664
890833716737708032
890833724065054720
890833727831539712
890833779551588352
890833805371727872
890833900917968896
890833918135586816
890833940415746048
890834022493954048
890834140190388225
890834207542435841
890834219236196352
890834267147825152
890834302254145536
890834377286057984
890834405442412545
890834530487205888
890834531598692352
890834560472293377
890834634187124737
890834677816320000
890834699869933569
890834767716995072
890834805046353920
890834847534645249
890834906250694656
890834968406110208
890834968364109825
890835050278920193
890835071212638208
890835183859109888
890835227576336384
890835272652423168
890835597165809664
890835673531527168
890835695790686208
890835760068399104
890835760869498880
890835946802905088
890835950288457729
890836001102471169
890836009172090889
890836097911189504
890836176516599808
890836228362383360
890836290442334208
890836414216237056
890836435493900288
890836494134333440
890836513185046528
890836644403838976
890836671301918721
890836681473044480
890836684643987456
890836697512103936
890836725265727488
890836809516802048
890836828852498432
890836831746613248
890836904639430656
890837033396183040
890837112903303169
890837127147261953
890837136672477184
890837181669019648
890837211108737024
890837229224022016
890837228624248833
890837302280323072
890837328851283968
890837341279072256
890837382974640128
890837413102325760
890837475454849025
890837509374185472
890837512687673344
890837525631295488
890837565934272515
890837594896044033
890837609488011264
890837677062447104
890837839700795392
890837928259334144
890837990582493187
890838078818066433
890838109969108992
890838148946812928
890838199593054208
890838291901280257
890838303896985600
890838339754086400
890838381760053248
890838429663100928
890838458842963968
890838460633939968
890838465067319296
890838515696709634
890838529722527744
890838547061776385
890838616339075072
890838639164391424
890838659817021450
890838749927624704
890838772560142336
890838903187533824
890838938956509184
890839011245395968
890839109543092225
890839129973555200
890839143110070272
890839443262799872
890839504889794560
890839514733846528
890839551262019584
890839600264073216
890839623991250944
890839639036243968
890839747765186561
890839761891594240
890839767688110080
890839822742548480
890839827100426240
890839901503197184
890839938287239168
890840080843145224
890840145167081472
890840160098799617
890840255066234880
890840286833762308
890840291120476160
890840366827663360
890840424935555072
890840561938305024
890840581768970241
890840665810243584
890840786073526272
890840802125074432
890840834928726017
890840937450156032
890841094736547840
890841155927252992
890841155918852096
890841287754121217
890841291659128833
890841368368742401
890841489298870272
890841493480624129
890841591560196096
890841619989221376
890841756065034240
890841763283431424
890841780341673984
890841821286453248
890841880786874369
890841956502384640
890841961338466304
890841978086326273
890841982481911808
890842056528187393
890842086915940352
890842132487049216
890842145371901953
890842342734876672
890842509689094144
890842561690177536
890842575711686656
890842609433939968
890842652844937216
890842719920246784
890842873545076736
890842918646317057
890842970173444097
890843026138025985
890843052025053184
890843153724473344
890843162679402496
890843162679418880
890843210297298944
890843281759895553
890843303930982400
890843304010686464
890843304060997632
890843303884804100
890843307550670848
890843307789754368
890843311014985728
890843313649197056
890843313758236672
890843313745604608
890843313967964160
890843313745653760
890843314022473728
890843313946996737
890843313603059712
890843313724694530
890843314198638592
890843313963773952
890843314412560384
890843314450309120
890843314525745153
890843314500534272
890843314177626112
890843314488053760
890843314542567424
890843314257309701
890843314446061568
890843314475368448
890843314458472448
890843314550976512
890843314244771840
890843313590370304
890843314571943936
890843314479665152
890843314899095553
890843314580328450
890843315733770240
890843321354129408
890843321303740416
890843321891004416
890843321853149184
890843321345732608
890843322033606656
890843321937141760
890843324034293761
890843324151672832
890843324097191936
890843324071989249
890843324361433089
890843324197818372
890843324197859328
890843324654944256
890843324868947968
890843325804277760
890843332607266816
890843332619886592
890843332636680192
890843332762521600
890843332854689792
890843332888338432
890843332766646272
890843332762509313
890843332884054018
890843333005672448
890843333043421184
890843333244764160
890843333270003712
890843332858961921
890843335337938944
890843342103359488
890843342233366528
890843342359203841
890843342447235072
890843342573056002
890843342283714561
890843342514384896
890843342640226304
890843342820519937
890843342862516224
890843342707273728
890843342774431744
890843342946394112
890843343005069312
890843343151910912
890843343126704129
890843343223181312
890843343059660800
890843383538868225
890843454695190529
890843458944086016
890843551017443328
890843650372100096
890843694382825472
890843697658568704
890843725718405120
890843743561015297
890843770220011521
890843770303897602
890843771830710272
890843776721326080
890843850456969217
890843850696208384
890843869851635712
890843966140297216
890843981302681600
890844059601850368
890844170021195777
890844183140990976
890844200455024640
890844274702430209
890844284127150080
890844287101001732
890844321523662849
890844351005327361
890844471847473153
890844480093507584
890844510456033280
890844565464375297
890844569025232896
890844685228548096
890844685832474625
890844692631482368
890844773141159936
890844797103222784
890844858071621632
890844890900439040
890844952963551232
890845139073216513
890845141572964352
890845176159232000
890845176717037568
890845191090962433
890845280152715264
890845281536937984
890845347920191488
890845349119700992
890845397668823040
890845423992266752
890845423631577088
890845540556079104
890845575247167492
890845613839011840
890845694822625284
890845715399925760
890845758295093252
890845876494708736
890845880634527744
890845917217247232
890845927099052032
890845940927606785
890845995919175680
890846004211089412
890846016483852288
890846094082662400
890846299209248768
890846315437068288
890846365605081092
890846418537254912
890846434177757185
890846568672264193
890846577505574912
890846693872340992
890846800420233217
890846916694724608
890847109301325824
890847377568837632
890847485849161728
890847545462710272
890847562827276288
890847578425831426
890847580099399680
890847582863466497
890847597111410688
890847624726708224
890847671057076225
890847709871124480
890847737494867969
890847745560510465
890847807409713153
890847823046082561
890847824862003201
890847831497383936
890847928591544320
890848031041609729
890848090734940162
890848094304301056
890848162545627136
890848178802757632
890848180606259200
890848185022902273
890848188604841985
890848281072472064
890848290601873408
890848312059887616
890848323275456512
890848348516831233
890848380188069888
890848381874180096
890848492159205376
890848499373363200
890848513982124032
890848546756472832
890848554142416896
890848598308659200
890848704764293121
890848860679155712
890848866869932032
890848969449984001
890849022210191361
890849106972647424
890849158277496832
890849271918063616
890849289311850496
890849297352318976
890849315664670720
890849416801902592
890849530278809600
890849533940387840
890849606371880961
890849712223506432
890849759858130944
890849842511085572
890849988909072384
890850163643777024
890850226331942912
890850314529722368
890850336755396608
890850362474860544
890850367709356032
890850397891461120
890850417332060161
890850458788671488
890850476052361217
890850621796102144
890850705799512065
890850712019664900
890850799999385600
890850880228032512
890850885718478848
890850967133880320
890851068975951874
890851133232689152
890851210869317632
890851277395066884
890851340192239617
890851424015437824
890851505741451264
890851567137697792
890851599609942016
890851609521029120
890851733156618240
890851810503790592
890851824621584384
890851851813494784
890851901016862721
890851956692049921
890851962375344128
890852015391342592
890852021078831104
890852061386080256
890852089651486720
890852148585672704
890852160363220992
890852193108193281
890852254672199680
890852300469743618
890852320770232320
890852352013611008
890852373316456453
890852528325308417
890852562735386628
890852793497640960
890852897608650752
890852974251081730
890853031939633152
890853091733647361
890853149401128960
890853167273046016
890853229449416709
890853281899180032
890853298802216960
890853377730420736
890853388107132928
890853402279673857
890853490775511040
890853531661590528
890853532743741440
890853533674868736
890853557884334084
890853588381118464
890853622136832000
890853644723159041
890853764265017344
890853985539821568
890854092456833024
890854120223125504
890854134789931009
890854176552570880
890854301890994176
890854342420463620
890854347411554305
890854395474325504
890854468128002049
890854474327232513
890854716795736064
890854718137917440
890854733820440577
890854748206903296
890854799033421824
890854845946748933
890854927827951616
890854991984021504
890854991925321728
890854993556905984
890855036145815553
890855074590851074
890855172322283521
890855188457807872
890855241540935680
890855358427795456
890855370666762240
890855420037877760
890855564011556866
890855606327889920
890855605229031424
890855608081154048
890855627827826688
890855631191781376
890855695930859520
890855852479066112
890855939540217856
890856046058713088
890856080624017408
890856342658969601
890856577527369728
890856657013616641
890856672784265216
890856677154619392
890856693491544065
890856746339753984
890856838559932416
890856857316622337
890856863834812416
890856921217019904
890856939533598720
890856957032189952
890856969657090048
890857046438010880
890857126918279168
890857128881205248
890857171109457920
890857180710260737
890857313577422848
890857316811255808
890857398944100352
890857529907064832
890857546264825858
890857555219685376
890857661645938689
890857675529101313
890857698316759040
890857704637509632
890857749722091521
890857806877917185
890857838037389312
890857898510880771
890857909541781504
890857955410759680
890857998490402816
890858051158388736
890858206569934848
890858242364104705
890858304381095936
890858316611637248
890858348672942080
890858418076045312
890858487386968064
890858739347148800
890858813607337984
890858871530696706
890858950933049344
890859034374483968
890859051357282304
890859119636353024
890859142021296128
890859193078620160
890859265807851520
890859277027561473
890859326633541632
890859379066421249
890859398901501952
890859404878336001
890859414495928320
890859414575611904
890859468090683393
890859606951550977
890859617420529665
890859639574859778
890859665990529024
890859668825923584
890859768713183232
890859796894797825
890859924779126784
890859931238379520
890859987882442752
890860021755650049
890860046976000001
890860155721666560
890860219257036801
890860226009804800
890860234088095746
890860267424370688
890860268531720192
890860285942276096
890860431564320769
890860449868152833
890860527567736832
890860592172601344
890860644093874177
890860693049798656
890860893814177793
890860972193316864
890860997807931392
890861033157517313
890861134236049409
890861142565953537
890861170105700354
890861304138878977
890861319162875904
890861373781155840
890861395461492736
890861506249805824
890861530161479681
890861564575842304
890861578131824640
890861624671825922
890861645697875969
890861680451833857
890861718359990273
890861853479514112
890861896928288768
890861898547245056
890861898417176576
890861903022567424
890861917765607424
890861918935801856
890861927722696705
890861946630754304
890861949390639104
890862045310091264
890862073663672320
890862110854590464
890862115807952896
890862180874293248
890862189397102592
890862191771103232
890862197995438081
890862218220384256
890862232652959744
890862243319091200
890862306741157888
890862323321188353
890862363573981184
890862383467556864
890862386797826049
890862389503176704
890862401377251328
890862420285165568
890862469505314816
890862474546868224
890862501990199296
890862538543554560
890862538845556736
890862566091755520
890862653115174913
890862862046031872
890862962168254464
890863028530544640
890863112429154304
890863115025383424
890863123946758144
890863128854089728
890863169597517824
890863177398755329
890863209766408192
890863309179813889
890863371834331136
890863381787357184
890863398346510336
890863403065126912
890863403316760576
890863431447965696
890863610293080064
890863630543192064
890863633978314752
890863784675479552
890863844259758082
890864007816646656
890864032869044224
890864127677214720
890864178298335232
890864180361912321
890864212028915713
890864374050689025
890864411870724098
890864414399877120
890864423560241152
890864431063863297
890864468292456448
890864489406627840
890864518968086528
890864534277287936
890864566674092032
890864576589377536
890864595346345984
890864623842451456
890864642217717760
890864648379125760
890864734223912961
890864742881005568
890864764599054336
890864782768820224
890864788133359617
890864856101998592
890864905385062400
890865123530854400
890865339256512512
890865430616838144
890865476544458752
890865547390443520
890865577178300416
890865659101544448
890865672057753600
890865763422228480
890865791507288064
890865815477735424
890865849799770113
890865961053696000
890865989163921408
890866115722838016
890866123788431360
890866155522490368
890866235625394177
890866262313664513
890866341418340352
890866479381581824
890866538454056960
890866546972774400
890866577205231616
890866580028092416
890866590383824897
890866636349202432
890866677952520193
890866689381982208
890866706654126080
890866714270990336
890866726178631680
890866787423801344
890866802561044480
890866841379328001
890866862069866496
890866937668022273
890866982211514368
890867018383208448
890867024179625985
890867122322255872
890867469392523264
890867501105590272
890867515718602752
890867535356342272
890867709084389377
890867711902978048
890867722317332480
890867732434083840
890867793331183616
890867809206587392
890867871370358784
890867929658642432
890867971106721792
890867988810915840
890868095220363264
890868116170969089
890868161435848704
890868187864195073
890868234504871941
890868269657325568
890868273268629504
890868301953470464
890868410984300544
890868486259560448
890868525065277441
890868640165359620
890868644250603520
890868658133766149
890868665880653824
890868717890019328
890868753042481152
890868761397514240
890868763729547264
890868909666181121
890868955149094912
890868965437788160
890868991517962240
890869001685016576
890869194203557888
890869227422445568
890869314294882304
890869352089702400
890869357080977408
890869361396920322
890869575268663296
890869612845387776
890869643887472640
890869656348708864
890869749617483776
890869865342435328
890869922779340800
890870086520754176
890870187729309696
890870204884029440
890870314980319232
890870462678421505
890870469167005696
890870478549663744
890870483398217729
890870494005678080
890870583382200320
890870599559544833
890870648377143296
890870695906996224
890870709576232960
890870713061605376
890870711782428674
890870736226856962
890870742677671937
890870750361550849
890870836881756160
890870978376589312
890871016121085953
890871082529509376
890871100950941696
890871124161998848
890871137206505472
890871309550399490
890871394631909376
890871462109880320
890871468548128769
890871509266419712
890871511980134402
890871531210932224
890871534855868417
890871578141097984
890871619572436992
890871736316686336
890871824560648192
890871829140832256
890871940461867008
890871942265393152
890871952495325184
890872040651182081
890872043402649605
890872326098743296
890872338081865729
890872368872267776
890872440024379393
890872442855542785
890872546580680704
890872594001522689
890872626469535744
890872650519785472
890872686129418241
890872866408890368
890872966342483968
890872974458462209
890872986026299393
890872989448900608
890873006339178496
890873093668970496
890873185369042945
890873197247201281
890873219300896768
890873300053889024
890873431423668224
890873486931111936
890873606712020993
890873692867219459
890873704166678528
890873718393585664
890873953585176576
890873980843941888
890874043141947392
890874077329723392
890874194019463168
890874205524430848
890874236839088129
890874292375826432
890874322688114688
890874370389938177
890874372998799362
890874375406276609
890874452438913024
890874475348185088
890874475050414084
890874482075815937
890874483971694592
890874572307914752
890874608408305664
890874673445076992
890874724644864001
890874728059215872
890874766797799425
890874799064580096
890874820501614592
890874834862919684
890874846497968129
890874887438512129
890875000290512896
890875008817524736
890875013938782208
890875052379566081
890875138119540736
890875164887535617
890875245619499008
890875266775617536
890875379803729921
890875381544255488
890875464914481152
890875599006441472
890875620388986880
890875641628897280
890875690593255426
890875810575515648
890875842699694080
890875864312926208
890875877650771968
890875935108608000
890875967643815940
890876048614854656
890876058312028160
890876126016548864
890876265925922816
890876292035432448
890876367272857600
890876458025046016
890876492212834304
890876504594202624
890876538232553472
890876577080381441
890876626657058816
890876684257419264
890876701391159297
890876767644389376
890876980664696832
890876999279013888
890877048436273153
890877059765063681
890877156594679809
890877163808980992
890877352091234304
890877363973746688
890877402594897920
890877683504218113
890877688772251649
890877699140587520
890877746032857088
890877758196391937
890877876467359744
890877941550387200
890878020243869697
890878025432260609
890878056302350336
890878103240798208
890878166310506496
890878283151233024
890878293196591106
890878343192731649
890878367578411013
890878371084853248
890878417977192448
890878427338854400
890878500583952384
890878536919035905
890878554363355136
890878557009977344
890878607433900032
890878633665064960
890878734231797760
890878747305537536
890878850791604224
890878851190050816
890878864825745408
890878871414951936
890878938372853760
890879001547476992
890879011076878336
890879166257692672
890879181726388224
890879284402847744
890879298990743552
890879336550731776
890879484341231616
890879529778114560
890879594282311680
890879615568408580
890879620270219264
890879715690647555
890879869491478529
890879939456753664
890880013201010688
890880071896117251
890880080452497408
890880224321294337
890880256701321216
890880292923351040
890880295884533762
890880476717752320
890880517318508544
890880597840863232
890880697551945728
890880700106383361
890880705869250560
890880757270499328
890880768901361664
890880771224940545
890880806444556288
890880820948353024
890880867727552513
890880876325810176
890880915244822528
890880952825729024
890880976557133824
890881042269319168
890881049013694464
890881126201511936
890881195667582976
890881257122529280
890881537784373248
890881539319504896
890881601508388865
890881697637707778
890881836272033793
890881860913557504
890881967973175296
890881987514433538
890881989288570880
890882014680842240
890882053646028801
890882079663280128
890882167903059970
890882263403159552
890882313273434112
890882425169080320
890882461583986688
890882468332621824
890882513341730816
890882567074959361
890882574167494656
890882907648217089
890882910890414080
890882915030224897
890882974929084416
890883008273809408
890883027122999296
890883031669645313
890883112544219136
890883135306694656
890883182903603202
890883272095543296
890883276235300864
890883282149269504
890883331801272320
890883343822209028
890883400462106624
890883467298426880
890883502195040256
890883509824389120
890883543425011712
890883566506258434
890883604619956224
890883669078024192
890883819804426241
890883845444313088
890884024683704321
890884064563130368
890884187334602753
890884216174628865
890884236768661505
890884254049193984
890884317953445889
890884351088635904
890884474967392256
890884539198959616
890884539458793472
890884650683465728
890884714394988544
890884727992930304
890884735567843328
890884823316934656
890884846066728960
890884878883069952
890884937464905728
890884941499838464
890884982826307584
890885016749821952
890885074270527490
890885117840850944
890885161709076480
890885166083780608
890885228348178432
890885280856760320
890885348255039488
890885380068737024
890885423031037952
890885481512173568
890885498994032640
890885519974035456
890885569504579584
890885643550638081
890885802707886080
890885804704321536
890885813726097408
890885863948902400
890885869531430913
890885892155592704
890885893443158017
890885929140977664
890885930848071680
890886116924116992
890886240660185088
890886249581555712
890886552242597888
890886578658312192
890886646039752704
890886693645058048
890886698044928000
890886733260345344
890886738104733696
890886789644333056
890886828642979840
890886865427070976
890886910998130689
890887248178237440
890887249981734913
890887260530495488
890887262057238528
890887355636170755
890887448267558913
890887488390275072
890887494354468864
890887535391641600
890887614970171394
890887622859653122
890887635459342336
890887800660295680
890887802233245698
890887808914784257
890887828078346240
890887880465317889
890887973595738112
890888004717473792
890888041312772098
890888099236065280
890888110623600640
890888131800707072
890888180450426881
890888205867921408
890888228185808896
890888240105902080
890888292782268416
890888312839340034
890888315309768704
890888398566764544
890888414173810688
890888419546673153
890888482092191744
890888525088010241
890888565684568065
890888642616598528
890888652171214849
890888685616590848
890888744374603776
890888756710051840
890888789874364418
890888821453225985
890888820979380224
890888921927880704
890888928689082368
890888993746890752
890889072436277248
890889327055704064
890889362992508928
890889368227000320
890889468311371776
890889481091522560
890889485973639168
890889492969738240
890889506110533632
890889511390953473
890889571784826881
890889581868003329
890889672167219200
890889697760874496
890889738336555009
890889822734344192
890889833538867200
890889988526747648
890890021510795264
890890035725312000
890890074820407296
890890076300779521
890890082936377344
890890181141827585
890890202872516608
890890231762886657
890890238846881792
890890238712836096
890890351468318720
890890384435531778
890890394241826816
890890528656642048
890890537653481472
890890557232488448
890890574022270977
890890579520913412
890890600685416449
890890612203036672
890890713470308353
890890737793060864
890890822694178817
890890826120912897
890890907385548800
890890927887265793
890891041552961539
890891077074518017
890891078173417473
890891119327928321
890891138374258688
890891151934345221
890891204040249344
890891273040691200
890891279885885440
890891287016099841
890891349196754947
890891446806618112
890891467241213952
890891485239017473
890891662238646273
890891832967692289
890891865427496962
890891869344768001
890891888609288192
890891902077120512
890891929981820928
890891932112756737
890891972566798336
890891991663480832
890892048143986693
890892088635555840
890892210228649986
890892263777345538
890892291526840322
890892357671014400
890892504261959680
890892507147632641
890892680636628992
890892686210854912
890892703092944897
890892736123076608
890892910799069184
890892918487121920
890892996362809347
890892993435230208
890893024867299328
890893086263574528
890893185479782404
890893201640497153
890893223287193601
890893369676791808
890893497175130114
890893538556338178
890893603609989120
890893616616493056
890893619942522880
890893644865122304
890893738993606657
890893745020948480
890893838642008065
890893863874965504
890893909928366081
890893935383633920
890893970607353856
890894226136944641
890894260089835520
890894375496110080
890894397474304001
890894410623397888
890894441359265792
890894510913462272
890894537585025030
890894537962524673
890894540168720384
890894614575685633
890894720502726657
890894720871919616
890894724676145152
890894764740149248
890894857975332865
890894916263477248
890895041455173632
890895115035848707
890895217020346368
890895248293023744
890895389410381824
890895404367302656
890895445609914370
890895525486231557
890895580771254272
890895728113049600
890895864411164672
890895869251334144
890895872921399298
890895875530260480
890895892525584385
890895958174814210
890896011803185158
890896040982962176
890896085719412736
890896120704094209
890896143546277888
890896150005297152
890896160285532160
890896169911672832
890896184331685888
890896239239335937
890896300354543617
890896346479075329
890896400363520000
890896436115771392
890896456013553665
890896468705497088
890896588264144896
890896592110333952
890896685811068928
890896725359169536
890896731700899840
890896804308541440
890896857496510464
890896903898095617
890896975377424384
890897039873191936
890897051839594496
890897099499462656
890897161671630849
890897312117133312
890897316328214529
890897384733110272
890897386490519553
890897558243069952
890897633543430144
890897676652466176
890897723985199104
890897817631412224
890897837466288129
890897882181763073
890897883695808512
890897973537853441
890897981007949824
890898131050803200
890898150646480896
890898193587867648
890898212713791488
890898222931214338
890898227825975296
890898246742269957
890898254916968448
890898257311825922
890898319832231936
890898333539209216
890898352149340160
890898351591493632
890898446974148610
890898496794001409
890898526607114240
890898528108765184
890898558953631746
890898559851167745
890898586447355904
890898592894001152
890898714080022528
890898761949601792
890898875493617664
890898939121160192
890898955034390529
890898997065506817
890899002308390912
890899001863798784
890899121363718144
890899199516168197
890899413748637698
890899492635111424
890899731240583170
890899848211386370
890900150436208641
890900376299474949
890900905637425153
890901027192545280
890901090199367680
890901100563505152
890901143613788161
890901223062331392
890901357670039552
890901415861899265
890901468718477312
890901538264174593
890901590974091265
890901634934616064
890901652861014016
890901721232400385
890901786051186688
890901913583144962
890901912672980992
890901932969164800
890901946508476418
890901977454006273
890902003391627264
890902162120876033
890902164750692352
890902379901616128
890902399782719489
890902526937182208
890902548873347072
890902628712013824
890902702628253696
890902716314259456
890902779333685252
890902990466555904
890903170586685440
890903359284183040
890903423415197696
890903480029896706
890903691330453506
890903917508165634
890904062098644993
890904087453192192
890904109041278976
890904219921920000
890904273948725250
890904326167818240
890904328940244992
890904394090377218
890904407465918464
890904507953139713
890904677843439616
890904678594220033
890904679638499328
890904682205511680
890904726749016064
890904744079876098
890904758256623616
890904783288184833
890904790796042240
890904896064692225
890904951148425216
890904961042796544
890904961177071617
890904985466269696
890905021956730880
890905055922094080
890905169935962112
890905222230552577
890905225871097857
890905235144794116
890905236306571265
890905282288726016
890905338391797761
890905344062484485
890905346843299840
890905449142398977
890905506491092993
890905577819324416
890905738071224320
890905914575859713
890905996570316800
890906020452675584
890906031076900864
890906080557060096
890906114614755328
890906303698219008
890906361361510400
890906426964664320
890906432039727104
890906457541050369
890906461894782976
890906507474108417
890906634058334208
890906654178508800
890906750651686916
890907122136961025
890907130122964992
890907249908035584
890907269512261632
890907395987210246
890907480355725313
890907540321689600
890907564728229889
890907579685236736
890907598349893632
890907602787422208
890907684173750273
890907723566657536
890907840415715328
890907849760657408
890907936440164352
890907993679831040
890908041369051136
890908062466400256
890908168255156226
890908207228616704
890908228753686532
890908259070210049
890908270248030210
890908304737742849
890908324513943554
890908343329574913
890908382940598272
890908453815898113
890908532111020032
890908613522452480
890908639753420802
890908694095032320
890908748260057088
890908780791296000
890908856393629697
890908915575255040
890908959623794688
890908981190905856
890908985661849600
890909089567567873
890909116511776768
890909129442807809
890909197906440192
890909252298166273
890909401808326657
890909411702702081
890909415775318016
890909420020006912
890909426135310336
890909482288652293
890909495253237760
890909508721147908
890909666724765696
890909737461710849
890909752028418048
890909753702002688
890909763860672512
890909896845275140
890909958895808514
890909975559667713
890910013014904832
890910018316447744
890910090244612096
890910132254715904
890910158490140672
890910247946264578
890910332159393792
890910377902571521
890910392922378241
890910491136098304
890910592181129216
890910604877320193
890910634975612928
890910720283611138
890910830388289541
890910832703541249
890910859278655489
890910936642588672
890910970100502528
890910975548895232
890911082050617346
890911129538527233
890911245645348864
890911247981576193
890911267925438464
890911293179392000
890911398313824256
890911508137488384
890911515787788289
890911524574908416
890911558573993985
890911645932945408
890911686621835265
890911801923301376
890911815055683585
890911884114898945
890912092181671936
890912097885974529
890912110527623168
890912165565255680
890912175409307649
890912176541663232
890912205046255616
890912247765237763
890912275132973057
890912317415854080
890912327968620546
890912364069097476
890912437226135552
890912533472833537
890912606596235265
890912726314352644
890912781033189376
890912795683954690
890912816051478532
890912874138349574
890912898377281536
890912937191329792
890912960620765184
890912965792333824
890913080921796608
890913176560091136
890913301906980865
890913308961910784
890913333955747840
890913390729809920
890913671324602368
890913745261797377
890913746914357248
890913804732772356
890914040788201472
890914049642426372
890914195541282818
890914210779156480
890914241255010305
890914249375199232
890914266768977920
890914376634568710
890914578124722176
890914633598611456
890914641269985284
890914677231898624
890914733850841089
890914739206766594
890914747553636353
890914759545114625
890914769175285760
890914843447963648
890914876419428353
890914998406578178
890915062541668353
890915160050761728
890915257228591104
890915352925941760
890915391198965762
890915432231817216
890915485759528960
890915509776023556
890915547906494464
890915611043393536
890915615673909249
890915665992974336
890915752743768064
890915884037963776
890915888957980674
890916007212175361
890916016267698176
890916048261836800
890916102687125504
890916155514376194
890916223956996096
890916298137513984
890916320803516418
890916343653990401
890916355251343361
890916386616344577
890916521639391232
890916534289408000
890916538110410752
890916600160890880
890916650727419908
890916770500026368
890916888989110275
890917033675763712
890917044333535232
890917068425621504
890917136838930433
890917163997048832
890917207299018752
890917225347117057
890917237837758464
890917268338745344
890917298172813315
890917392519503872
890917400727748609
890917511914561536
890917621713039361
890917733084344320
890917838210420737
890917901531848705
890917917877039104
890917938282287105
890917976467230722
890918044767330304
890918101918904321
890918163239636992
890918166100049921
890918268512456704
890918297205690368
890918339928870913
890918455377113088
890918457885306880
890918560805134336
890918674088968192
890918741588013057
890918747090956288
890918765180985344
890918782360801281
890918831216054272
890918857636028416
890918982726889472
890919081196572672
890919158694780929
890919161479737344
890919398747361280
890919707951476736
890919771272859650
890919779174895617
890919779309170692
890919855116955648
890919871005020160
890919922154565633
890920015666569216
890920011560349702
890920064819630080
890920084692242432
890920095551279106
890920114006216704
890920175012151296
890920196915032064
890920265504481280
890920284420804608
890920312778489856
890920331673833472
890920349113745408
890920398031912960
890920496761634816
890920505691320321
890920572087128065
890920636952006656
890920711476457473
890920725179248640
890920854732910592
890920912018649088
890920929932582912
890920948295184388
890920965668057088
890921041538818049
890921075210670080
890921107079000064
890921127320702978
890921251270791168
890921251170136065
890921327351263233
890921375363473411
890921447065079808
890921478270709760
890921500160798722
890921508582772738
890921612773609472
890921636215607296
890921642746159106
890921669161865216
890921717157294080
890921779228811264
890921816541278208
890921841677799424
890921856940867588
890921911030566912
890921947592306688
890921997278076929
890922093159886849
890922097773608962
890922141339852804
890922147115397121
890922177435979776
890922180191682560
890922199707779072
890922224336732160
890922225037180928
890922238052110337
890922273523290114
890922407485218816
890922487227265024
890922499709575168
890922537126899712
890922554352861184
890922602172121090
890922731482611712
890922739380482048
890922748259835904
890922846238654464
890923019245428737
890923041651347457
890923155941994496
890923157191884800
890923319079383042
890923332278919179
890923344337489920
890923396703420418
890923468212117504
890923554757373952
890923555990491136
890923556384768000
890923612479377408
890923689323180032
890923708340162562
890923728258969600
890923749654089728
890923799310413825
890923882068275202
890923912783163393
890924013765234688
890924216538853376
890924478225457153
890924633653948416
890924634648064001
890924637122592768
890924661927759872
890924667480965120
890924679766081538
890924695498960897
890924805267968000
890924812830420992
890924927938940929
890924977003933697
890925082222223360
890925085338595328
890925115818614784
890925151130406912
890925240322330624
890925333477720065
890925453346836480
890925471977877505
890925491242356736
890925563917086721
890925705265074177
890925834931982342
890925841512898561
890925877130874881
890925938053087235
890926099483561984
890926173638807552
890926387359514624
890926432079282176
890926437120827397
890926468641038337
890926482381565953
890926510445559811
890926557317001217
890926597125136386
890926599024943105
890926678347853827
890926818894721024
890926956560224257
890927046653825025
890927137133219844
890927147463970816
890927165537230848
890927210718212096
890927252430520320
890927329471541250
890927330855727104
890927331824553984
890927407045238784
890927548703682561
890927553984303106
890927557582835713
890927610708066304
890927627510394885
890927702794022914
890927764076888064
890927776315912192
890927783307882496
890927935317839879
890927983069995008
890928095439532033
890928147503468545
890928267888340992
890928329469157377
890928447962447873
890928477616062464
890928496758804480
890928510902181891
890928525959716864
890928645556105216
890928647271575552
890928669371367424
890928670394777600
890928805166055428
890929042274361344
890929076390834176
890929094967402496
890929131852099586
890929298055602180
890929389793271808
890929398614040577
890929407313010688
890929426539720704
890929461511806976
890929479203381248
890929594483826688
890929594848694272
890929704731127808
890929712486395906
890929840081092608
890929847295410176
890929887573356544
890929893604720640
890929922319032321
890930112836849664
890930286615293952
890930311541936128
890930422473003008
890930436796547074
890930468291477504
890930520304910340
890930561220575235
890930612441427969
890930617176772609
890930819937775617
890930848052195332
890930892667015168
890930894017613829
890930923172245504
890930935616724993
890930976074977280
890930979325579265
890931109957177344
890931233206800384
890931245479284736
890931288793862145
890931309551513600
890931503353413633
890931555769757696
890931731922124800
890931885030985728
890932027947704320
890932059505647617
890932068519202816
890932098726596608
890932187821989888
890932193698119680
890932204041367552
890932230058631168
890932258575708160
890932343145467904
890932390130044928
890932416172490752
890932422140985345
890932490805940224
890932524620419077
890932559319879680
890932583487479808
890932592958205952
890932611685724160
890932637698846721
890932667591602176
890932716761485312
890932983598907393
890932991144464388
890933014699573248
890933195683766272
890933220807774208
890933338747281409
890933401301262337
890933586106384384
890933606557855744
890933644889530368
890933753790517249
890933862003552256
890934036285329408
890934056606683137
890934124365709312
890934169051725824
890934295719813120
890934354620370944
890934430386311169
890934533914320897
890934682317193216
890934720514711552
890934750000578561
890934812361359360
890934823321260033
890935356325015552
890935377934123008
890935420049121280
890935465779634176
890935569014030336
890935642619858944
890935722303258626
890935790875947008
890935808533950464
890935823075561473
890935916524523523
890935952813694978
890936181491458049
890936331861446657
890936341026009093
890936349909553153
890936420260605952
890936468348313601
890936500669612032
890936534077255681
890936552947429376
890936583309983746
890936594575831043
890936610560380928
890936685667680257
890936742500593665
890936809747869696
890936838797631488
890936839753924609
890936840529879041
890936841679106048
890936842362769408
890936843021279232
890936937778991105
890937013830078464
890937033966968834
890937058709078017
890937061326323716
890937104808759297
890937194281652225
890937219363610624
890937232865062913
890937239110377472
890937430970433536
890937689909985280
890937774538403840
890937775045980160
890937878590750721
890938006252785665
890938463914258433
890938468477669381
890938558177042432
890938617098534912
890938655715545088
890938657342935040
890938693871181824
890938755451944963
890938776327000064
890938857075736578
890938900050587648
890938914063732736
890938937115639812
890938938944344066
890938939724451841
890938958980501505
890939000328003584
890939005398913025
890939025615355904
890939091554062336
890939102786400256
890939132134006784
890939220382167040
890939288132755456
890939322962202624
890939386904399872
890939461940506625
890939466633936896
890939485604769792
890939511705874432
890939519876435969
890939521629638657
890939553741242368
890939569948020736
890939584300843010
890939637207883782
890939653519552512
890939661320953857
890939662210129920
890939697802956800
890939730501750784
890939733840470016
890939772918800384
890939780707561472
890939860709781504
890939912761069568
890939914975629312
890939924224122884
890939953705779200
890940001969635328
890940017757089792
890940207846924288
890940208572772352
890940322204798977
890940406854287360
890940416115318784
890940429260206081
890940521136492544
890940536068165632
890940574630596608
890940577193361409
890940594184499201
890940631727689728
890940680629096448
890940728238641153
890940763399491585
890940878549811201
890940949223714816
890941075652784128
890941112864706560
890941180174848000
890941188198383617
890941207823736832
890941295644073984
890941343429787649
890941391039234048
890941413785042944
890941434731405312
890941448501301249
890941554646495232
890941559172202497
890941686515412992
890941708527185921
890941730631151616
890941752592539648
890941753276157952
890941808477442048
890941809500852226
890941836453392384
890941850613403648
890941899531583489
890941910604537857
890941914161307649
890941973099675648
890941999435718656
890942009938247680
890942115987042304
890942125461962752
890942225856835584
890942330647318528
890942429968429056
890942461220200449
890942578857836548
890942621782343681
890942642732838914
890942650085519365
890942653453545473
890942659375886336
890942670427893760
890942732440567808
890942737964572672
890942754280419329
890942885440491523
890942894374367233
890943035613302784
890943111119204352
890943206925496321
890943297425944576
890943302454870016
890943346893631488
890943583628480512
890943603442413569
890943616105017345
890943722292207616
890943818178154497
890943949170495489
890943949820633089
890943970431389696
890943985124036608
890943994225721344
890943997346271233
890944016883298304
890944074248859648
890944135364055040
890944148722905089
890944167920193536
890944217371029506
890944367120314368
890944414515945476
890944504135639040
890944617058889730
890944633722875906
890944641205448704
890944721757106176
890944727352201217
890944849473679362
890944850962653186
890944925981913093
890944950749339648
890944960710799360
890944981753630721
890945011646423040
890945013227683840
890945432662278145
890945437259182080
890945464790650880
890945511292907521
890945555899273216
890945566791827461
890945576992460802
890945640271945728
890945758429667328
890945795830296577
890945842470944768
890945841980223488
890945867271852032
890945917821624320
890945930417012736
890946026122641408
890946078501203969
890946145333252096
890946178459869184
890946195996069889
890946198365814784
890946207257907201
890946215453523969
890946253621792770
890946262694023168
890946299146764289
890946352120832000
890946356306726918
890946383481622528
890946426053816320
890946543284613122
890946579389186048
890946668186808320
890946760629211136
890946800919736320
890946871375519745
890946970860302336
890947010186051584
890947022815154177
890947148015120384
890947189689724929
890947203237384192
890947214910119937
890947217820979200
890947225051901954
890947324851224576
890947360683151360
890947573917331460
890947590736539648
890947663579029504
890947696898527232
890947720575410177
890947794558648320
890947857422979072
890947897633714178
890947936527556608
890948024532381696
890948111568441344
890948155327619073
890948179541274624
890948289658470401
890948435922362368
890948476699332608
890948527362387968
890948580462211072
890948677749157888
890948690856337408
890948718219980800
890948720723980288
890948722640773124
890948754223886341
890948823450890240
890948875531542530
890948938160898049
890948952295657472
890948997543673856
890949005722755072
890949010046894080
890949099159244800
890949230885470208
890949387693826049
890949401623101440
890949486809407490
890949512084279300
890949657702133760
890949854834413570
890949904469606400
890949982190174210
890950066093142016
890950116693200896
890950132098838528
890950150239211521
890950226575601664
890950414996209664
890950471451643904
890950480821710848
890950491294793729
890950554721058817
890950571896827904
890950599587528705
890950600556507137
890950680353132546
890950717011369986
890950736506490880
890950799383298048
890950810607247360
890950813279014912
890950950394920960
890950978098409472
890951046893383680
890951084151382017
890951139826511873
890951176610598913
890951218754965505
890951223213518849
890951234236145664
890951373520613376
890951521101393920
890951541938692096
890951547856793601
890951554664194048
890951586016571392
890951721207431169
890951780598771713
890951784461717505
890951874211401728
890951929693700096
890952048283439104
890952053547204608
890952066667077633
890952181867843584
890952360029282305
890952547770531840
890952568276471808
890952660505022464
890952882937356288
890952958950735873
890953054417244160
890953100642717696
890953142602526721
890953148398944271
890953161703211009
890953314443173889
890953341840355331
890953377831694336
890953411650240513
890953711169753089
890953756413747200
890953939566329856
890953992695664640
890954025897791488
890954392903577600
890954408376381442
890954519416328192
890954619400093697
890954686416789505
890954689004666880
890954722504572934
890954768159584257
890954851793997824
890954978600288256
890955089959104512
890955091825610752
890955108833517568
890955162034065408
890955182032465920
890955198109188097
890955266853920769
890955300819402754
890955395606466561
890955420638076929
890955437457244161
890955439147544576
890955473012305925
890955909060591616
890955992292315138
890956088547438592
890956093849047040
890956167480053762
890956316952457216
890956327194947585
890956368919842817
890956425010327552
890956596431532033
890956877605023747
890957052591443969
890957259337084928
890957473707954176
890957486932598786
890957530737909764
890957584756297728
890957617786494976
890957823793917952
890957830131335169
890957845302132737
890957888805621760
890957903410200577
890958042015117317
890958055839498240
890958210827517952
890958380759691268
890958390431817733
890958438557261825
890958507377385472
890958542588583936
890958601090514944
890958658011623425
890958662658863104
890958765180293121
890958818250764289
890958998228393984
890959055753269256
890959156483674115
890959462181326849
890959504610820096
890959526580686854
890959527809617920
890959575393878016
890959625612341248
890959658751602689
890959745250709504
890959785167732736
890959818114170880
890959852134162433
890959939505729541
890959983038386176
890960044526882817
890960157278121984
890960182825684998
890960199594520577
890960198923419648
890960200118743041
890960203465859073
890960430495039488
890960444025909248
890960477785911297
890960556672172032
890960563727208450
890960677443186689
890960927327125505
890961134681034753
890961170290663426
890961201496285184
890961296358752256
890961326541086722
890961359025950720
890961673842040839
890961775872667650
890961803701825536
890961812820295680
890961863730761728
890962104148254721
890962141750206464
890962206589722625
890962261917011971
890962322042310656
890962330036686850
890962360378306560
890962394318503936
890962410206613505
890962443501015040
890962545263206400
890962561969123329
890962585327194112
890962599386460161
890962626880131075
890962671478112257
890962698707632128
890962700746059776
890962810645172226
890962901095329793
890963113931046915
890963213126434817
890963222085455872
890963330558566400
890963356668108801
890963420346028034
890963663934410752
890963922626514948
890963978016485378
890964062963716096
890964106727100417
890964174867660801
890964188167901184
890964266551046145
890964374613000192
890964402073153537
890964557472178177
890964654515773444
890964679123755008
890964682806370305
890964719166791681
890964843490095106
890964847738970112
890965042501439489
890965075812659200
890965078719311872
890965085237252098
890965097287479296
890965148508332034
890965260055740416
890965428075364352
890965543259435013
890965813540384768
890965870255771648
890965882587033600
890966123830751232
890966142126313472
890966214377443328
890966230911377408
890966232685522945
890966296262782976
890966333701197825
890966401506304001
890966626690109441
890966630808788993
890966632306180097
890966643043586052
890966768264650752
890966883524116480
890967042198831104
890967166354415616
890967243735146500
890967334730571776
890967364350640128
890967476158124032
890967683012939777
890967700587118593
890967751111606272
890967775606341632
890967872368934913
890967873090400256
890967901695610881
890967916065280000
890967946021011457
890967955986665472
890968033656688640
890968173142560768
890968228641603584
890968267581423616
890968360720015361
890968499497185281
890968635061174272
890968647405105155
890968850539450368
890968910756970496
890968935276969984
890968995238686720
890969002176073729
890969011927777280
890969060200128512
890969080961929217
890969132073705472
890969165451984896
890969305302650881
890969310948184065
890969314853105664
890969619955101698
890969657405874176
890969670374871040
890969689685454848
890969746597969922
890969835215179776
890969863170273280
890969904698077186
890969907101392896
890969948826345475
890970100123262978
890970106632777728
890970124437655552
890970178665762818
890970186714632193
890970234588459008
890970288023904256
890970410958893056
890970484313120768
890970597416726528
890970607223013376
890970611178188800
890970637455556608
890970734574567425
890970748977852418
890970887796789248
890970903026122752
890970913692303361
890970925406932992
890970947154563072
890970968117706752
890971199395819520
890971372939350016
890971427398144005
890971601256284160
890971606457208832
890971927396974592
890971956723552256
890972038021742593
890972177595498496
890972226979336193
890972311490150400
890972626994245632
890972623542263808
890972627329622016
890972630982983680
890972829864394752
890972925658095617
890973113713930244
890973350784376834
890973393155219462
890973489083101186
890973492241367040
890973580791558144
890973747850731520
890974141582643200
890974195961745409
890974468826439680
890974486572527616
890974527349551106
890975069412962304
890975137675317250
890975157975752704
890975445407199232
890975454324305920
890975652970729472
890975700676739073
890975707379126272
890975862891393024
890975965731577856
890976061143617536
890976251321647104
890976321379217408
890976399485542401
890976537826250752
890976797277511682
890976901191401472
890976965204639745
890976993952530434
890977102828273665
890977131966214144
890977134897790976
890977189398814724
890977208059269120
890977230523965446
890977277307211776
890977280511660032
890977305727782912
890977369946771456
890977465304305664
890977470144544768
890977520706879489
890977870713159681
890977962853629952
890978173260902402
890978181225820160
890978257105035264
890978267448135681
890978495203028994
890978498202009600
890978526345744386
890978724996411393
890978852188688384
890978916764188673
890978953804087296
890978999970803712
890979014940258304
890979019679780864
890979050948358145
890979358642511873
890979467522326528
890979583683645440
890979824038281218
890980089860685828
890980182059696128
890980187265003523
890980656855035904
890980740766281729
890980885318828032
890980991073964032
890981044412960769
890981136146550784
890981168660795392
890981202982785024
890981340245635072
890981349422751744
890981366598336514
890981422600736770
890981508374298624
890981550132781056
890981596391772160
890981653878906880
890981689291354112
890981699303157760
890981778462318592
890981973149323264
890982194503614464
890982212547616768
890982252741627904
890982255652417538
890982359893504000
890982471231311873
890982816795774976
890982830569906176
890982859128934401
890983093682794498
890983115627397120
890983166382682112
890983330228953088
890983350529294336
890983376752173056
890983530443939840
890983544423567361
890983607426330625
890983666658267137
890983775613669384
890983779736715264
890983952995037189
890983954479796225
890983994761859073
890984052244828160
890984094376611841
890984194284900353
890984342750609408
890984440742195200
890984550637211648
890984572799922176
890984597722460161
890984777301598208
890984827687772160
890984861577752583
890984961355984896
890984983392858112
890985193779101700
890985195834400772
890985204264906752
890985205858787329
890985207343570945
890985209017110534
890985210757730305
890985266432946176
890985320422023168
890985346967719940
890985399388123137
890985438286053377
890985449149353984
890985478949789696
890985655693709313
890985731451211777
890985796936896515
890985830621347841
890985861407547392
890985889178025986
890986188567347200
890986200009510913
890986290304438272
890986378686849024
890986441068687360
890986475818541056
890986504402739200
890986510396399619
890986511193296896
890986536472387587
890986576590905345
890986630517055489
890986638226198528
890986927788367873
890986959807623168
890987001595514882
890987023233818624
890987026295775233
890987048546557953
890987055563538432
890987107258441728
890987167534731264
890987258014314497
890987872471351296
890987931594305536
890988107469869056
890988137534586880
890988159382814723
890988220137312256
890988347790721024
890988348654989312
890988490955075586
890988504490151936
890988627198660608
890988754822979584
890988776398479360
890988811798413314
890988813891366913
890988954966794240
890988973732048896
890989015045898241
890989398527021056
890989710658727936
890989743332261888
890989776320462849
890989923578376192
890990082248888320
890990159231102976
890990189430157313
890990196027789312
890990237266128901
890990243612176384
890990290684739584
890990325577256960
890990338860613640
890990392577056768
890990549360140288
890990565034250245
890990568376905728
890990686799106049
890990809138507776
890990845050187783
890990951224803329
890991065104347136
890991313776193537
890991354733613057
890991366184030209
890991466260164610
890991483708362753
890991500007440384
890991502863814657
890991504487059460
890991526779727873
890991567653273601
890991571977613313
890991654248820736
890991875938816005
890991927629410304
890991950396092416
890992127626407936
890992157405970432
890992172232736769
890992309508206592
890992395344646144
890992498750959620
890992698286624769
890992755278827520
890993154123583488
890993161702703104
890993210939650048
890993415923662849
890993461150846976
890993545372463105
890993625320091648
890993695255932928
890993703745183744
890993706442031109
890993812616687616
890993816462905347
890993873811582977
890994018196303873
890994059803856904
890994072445476864
890994106809413634
890994130318479360
890994302586937345
890994351895195652
890994448427081728
890994456928931841
890994480240787456
890994536431931394
890994581348790273
890994623040172032
890994633299439617
890994643223097344
890994643290214402
890994661808115713
890994684495110144
890994801918791684
890995102134525952
890995142005587970
890995272943362048
890995419748196352
890995535716503552
890995705900388353
890995833277206529
890995935735681024
890995942924709888
890995948528087040
890996039603421184
890996099858747394
890996177864458240
890996311872475137
890996372887003136
890996433708515328
890996608095178752
890996794913673216
890996940829274117
890996992582848512
890997068088709121
890997165581119488
890997166956785668
890997169049788416
890997399681880064
890997408817131520
890997432456290306
890997441385959424
890997498772414468
890997507211366400
890997518800216064
890997541541752835
890997602237517825
890997674140471296
890997763533570049
890997767996395524
890997792184958976
890997792256249857
890997794235875329
890997795729141760
890997972485496833
890997983063441410
890998078706139136
890998300299735041
890998330389655552
890998666303082496
890998725056835584
890998741284651013
890998751661346816
890998925964062721
890999102888169475
890999147976941568
890999175587999745
890999180692533249
890999187885654017
890999464508444672
890999493201715201
890999513644748801
890999560138633216
890999587363844097
890999603147022337
890999626098192384
890999725054468096
890999744742514689
890999744826310657
890999825830903808
890999826271350784
891000129293099008
891000270892740608
891000304250093568
891000371245613057
891000412270202880
891000452061552641
891000455609937924
891000527366098944
891000592457486336
891000655674044417
891000871915597824
891001623773892613
891001631554379780
891001634976927744
891001643302502400
891001709195124736
891001714190553088
891002028511690754
891002044160638976
891002065232822272
891002191057739776
891002372000014337
891002459338027008
891002527256281088
891002619438796800
891003056850165761
891003108146499584
891003167999225857
891003181844627459
891003475043246080
891003649542979585
891003697530011650
891003717276901376
891003748130193409
891003779511746560
891003915076030468
891004083057958912
891004084806987777
891004627885445120
891004639746940928
891004803245015042
891004988473868294
891005006861799424
891005041666084865
891005060825702402
891005110553325568
891005131436814336
891005224613273600
891005335674204162
891005343962148864
891005355836289025
891005415688982529
891005515249201152
891005596991881216
891005608194973700
891005627597803520
891005891436310528
891006090476998656
891006098303578112
891006115298889728
891006178972450816
891006193795072000
891006202938892288
891006265157136388
891006331003559936
891006416508637184
891006885738020868
891006998191509510
891007171961520129
891007352232697856
891007495031988224
891007590666207232
891007666969071616
891007822510649344
891007879100190720
891008001750036480
891008136407990272
891008190103650304
891008341790642176
891008344714092545
891008346685415424
891008387173023744
891008445868113924
891008490503892995
891008567125434368
891009005069492224
891009013474893824
891009136154079232
891009333668061185
891009407273889792
891009433756631040
891009475699539969
891009511842041856
891009583594033160
891009699293913088
891009753652109312
891009866331979776
891009872875196416
891009874989068288
891009901484548097
891009938259968000
891009976851984384
891010096322445312
891010142111772672
891010281773473792
891010313138647042
891010322374504452
891010372496502785
891010375004688384
891010386669051904
891010427827703808
891010479946178560
891010488494153728
891010643855331328
891010697248862208
891010788059697152
891010867822829568
891011021896261632
891011191262281730
891011208882647040
891011364323504128
891011371760005121
891011389917147136
891011391431299073
891011427632373760
891011616287985667
891011626564026369
891011634940043264
891011636932292608
891011643202842626
891011709070192641
891011732130451458
891011792079597574
891011944429363200
891012190790184967
891012380444024832
891012779200720896
891012872817561603
891012885773778945
891012901141663744
891012952240861184
891012979126411265
891013379715891204
891013476453318656
891013672511918080
891014073923641344
891014177451646976
891014285291401216
891014427495063556
891014494855589888
891014607539666948
891014730307035137
891014744513138690
891014926751453184
891014958904987648
891015042245767173
891015083068977152
891015401219477510
891015781923901445
891015828249948161
891016401539956741
891016445534105600
891016507882393600
891016663977656321
891016666661965825
891016700833009664
891016757443526656
891016794974162945
891017085781934081
891017288677240837
891017484064755715
891017510279143424
891017582739959809
891017691271712768
891017789561032705
891017928677761029
891018118365147136
891018163525230592
891018220693581824
891018647036203009
891018864473120770
891018967908663296
891019199077920768
891019211677605888
891019232368001025
891019281705693185
891019401813741568
891019475675475969
891019627643404294
891020061418422273
891020146915110915
891020234861273091
891020244361375745
891020359046225920
891020392164470786
891020698361245698
891020844612411392
891020980776312834
891021232627470337
891021312050810884
891021396280844289
891021503340449793
891021633577787398
891021634701848577
891021755724255232
891021934904954881
891022250031316993
891022279588683778
891022303416471553
891022317366767619
891022321972113409
891022362103218177
891022377290788865
891022631100612608
891022732544143360
891022734058078208
891022772872372225
891022946491346945
891022958348701697
891022959661514752
891022960349384705
891023020134891520
891023197809905664
891023308170428416
891023343998185474
891023527729664000
891023545278619649
891023837181202433
891024009080565762
891024065498152960
891024066798395393
891024115133448192
891024124683878400
891024316262952961
891024921777844225
891024924206354432
891024985476739073
891025039801405440
891025045228834820
891025160375087106
891025177601093632
891025267262713856
891025313496543232
891025363148693506
891025371650502660
891025425396269056
891025447970103298
891025465187631105
891025480937123840
891025526349074432
891025530010705921
891025539061993475
891025685594214400
891025749859344384
891025880985849857
891025898106957828
891025925500002308
891025992210419712
891026212801437696
891026244925620224
891026783302291456
891026856614518785
891027200216100864
891027261658451968
891027281023557632
891027496325566464
891027508677816321
891027764739964932
891027803126288384
891027814308343808
891027864405106690
891027885443739652
891027943908151296
891028159767949312
891028330304110592
891028368661123072
891028471962587137
891028550685523968
891028566959419392
891028598504738818
891028605458935809
891028817480908800
891028926423859202
891029288350306305
891029315571388416
891029514737811458
891029573474844672
891029583511900160
891029752055812096
891029842375921664
891029936944943104
891030087390441472
891030087923101697
891030246451032064
891030501028380672
891030518925598722
891030606334881792
891030635120406529
891030787889537025
891030792679325698
891030850107830272
891030911885746176
891030955858833408
891031177842360320
891031206162309120
891031348173053952
891031460739768320
891031462362968064
891031502238220288
891031529236942848
891031625550766081
891031637584203776
891031697533415425
891031762578571264
891031879020838912
891031946511437825
891031984826449920
891032019400085504
891032041256517632
891032106209603585
891032216578514945
891032259096084480
891032266356477953
891032338079133697
891032403405414400
891032482342207488
891032630115913728
891032662789550080
891032882009051136
891032943497547776
891032991140589576
891032994106007552
891033048250232832
891033051924508673
891033064448700417
891033117951184900
891033124813103104
891033157159571456
891033161773318149
891033258678464512
891033265003536384
891033411594448897
891033705728311299
891033707011858433
891033871843827712
891033877199958018
891033895688433664
891033952185667584
891033967641726984
891033970028052480
891034314640588800
891034321011826692
891034440620806145
891034622225678336
891034669302599681
891034811380453376
891034896386445312
891034927738892288
891034974337605634
891035084345802758
891035111352926208
891035184438620160
891035197055143936
891035341330812933
891035441281060865
891035536600829953
891035723947757568
891035733384933377
891035748513841154
891035836602515456
891035995625410561
891036122645757952
891036299779600386
891036423163441153
891036428146286593
891036490008014848
891036678080663552
891037115718524928
891037176833736705
891037189873782793
891037373357842432
891037607769120768
891037665499504640
891038222037524481
891038330795819012
891038752633704449
891038776029478912
891038840135221249
891038869336068096
891039131597496320
891039135695118337
891039354642157569
891039418152349700
891039534472990721
891039620619796483
891039817416536065
891039836097871874
891040134912757762
891040318845538307
891040389376991233
891040490400960512
891040580247203841
891041111451602952
891041117642395648
891041467652861953
891041534656827392
891041538083614721
891041552574885889
891041578768359424
891041697328758784
891041964463988737
891042152909856773
891042175642894340
891042258996404225
891042287849017346
891042368098586624
891042670327582720
891042692922306560
891042831128825858
891042911160332288
891043131793321984
891043153163288576
891043192036106245
891043295907991552
891043386123223044
891043554126168069
891043706505179138
891043758036463616
891043797983002625
891043852823535619
891043939834355712
891044159485865986
891044347159990272
891044349995356160
891044350460915712
891044678946234369
891044751486709761
891045118840590336
891045523351908352
891045628578586624
891045718701551618
891045930463633408
891045969764200448
891046058683453440
891046283082903553
891046414549168128
891046492009582592
891046592559685636
891047065312210944
891047324151160832
891047337585516547
891047353716793344
891047363355324416
891047820941299720
891047874561282048
891048087032147968
891048117688180736
891048463382794240
891048554407636992
891048787191504900
891049243976359936
891049429133905920
891049766905425920
891049904419766273
891050226160734210
891050368729305088
891050496856817664
891050502175285248
891050859873923072
891050958620381185
891050985392660481
891051000173400064
891051124924567553
891051399441780736
891051705646886912
891051950678192128
891052116613181441
891052439620771840
891052642486681600
891052704822423553
891052713714356225
891052793905033217
891053185002909696
891053757324288001
891053890631856129
891054006080065536
891054074136756224
891054569589026817
891054667878334464
891055165054353410
891055670916653056
891055748406546433
891055815930634242
891055930900713473
891056100933603328
891056162321444864
891056176447803393
891056219443560449
891056567189110784
891056843556085761
891057156266618880
891057723139346433
891058588533354497
891058737900904448
891059462483607554
891059572710014976
891061688308510720
891061995822358534
891062422546636800
891063711930224642
891063726568345601
891064181818052608
891064315851272192
891064437892886528
891065092950937600
891065277374492672
891065700885950465
891066080990515201
891066137538170881
891066290676387841
891066745582178306
891067008959295488
891067242145861632
891067685055991808
891068448255737856
891068791815376896
891069438988103680
891070021090324481
891070777994432515
891071262965075969
891071274587488261
891072231736049664
891072310693769216
891072637232984065
891073897906491393
891074431631724545
891075236858343432
891075442995802112
891075663414927364
891076969999335424
891077122026033152
891077433230753792
891078372935315456
891078492623970305
891078825718820864
891079396773298176
891080920672997376
891083149660348416
891083408885133313
891084743428554752
891085104214396928
891085505911291904
