844654962592436226
844655091269468162
844655179224023041
844655249587683329
844655427069661184
844655792213147648
844656107901632512
844656307554734081
844656327028867072
844656415776133121
844656455961755649
844656556419551234
844656574949982208
844656593471983617
844656627038982146
844656731133280257
844656836141834243
844656848859009024
844656909261193218
844657016631185408
844657069449973760
844657140124045312
844657186752155648
844657443649048577
844657582946107393
844657885388918788
844658077714534401
844658226587164672
844658362365169664
844658786325422080
844658949420978177
844658993175973889
844659065330552833
844659128349970433
844659206619848704
844659286156496901
844659476468785157
844660025364754436
844660082893840386
844660604430376961
844660753508569088
844660840586498050
844660968516993024
844661061563363329
844661142219841536
844661565991333890
844661854559490049
844661869759647744
844662001217495040
844662084726022145
844662158688485376
844662234970238977
844662249776173061
844662690861760512
844662718212833282
844663129250435072
844663130483576832
844663137517391872
844663167913545728
844663367793086465
844663478111649793
844663507505307650
844663877006700544
844664014043009025
844664121916317697
844664716010147840
844665089491976192
844665129430138880
844665540895494144
844666019029364741
844666050197295105
844666124428083201
844666253050626048
844666641581555712
844666683394572288
844666893826953216
844667163667578885
844667179782025216
844667289278562305
844667789537230849
844667873893191683
844668103430721536
844668243675676673
844668736762187776
844668910658048005
844668970057809920
844669027020685313
844669151788650496
844669184311246848
844669408777777156
844669624767692800
844669995409952770
