824618004474396677
824618275464155138
824618284150587393
824618346255708160
824618375599058944
824618419148447744
824618650959249408
824618702448578561
824618804093341697
824618976907063298
824618978538557441
824619003272368128
824619040828194817
824619069668261892
824619181849075713
824619444756500484
824619818666119169
824619929274118146
824620115052355584
824620333198168064
824620569773608961
824620829870809089
824620862607351808
824620944593457154
824621025035968514
824621363331760134
824621672183595008
824621993865666560
824622087893430273
824622144093097984
824622333755293697
824622373387309056
824622725880745985
824622838359457793
824622889441914885
824623109965836288
824623162432315392
824623249786966016
824623342787387392
824623375314259968
824623436454563840
824623624254545921
824623699974377480
824623723005313024
824624598213922816
824624606954790913
824624658762829824
824624992126205952
824625472113901568
824625630717313027
824625814935310337
824625885278040064
824625922162712576
824626591972130816
824626724923211778
824626806871449600
824627001575243776
824627027693203456
824627165983633409
824627436361056256
824627498143002625
824627543819034624
824627795145924609
824627816155279360
824627964792954882
824628038495305729
824628147018727425
824628229445128193
824628229713653760
824628323502485504
824628426791415808
824628455677452288
824628771911323648
824629013415075841
824629160001830914
824629210312544259
824629669177819137
824630078298615808
824630182032113665
824630367084826624
824630751643701248
824631178770669568
824631191945015296
824631612994441216
824631697530585089
824631960635113474
824632044097572864
824632107494502401
824632492372164608
824632505949118464
824632610454441984
824632666754613248
824632814536720384
