922976000648105986
922976005098213376
922976322640601088
922978285155385344
922978873289183234
922979054327943168
922979979436027904
922980052345806848
922980140237443072
922980824554921985
922981040045608962
922981074086645760
922981659770834946
922982133374902272
922982300652011520
922982781625491456
922982843680206855
922983267099467777
922983694033473537
922983930839666688
922984153469026305
922984415730520069
922985408937504769
922985703021187077
922986189694689280
922986632218857472
922987899506786304
922988590598164480
922990642858512384
922990890553102336
922990982018330624
922991103028203520
922991837903769601
922991977666314240
922992211859574784
922992594602397696
922992745538555904
922992869887086593
922993156743991297
922993691588837376
922993985924292609
922994198546210817
922994494106230787
922994541614866433
922994639027744775
922994861497655296
922994880112029698
922997612029939712
922998280547475456
922999693931511808
923001170901262336
923001396500226049
923001792002011136
923001170901262336
923001792002011136
923002358749003777
923002562902605825
923002705454313472
923002934740185089
923003072464404480
923003731267829760
923004843723296768
923004966003884032
923006202841268224
923007469391036416
923007473304223744
923009927173455872
923010254597603328
923010373019582464
923010749600899072
923012534046773248
923012798191255553
923014266730397697
923014796311531520
923016289425047552
923016581193531392
923018870532780032
923019280681021440
923019334879936514
923019787978117121
923020022641029124
923020359254802432
923020405933256704
923020423717183488
923020561676161024
923020600079192065
923020632941629442
923020713187008512
923020772486078465
923020848298168320
923020860079960064
923020879054934017
923020921144823808
923020994645823488
923021300276199425
923021318181851136
923021573417832448
923021604451385344
923021938733264897
923021960623345666
923022057079738368
923023151423946752
923023253844758528
923023298002411520
923023364096184320
923023713519460353
923024090297970688
923024400856870912
923024581346119682
923024605480136705
923024820249481216
923025068896030720
923025365211246595
923026084127485952
923026138217308161
923026168470822912
923026210946469889
923026331486613504
923026421261524992
923027006698262528
923027363939737605
923027369862057984
923028107862388736
923028218474582017
923028270890782721
923029366107459584
923029385812176896
923029560987447297
923029572660224001
923029651844403201
923029770614472705
923029787261751296
923029832585314304
923029972499001344
923030006347063296
923030006372192256
923030108633489409
923030207434502145
923030266897141760
923030316498997248
923030419314036737
923030570992619521
923030732834070528
923030886668316672
923031148191764481
923031363011432449
923031525012262913
923031675814236160
923032129310732288
923032524061921280
923032635915554817
923032640235737088
923033108768854019
923033171695939585
923033338423758849
923033354399862785
923033415200460801
923033849269030913
923033878230474753
923033898359115779
923033912326197248
923034054248804353
923034952345767936
923035056616206336
923035287093235712
923036004335964162
923036013550858241
923036115728306176
923036332976496640
923036403377811457
923036405827342337
923036664133505024
923037448111841280
923037478981914624
923037551887347712
923037577934004225
923037623697989632
923037662084259840
923037664173084672
923038168865153024
923038197726302209
923038913031270400
923038912137781248
923038944035590144
923039009143754752
923039065930391552
923039103914045440
923039256414744577
923039311108468736
923039429635256322
923039453064630273
923039460467642368
923039481321676803
923039724801085441
923039746926043136
923039857638871040
923040219145875456
923040434443706370
923040674873831430
923040974930108416
923041149769613312
923041175048785925
923041232863023104
923041262671974402
923041294733242368
923041429135470593
923041591731871745
923041625814765569
923041744777891840
923041947752779776
923042044838383617
923042052744601600
923042188421992448
923042427337879552
923042476214181888
923042477048827904
923042522720595968
923042695337127936
923042699938336768
923042913193484288
923042961079746560
923042972395905025
923042986262331392
923043218543054849
923043418116362241
923043550958424064
923043553927933952
923043612010733568
923043636555735040
923043711281442816
923043905435766785
923043950352531456
923043952089030656
923044481565413376
923044577598214144
923044688969502720
923044705356611584
923044824546271232
923045206374699011
923045487577567232
923045551767277568
923045671808262146
923045859947896832
923045868105854977
923045957385768960
923046035504685057
923046269077131264
923046296440770560
923046400434343936
923046461603921920
923046476103725056
923046634044448768
923046749786304514
923046859349819392
923047022176894976
923047042062213120
923047183250788352
923047237164216320
923047244659556352
923047246005862401
923047268021932033
923047415879528448
923047707475939328
923047750220111872
923047784936366081
923047818704678912
923047893275201537
923047970534318080
923047979690479616
923048098796064768
923048140030251008
923048180870082561
923048187543347200
923048313846419456
923048369714495488
923048431559565318
923048704147443712
923048832392466432
923048937111597056
923048977796423680
923048985429934080
923049250367463425
923049481574256641
923049572699639808
923049805894639616
923049849708273664
923049945581703168
923050088485842944
923050210607190018
923050237114986496
923050262029328389
923050401011851265
923050477104836609
923050550383579136
923050577289936896
923050595090620418
923050601830862848
923050712589914112
923050936490176512
923051006593765376
923051084477861888
923051126420852736
923051159639744512
923051250819698688
923051263872380929
923051397360377856
923051484341817345
923051485528719360
923051507284574210
923051609021730816
923051614793031680
923051755486707712
923051826936795136
923051842170425345
923051874865045504
923051875078950912
923051944851267585
923052039038472193
923052067165437952
923052176196427776
923052230185570304
923052298456174593
923052438701182976
923052475300577280
923052490400108545
923052497136181248
923052595471699968
923052675322834944
923052757526941698
923052760043610112
923052761817772032
923052788619337728
923052833745915905
923053019964592128
923053123979108352
923053185912266754
923053327163772928
923053357102755840
923053357618679808
923053438774185985
923053519422349313
923053525365657601
923053581523148800
923054012055932928
923054046214344704
923054126963019776
923054170659348482
923054285100810245
923054321494786048
923054328948187136
923054425337421824
923054512536944645
923054552424828928
923054728782712832
923054806687801344
923055053522587648
923055054998966274
923055112590946304
923055241993555968
923055430305288192
923055556029542400
923055799340896256
923055806618075136
923055893352210432
923056183749038080
923056197992722438
923056287499411456
923056315399798784
923056395477450753
923056454772363264
923056528621367297
923056527677771778
923056528147472384
923056535688962048
923056573500534785
923056573617930240
923056627846189056
923056763116687360
923057262926626816
923057275048218624
923057282484547586
923057399656787968
923057407164665861
923057442350649345
923057481407975424
923057493709910016
923057503851679749
923057527004151808
923057589537124352
923057798463836160
923057803765387265
923057892596617216
923057898275696640
923057925115056128
923057926549463040
923057930487975936
923057957205610496
923058073408765952
923058231794167809
923058416465141762
923058431828819973
923058635915264000
923058722087325696
923058804043984896
923058889792393216
923058919303516160
923058929474695168
923058930292543489
923058989797167104
923059054301376512
923059056402579456
923059091177697281
923059105748672512
923059247251886080
923059295775854593
923059497542840320
923059576899035136
923059828657938432
923059888506523648
923059951395852288
923060037303570432
923060081389797376
923060094404673536
923060111463022592
923060187891666944
923060233580228608
923060240349847553
923060289502957568
923060290618609664
923060456956284928
923060506436489216
923060601978580997
923060607275995136
923060623243702277
923060644638789637
923060671830511616
923060678155530240
923060679757713408
923060698476892165
923060752457568256
923060756735721472
923060760728801280
923060991771971584
923061058066984960
923061208567222273
923061363949408256
923061556652453888
923061560469200896
923061607042899968
923061827663253504
923061896596598784
923062261106737152
923062318132580352
923062347236655104
923062664393355265
923062756366053376
923062949014593536
923063174974312448
923063339017785344
923063428545220610
923063464972648448
923063492269236224
923063580542500869
923063626285682689
923063747773632512
923063793822912512
923063883933372416
923063940292268036
923064086870577152
923064091463311360
923064094990757888
923064346770522113
923064356950097920
923064369377955840
923064518938374144
923064670403137537
923064675339730945
923064706784485376
923064784882421760
923064869825515520
923065091603484672
923065191830642688
923065196431671296
923065326945865729
923065345082036224
923065346831081472
923065393459224577
923065454318571520
923065454935072768
923065552838496256
923065589505048576
923065603476393984
923065668181876736
923065696908660736
923065761173770240
923065789019803648
923065838063800320
923065841318617093
923065866333323264
923065974668120064
923065985539760130
923066098324529153
923066110836203520
923066223776149505
923066255082389505
923066268357455872
923066398879944704
923066548000055296
923066582645071872
923066598910517248
923066599795449858
923066628379684864
923066630602620928
923066706364456961
923066763465646080
923066925801988097
923067101400662016
923067143318622209
923067188877189120
923067213585813504
923067231113760769
923067236943884288
923067262197817344
923067305512329216
923067320339193856
923067332339040256
923067467743858688
923067537276964864
923067643069902849
923067742537895936
923067758719488000
923067758459355136
923067823240437761
923067827455774720
923067842924335104
923067909617762304
923067945961623552
923067988387028993
923068020720898048
923068103004708864
923068275428294656
923068290494328832
923068360065241088
923068379321196544
923068460950872064
923068513400578048
923068566794104832
923068735350628352
923068773032251397
923068859241840640
923068987096944640
923069142323908608
923069486672031744
923069544092045313
923069549314019328
923069551717253120
923069566930030593
923069651273306112
923069685909868544
923069864046153728
923069871478501377
923070002336542720
923070071236382720
923070098029580288
923070108054032384
923070145903214592
923070158008143872
923070157907513344
923070204086714368
923070229944717313
923070249813102592
923070375830937601
923070377152180225
923070383758114816
923070406654865408
923070602444967936
923070630777540610
923070639723999232
923070817600266241
923070872113598465
923070963423629314
923070980146237440
923071009158258688
923071012102696961
923071062526578688
923071075260489728
923071226691670017
923071255665836033
923071378609274881
923071419650596864
923071459861331968
923071461878894592
923071479306178565
923071527226134530
923071586994925568
923071628811976704
923071634474504192
923071636479365120
923071640828809217
923071782936043523
923071856084647936
923071909809606656
923071960728375296
923071980164861953
923072134884274176
923072178316365824
923072361007665152
923072420076048384
923072438233157632
923072475377930241
923072675525906432
923072785030754304
923072906346741762
923072911027478529
923072915792216064
923073041785114624
923073056091836417
923073057912184832
923073099150561281
923073135506751489
923073142070874112
923073213365661696
923073295414636544
923073335436677122
923073397692817408
923073424657969152
923073435156262913
923073498821615616
923073572918177792
923073594216910848
923073729843822592
923073750370791425
923073787024863232
923073834621784065
923073839990534146
923073892071206915
923073968608825344
923073980600332289
923074156857618432
923074199786278912
923074269130776576
923074455362002945
923074523322339328
923074622836346880
923074661302366209
923074874905677825
923074884539994112
923074910334935041
923074915061944320
923074954958077953
923074973262057473
923074983840178177
923075128166150145
923075187775541248
923075356894035969
923075417103372288
923075561911709696
923075564608655360
923075592685346816
923075667167793153
923075680425914369
923075690190254081
923075769018011648
923075798122270720
923075936525914112
923075983330152448
923076176935030784
923076194723037185
923076196199432192
923076337727889409
923076472725753856
923076507995660288
923076577231032320
923076614791090176
923076647770841089
923076660374650880
923076672190124032
923076679790137345
923076859436453888
923076949731364864
923076972707708928
923077060159004673
923077069977870336
923077092442550273
923077101036752900
923077122440290305
923077135518130176
923077141595598849
923077169856892928
923077237078937602
923077296692629504
923077452628246528
923077481124446208
923077491970867200
923077637962108928
923077677187239936
923077689900089345
923077696669728768
923077701505658880
923077783181459456
923077918544224256
923077926895128576
923077928082137089
923077928388308993
923077928950353920
923077967076610048
923077998005358592
923078023322243072
923078036173606912
923078228922822657
923078414306816000
923078422267617280
923078511883161600
923078529000136704
923078540811296769
923078648625876992
923078730502885376
923078845728772096
923078945989414913
923079003757563904
923079063425740800
923079090931949568
923079344905490432
923079352203411456
923079378745077760
923079421589970944
923079435888275456
923079533150031872
923079543694471168
923079665719369728
923079700204924928
923079710808117249
923079778885931008
923079995173625856
923080074378784768
923080085690822656
923080134369914880
923080141663764481
923080178942832640
923080185905369088
923080304063123456
923080461802405889
923080514172588032
923080606585630720
923080683815391234
923080686940053505
923080723065724929
923080800094113792
923080802577108993
923080809652936704
923080886073155584
923080946999578625
923081021050032130
923081100469112832
923081124800327680
923081221013475329
923081268950118400
923081335799009280
923081361828835329
923081488190472193
923081496570810369
923081496243654656
923081567366414336
923081591240429568
923081695821152256
923081696953716737
923081701189931009
923081710065082368
923081724694802432
923081725101604864
923081748480712705
923081811739250689
923081960209207296
923081991658057728
923082040681132034
923082069626023937
923082094548586496
923082199133454338
923082200479948801
923082226186649600
923082242435399680
923082254347247616
923082322957791232
923082368302440448
923082490373435392
923082508723507200
923082777402200064
923082842598526976
923082962366861314
923082970096963584
923082975880892416
923083070164684800
923083078255464448
923083201681264640
923083307885191168
923083500735123456
923083540253827072
923083540241244160
923083674584846338
923083709947039744
923083720394977280
923083738615046144
923083992173248514
923084010154315776
923084027053080577
923084066144051200
923084068920709120
923084105956372480
923084105990000640
923084125304754176
923084210172293121
923084212667854848
923084221312372739
923084233849131010
923084217860411392
923084358210215942
923084361922220033
923084414594281472
923084476900618240
923084530050838528
923084666755837952
923084699634937856
923084713765502976
923084762884997120
923084795449610240
923084881047023616
923084991130755072
923085031278567424
923085133850214400
923085142306033664
923085275647135745
923085358018916353
923085377723912192
923085470350880768
923085480035540992
923085500356931585
923085508225437696
923085693844418560
923085810718662656
923085889319862272
923086028616994816
923086039215898624
923086044450476032
923086126423961601
923086128621801472
923086131134107650
923086225128476672
923086321123516416
923086500551520256
923086539688763392
923086568889503744
923086728402837504
923086738288992256
923086766231511040
923086774414528512
923086794983399424
923086874457014272
923086875337818112
923086941234581504
923087175205441536
923087218310307841
923087403971174400
923087408643616768
923087514746982401
923087581574782976
923087818729115648
923087894503452673
923087989215023104
923088004020924416
923088075785302016
923088118173061120
923088125169229824
923088131657818112
923088389569699840
923088429847601152
923088472478552064
923088488093945856
923088488144269312
923088562689642496
923088574370721792
923088604137709570
923088613260349440
923088625377701888
923088686673211392
923088758848843776
923088773919006720
923088781376356352
923088813215371264
923088813311905792
923088816767946752
923088982531039232
923089007214563329
923089055801372672
923089083563421696
923089248017727488
923089598523297792
923089707164164096
923089741645524992
923089791339646976
923089833047871488
923089982172073984
923089989554114560
923090103567896576
923090122345762817
923090181065932801
923090219519348736
923090251144298496
923090293842436096
923090340869001216
923090401313132546
923090434821427205
923090509094105088
923090510746669056
923090543923662848
923090733648699392
923090738887327744
923090776661413888
923090868873187328
923090874782900226
923090875961495552
923090906978406400
923090914557530112
923090955443621889
923090981230170112
923090982291361792
923091030131597312
923091079091621888
923091080588988417
923091242153541632
923091284180553728
923091388769685504
923091397447733248
923091453261373440
923091556462153733
923091668693381121
923091720946049025
923091769058873345
923091796820971521
923091881587826688
923091905843482624
923091976169324544
923092031915937792
923092082633445376
923092083690426368
923092151449346048
923092170747326464
923092182038470656
923092324539944960
923092461576179712
923092478613389312
923092515586301952
923092520980148224
923092530371219459
923092623136575488
923092720272408576
923092765638123521
923092771858247680
923092883703463937
923092896831758337
923093041145110529
923093085457911809
923093151719489536
923093307483410432
923093370062372865
923093417906900993
923093489822380032
923093526350573568
923093668986269696
923093672056508417
923093820601970688
923093946221375490
923094058326745090
923094060621090816
923094085673635841
923094146923073536
923094207081992192
923094262849339392
923094272135647232
923094288073883648
923094287348371461
923094332441317376
923094387885780992
923094484082216960
923094493905195008
923094518085320704
923094541275672577
923094549177733120
923094557776076800
923094572661698560
923094626050957312
923094819441971200
923094820423458816
923094869438058496
923094889050656768
923094938115608577
923094983254642688
923095015122984961
923095019187326976
923095030990032896
923095040922193920
923095097461432320
923095169771110401
923095213463293952
923095225811243008
923095288486744069
923095367889145857
923095409198817280
923095415423201280
923095569479946240
923095677416214528
923095745137467392
923095807552839680
923095903799570432
923095923332395008
923096008912965632
923096029427306496
923096051611045888
923096073652133888
923096112663355392
923096132980559872
923096167596089344
923096203130175488
923096219328622592
923096224479268864
923096280892624901
923096285959335936
923096290401144832
923096295677530112
923096334269259776
923096355534405632
923096369564454912
923096407694893056
923096416133763077
923096446211117057
923096522438447104
923096539102408704
923096554151530496
923096579875188736
923096608589406208
923096621847580673
923096664876965888
923096760137940993
923096802181681153
923096805977542657
923096803859423232
923096823459450881
923096803859423232
923096863875784704
923096994264043520
923097006247219200
923097041160589313
923097061649612802
923097138812166144
923097149277077504
923097192319025153
923097192772046848
923097206734893057
923097269607501824
923097363174121472
923097575489789955
923097664077598720
923097687179833349
923097750094405637
923097760009777152
923097792196857857
923097803114598400
923097803928293376
923097892742750208
923097950917681152
923098041363718144
923098122275913728
923098195374346241
923098219453845504
923098278551486466
923098292132765696
923098349154263040
923098372839542784
923098427097001984
923098538363539456
923098556835254272
923098654809968640
923098726914314240
923098810942918656
923098817414815744
923098843100663809
923098870581809152
923098903360299008
923098911488860160
923098925501943808
923098931080388608
923099028916760577
923099071744749568
923099155391811584
923099330441031680
923099414008418304
923099471482884097
923099573404434432
923099589736935424
923099603049877504
923099603796246528
923099621785661440
923099679780491264
923099796746985473
923099822747475968
923099870772236289
923099902548348928
923100031544066048
923100083205345280
923100143221698561
923100165145268224
923100168999919616
923100243469664257
923100273748389889
923100331357167616
923100356644663296
923100374919151616
923100452350234624
923100538828402689
923100597267595264
923100637549809665
923100653341331456
923100661587304449
923100686203670528
923100704457285632
923100735524438016
923100754268901376
923100774699356162
923100833805488128
923100882480361472
923100910515040256
923101012600246274
923101016891056133
923101033387175937
923101063133220864
923101077104484354
923101074453655553
923101160369778689
923101351256653824
923101355757142016
923101370944753665
923101446563876865
923101506521399297
923101532782030848
923101534199730176
923101550607814656
923101646917423105
923101663564648448
923101762675978240
923101776060059649
923101827205230592
923101830166573057
923101838060244994
923101853948219392
923101911468969984
923101931047915521
923102038774468609
923102080419672064
923102165710798849
923102172665008128
923102304923987968
923102338591678465
923102433471074306
923102440701952000
923102449992437760
923102588484153344
923102613561839616
923102621602385921
923102627877048320
923102639826636800
923102692435783681
923102747288915968
923102810148925441
923102817170198528
923102918714318848
923103003208572928
923103035911532545
923103062729940992
923103065019944960
923103085047685120
923103094774337536
923103092962463744
923103128182034432
923103212588158976
923103332826263553
923103418482380800
923103429886693376
923103539009867776
923103598640353280
923103613085462530
923103662884425728
923103667888279552
923103824251883521
923103872318504960
923104075444563968
923104194541903872
923104380215111681
923104389555998720
923104460154564609
923104464281751553
923104517494857728
923104690027540480
923104890578186240
923104943703318529
923104984983486466
923105148037148672
923105167217758208
923105196829536256
923105220590276608
923105285207724032
923105312554541056
923105331336663040
923105580121804800
923105616012312577
923105677966495744
923105691191205888
923105696224342016
923105753858265088
923105875237187584
923105891313909760
923105964475211776
923106054715727873
923106100395827200
923106356856479744
923106413441896448
923106421071335425
923106561005940736
923106614219018240
923106631403102208
923106866779115520
923106954423259136
923107000036282370
923107084467613697
923107114721136640
923107178717810688
923107298033139712
923107333529419776
923107396691652608
923107468410056704
923107544624779265
923107584726454272
923107594679603200
923107636165402624
923107658600779776
923107662446899200
923107706310987776
923107824586158080
923107846283284480
923107884115939328
923107887098023937
923107888486379521
923107904777084928
923107912116928512
923108093495533568
923108093617213440
923108151720890368
923108161543909376
923108185044594688
923108307090407424
923108383430987776
923108584707231744
923108591858536449
923108629699493888
923108692765151232
923108720279736320
923108766987489280
923108815389814784
923108858700189696
923108919727312896
923108972688756736
923109030335311872
923109050094641153
923109066288844800
923109273890062336
923109321545830400
923109335634530304
923109341007314944
923109377573343233
923109384976289792
923109386800844801
923109507978407937
923109513179336704
923109519034634240
923109586302832640
923109671136825344
923109684340502528
923109788967370752
923109944509034496
923109971973279745
923110102491680768
923110105205432320
923110143079755776
923110163921489920
923110296096591872
923110418771521541
923110420013027329
923110439969542144
923110490355716096
923110533741580293
923110573272858624
923110586766036992
923110634966757376
923110633809231872
923110649277841409
923110650074877953
923110676406644736
923110765988597760
923110770593992708
923110783566929921
923110814730596353
923110852408086528
923110879419338752
923110931462225920
923111012546510848
923111049745915904
923111201793609729
923111266138411009
923111275902664705
923111391266996225
923111403875049472
923111414037909505
923111415203889152
923111472422637568
923111531138748416
923111579461259264
923111585727385600
923111604027318273
923111626508832768
923111653532688384
923111657693499393
923111688542580738
923111699644895233
923111779961638912
923111800664743938
923111862325137408
923111886102687744
923111888166227969
923111894826790912
923111922756702213
923111939051610112
923111940058173440
923111961046462466
923112020748193793
923112138939432960
923112175983411200
923112186003591168
923112209068314624
923112244401070081
923112429936136193
923112487167365120
923112490569027584
923112774443642880
923112836833972224
923112858526904320
923112944463949824
923112964554706944
923113158964924416
923113298136129536
923113304511348736
923113333359828992
923113441375801344
923113463752413184
923113472090664960
923113527933579265
923113555720884227
923113608309104640
923113668828712960
923113671773040640
923113705398775808
923113757353631744
923113761636003840
923113766081974272
923113890036281344
923113898680700928
923113920822378496
923113961289076736
923114009133502465
923114042834718721
923114056705298432
923114076405927936
923114112850284544
923114154210267136
923114231414902784
923114241846063104
923114242856898560
923114249366499329
923114277724139520
923114284615458817
923114299576537088
923114385933000704
923114387346546688
923114420867424257
923114423325208576
923114448168079360
923114455923396614
923114560248303621
923114567747690496
923114584071983104
923114620105224192
923114726967701504
923114749537210368
923114858815610881
923114895545073664
923114919087738880
923114927715504128
923114953493577728
923114974347608064
923115125590118400
923115162759987200
923115165326946304
923115214513377280
923115290413682689
923115370193530880
923115414581923841
923115430100852736
923115450371801088
923115483645333504
923115586384728065
923115634258563072
923115657671118848
923115673223561216
923115673261412352
923115675262078976
923115722733170688
923115724314415104
923115721445474305
923115758124720129
923115762356834304
923115830312865792
923115864555229184
923115872927080450
923115891235094528
923115935560536064
923115978589863937
923116022667804673
923116134395793410
923116182043062275
923116253576916994
923116361647362048
923116375060525056
923116404269862912
923116413308604416
923116416122880001
923116423097880576
923116423060353024
923116451489308677
923116602803048449
923116640929185792
923116689922887681
923116692770840577
923116704598593536
923116709694922752
923116780867817472
923116792549203968
923116816162963457
923116847872036864
923116871108481024
923116894344925184
923116915907792898
923116930537488384
923116971813752837
923117018609537024
923117155733741568
923117314211532800
923117373288312835
923117535876341761
923117572467326976
923117675500380160
923117725639151616
923117741694963717
923117776763572225
923117825644023809
923117930992361472
923117996838600704
923118026823749632
923118062420754432
923118108914700288
923118156968706048
923118204473442304
923118248547241984
923118343648874496
923118372904230912
923118436376547328
923118484975947776
923118515619614720
923118549626912773
923118655663198208
923118684876541953
923118736856330240
923118754912878592
923118789645996032
923118843584708609
923118847191846913
923118932701077504
923118955316830209
923119028238987264
923119036019376128
923119080126730242
923119262012715008
923119368350961664
923119615726751744
923119627735007232
923119708068569089
923119750842109952
923119765513818112
923119801773543424
923120070657585154
923120090190680065
923120200433758209
923120251037978624
923120251507748870
923120317815549952
923120331379834880
923120504654921728
923120608480817153
923120617695731712
923120623848775680
923120842799755264
923120866443096065
923120872633831424
923120950912143360
923121049302167552
923121059179659264
923121079442436097
923121089550708736
923121135813906432
923121216591925248
923121230634401792
923121414118526976
923121432523141121
923121531454140416
923121573799841792
923121605575938048
923121673813069824
923121795338833921
923121823872626688
923121835847364608
923121900825595904
923121917824925697
923121935738798080
923121940545581056
923121960418025472
923121965694619649
923121967401717760
923122000423477248
923122018421223429
923122020447121408
923122092496883712
923122160125833216
923122164072673280
923122164655673345
923122184515735554
923122229172465664
923122285170610176
923122287146094592
923122367672537088
923122410785828866
923122478137921536
923122542394699776
923122576980930565
923122733654904833
923122763262545920
923122911682154496
923123186945884160
923123195863068672
923123233011961856
923123322715607040
923123556946497536
923123571244838913
923123658482122753
923123658779955200
923123816204853248
923123851210514432
923123881929592832
923123890896998401
923123910346006533
923123972413288448
923123983234621440
923124042785329152
923124108732305408
923124113794793473
923124129976475648
923124310969024512
923124332435595264
923124353964957696
923124382431621121
923124789379829760
923124861261766656
923124892433862656
923124905482301445
923124926747471872
923124978807123968
923125087460618240
923125240007446531
923125354792935424
923125425068494848
923125467124850688
923125484442959873
923125639695216640
923125675103543296
923125688110108673
923125700940455936
923125748377911296
923125756925919233
923125799435362305
923125817114316800
923125820067057664
923125824320131073
923125868117020672
923125922584301569
923126063626096640
923126096060715008
923126145788375040
923126274247106560
923126285664178178
923126394384797696
923126503969312769
923126831032741888
923126870790627333
923126883541307393
923126908451205121
923126967435780096
923126967955845120
923127004337266688
923127020703420421
923127027242340352
923127080241520640
923127098792972288
923127126303309824
923127172176449536
923127241701318656
923127299129729024
923127302237585408
923127324622585856
923127336991645696
923127468541739008
923127479484612608
923127618999934977
923127698289057792
923127703087337472
923127727280058368
923127828647997440
923127914471854080
923127957660618752
923127975721275392
923128061142368256
923128178490691585
923128259382005760
923128261097517056
923128367179804672
923128445495898112
923128495252766726
923128590987874305
923128645949931520
923128669203320832
923128745225084928
923128899013349386
923128983465709569
923129022527270912
923129148645761025
923129270465171456
923129287116578816
923129312672436224
923129346688278528
923129439642320896
923129499335712768
923129539601018881
923129550388781056
923129556944465926
923129578809380864
923129726599925761
923129877582307328
923129935438499841
923129975288553472
923129983954046976
923130023984488448
923130037628493824
923130051507433472
923130057614331904
923130062727270400
923130065159966720
923130085472899072
923130205891416066
923130266633342982
923130283813093382
923130411072532481
923130494170132480
923130501220708352
923130567423557632
923130681630298112
923130764769808384
923130774085406721
923130817676808193
923130848542646272
923130892582780929
923130938929876992
923130971955912704
923131006554722305
923131035017252869
923131045393952768
923131082542809089
923131100507013120
923131206778195969
923131216055996416
923131263883595776
923131272653955072
923131504502374401
923131517571944448
923131592608043008
923131716985860096
923131727509274624
923131745108676608
923131779028017152
923131797747224576
923131851916677120
923131882497347584
923131907700903936
923131999216390145
923132006803935232
923132027519434752
923132081621921792
923132217995530240
923132265667973120
923132320718245889
923132340045365248
923132396609908738
923132462741549056
923132640001130497
923132734008123392
923132953596780550
923132992112951296
923133180491812864
923133229812604929
923133320279543808
923133422142394368
923133425845927936
923133517273366528
923133603625783296
923133612437983232
923133748639608833
923133806311329792
923133812661506049
923134111593762821
923134121957871616
923134241604554753
923134298919665664
923134401202020352
923134494210756608
923134510279090176
923134548023627778
923134550259191808
923134572857925633
923134586829152256
923134589631164416
923134609642024960
923134626297667584
923134647772393472
923134802521460736
923134838672166912
923134880619352064
923134961120575488
923134988614283266
923135044310446080
923135096345022464
923135269397848064
923135375714979840
923135635598258176
923135662433492993
923135889592803328
923135895288590336
923135915970760705
923135977786429440
923135987118739456
923135991426306048
923136032853430272
923136278153056257
923136290832384000
923136432637730817
923136447342931969
923136502477058048
923136585859772416
923136617820368902
923136696983654400
923136808275382273
923136825014870017
923136875354877952
923137002572337152
923137059585449984
923137069215571968
923137083685982208
923137138811645952
923137220730638336
923137256352878593
923137297851273217
923137367732576257
923137401547034624
923137430244511744
923137462267973632
923137485210824709
923137487131824128
923137599736250368
923137623463485441
923137683354013697
923137724709851136
923137734201544704
923137741503848448
923137768720601088
923137801838788608
923137877596360704
923137914736906240
923137994835492864
923138001789530112
923138077815726080
923138132610076677
923138236951793665
923138319055192064
923138327334633473
923138329083645952
923138339078885376
923138352752275458
923138353557590016
923138468863234048
923138469026844672
923138718675951617
923138732219355137
923138732215193600
923138767346683904
923138827492970496
923138859210219520
923138879179300864
923138928915419136
923138982665474048
923139072092135424
923139166426320896
923139194742075392
923139229714145280
923139356382162944
923139388225343488
923139584728461313
923139592164970498
923139594798944256
923139774923399168
923139793755738112
923139826970451970
923139879185403905
923139888568061952
923139957715361793
923139991244541953
923140057405456384
923140110803243009
923140158962192385
923140241384509441
923140325257904128
923140330421043200
923140338860089344
923140421919936512
923140512005189632
923140516837027840
923140520725098496
923140547061125120
923140585824903168
923140588387610625
923140659267194880
923140714845917184
923140782097338368
923140805279272960
923140812363456513
923140908257873920
923140910912802817
923141036343529472
923141039757676549
923141067934924801
923141068727771139
923141148604076032
923141166564040704
923141217696862208
923141227977068545
923141353902673920
923141368016523264
923141412119511040
923141437457403904
923141461251633154
923141467476054021
923141528972914688
923141628713488384
923141645524226048
923141765539954689
923141777674133504
923141816081403904
923141836859957249
923141869185503232
923142021031845888
923142036177473537
923142036131319809
923142039457419264
923142069148844032
923142077071761408
923142092238462977
923142098119024645
923142106524344320
923142124312387584
923142156788912128
923142196567724032
923142201693138944
923142239886471171
923142255128412162
923142288146038784
923142320190607362
923142329166426112
923142441070419970
923142518115586049
923142553838542849
923142609308192768
923142634633355264
923142640840990720
923142736999518208
923142753890066433
923142806138441728
923142806541078529
923142807631679488
923142867190800384
923142926032621568
923142965710786560
923143048980254721
923143109520871424
923143114751168512
923143135135444999
923143187652333568
923143192492507137
923143259576242176
923143289913700352
923143330266886145
923143358385721346
923143360147345408
923143375485853697
923143378258112512
923143406653755393
923143532612849664
923143602921988097
923143647088054272
923143652406431744
923143667652710401
923143741778616326
923143742483247111
923143763681308674
923143774032859137
923143805737623553
923143826893570048
923143887027240960
923143929033314304
923143935488397312
923144125347540992
923144137779613696
923144159179034624
923144179332591616
923144190200082437
923144197120647168
923144363957506050
923144383729422336
923144589753700352
923144614982406144
923144706695073792
923144844868014080
923144896676089856
923144935536254977
923145029727735808
923145109583093760
923145159528689664
923145196509917189
923145265862860801
923145267993563136
923145334594957312
923145357370036224
923145413049319424
923145483652157440
923145598362152962
923145664107819008
923145748400758784
923145800116506625
923145878839480320
923145970526965761
923145974079467520
923145986096156672
923146041310023681
923146142619234304
923146181307457536
923146210197811201
923146214610259968
923146230607249408
923146261896814592
923146374761328641
923146396420763649
923146413151850496
923146426514903040
923146480273195008
923146501735448577
923146621541670913
923146694497316864
923146723941371904
923146812751581184
923146993223991296
923147023938932736
923147042758823936
923147076883632128
923147096387149824
923147134999908352
923147166121693184
923147208282771458
923147314507677696
923147393662636033
923147403401814017
923147441058312193
923147470250676224
923147529310625792
923147539200823296
923147545643311104
923147590656450560
923147596016754688
923147601569914880
923147661074731009
923147786450882560
923147829924843520
923147873079975936
923147880965083136
923147884471648256
923147889697787904
923147933599584257
923147994484150272
923147996900020226
923148006853152768
923148098448306177
923148179666763776
923148228048097280
923148234008166400
923148434013655040
923148452510552064
923148513491419137
923148684551970816
923148721772290049
923148753321766912
923148790349021184
923148817175908352
923149122173112320
923149233934471169
923149259544977408
923149260899708929
923149375257350144
923149385600569345
923149444090036224
923149448984788992
923149587203919872
923149605507928064
923149645206798341
923149647790604288
923149649409724422
923149648747024384
923149672809730048
923149679147339776
923149791961473024
923149793635028992
923149833808039936
923149888547893248
923149966935232512
923149981808300033
923150057855225857
923150142110396416
923150288994947073
923150310046134272
923150640548859904
923150648547295233
923150661134544897
923150680969359361
923150699831156736
923150863996280834
923150907604393989
923150969420111872
923151078601953280
923151083593224192
923151186118828037
923151359880384512
923151454050967553
923151455086895105
923151516416008193
923151655121629184
923151690529775616
923151729444651008
923151955945558016
923151970990481408
923151995221004288
923152010328801281
923152061985902592
923152086166065153
923152170006073344
923152179673759745
923152191623278592
923152403188322304
923152412109688832
923152587154771969
923152734655799297
923152761491021824
923152885063606272
923152937341288450
923152981696053248
923153052605059073
923153115054067714
923153230791659520
923153248088936448
923153283837038592
923153288979255296
923153306393784320
923153323020161025
923153393627082752
923153397674594305
923153508617949184
923153513785577472
923153535910506496
923153792014737408
923153838999244801
923153917894119425
923153953646313472
923153976735956992
923153984826826753
923154011267661825
923154131682037760
923154175822913538
923154260094803969
923154289660514304
923154308400582657
923154425652416512
923154442844819457
923154628602220545
923154642732806150
923154645001887744
923154685338337280
923154683849519105
923154785980776448
923154879765450753
923155013182074880
923155190097707008
923155213514665984
923155218099040258
923155231248175104
923155384055095296
923155411255156736
923155421682110467
923155575076216832
923155682051940353
923155699533799424
923155831637635074
923155864160276480
923155902320005120
923155938261061632
923155940882485248
923156031819087872
923156159003090944
923156168796667904
923156187343880193
923156215256854535
923156221707935744
923156227080597504
923156231707152384
923156281715720194
923156301152219138
923156532321243136
923156693097295874
923156896500125696
923156995099721728
923157023931486208
923157058681298944
923157173953318913
923157194979151872
923157201321185282
923157202839461889
923157308703682561
923157581958467585
923157680990060544
923157690607636481
923157724606713856
923158017394212864
923158043709313025
923158097278980096
923158187712315392
923158264052842496
923158337348362240
923158405921026051
923158418352951296
923158450384728064
923158462925852672
923158469124993025
923158493108080640
923158517078511617
923158658757877760
923158685110726657
923158799522893824
923158909094948864
923158998966259712
923159271923224577
923159427338862593
923159449879175169
923159501250981888
923159595844907010
923159611686846465
923159637997654016
923159655022583808
923159656805163008
923159704288813056
923159704708222976
923159745103581185
923159817388220416
923159826875723776
923159887525367808
923159906408165376
923159971130499072
923160026990239744
923160116668653568
923160230405529600
923160290480525312
923160457728454656
923160467597676544
923160481954779137
923160532072435712
923160560656683009
923160666487259141
923160771139424256
923160805402644480
923160855272882176
923160929390522370
923160943693127680
923161009937960961
923161062752641025
923161104259407872
923161101705105408
923161133359484928
923161521336745984
923161554526330880
923161576936534016
923161587699109888
923161985549766657
923162057427603457
923162134472724481
923162226994876417
923162281592213504
923162322612510720
923162398370025472
923162481861775360
923162548438003712
923162705187557376
923162811475296256
923162850717290496
923162872246603781
923163029755367424
923163226153672704
923163302921953280
923163429543784450
923163523596898305
923163601610911745
923163622716661760
923163855584399360
923164020093353984
923164128067424258
923164143913496577
923164460944109570
923164507895160832
923164573292793858
923164747259924480
923164749235408896
923164752431472640
923164782970200064
923164859134566400
923164948041216000
923165079012610049
923165193735147520
923165279575670784
923165291063820288
923165308814114817
923165368201379840
923165378846646272
923165384403976192
923165568924037120
923165624607571968
923165638776016896
923165660083089410
923165714495787008
923165847853682688
923165878237188096
923165963163402242
923166004632543233
923166060773302272
923166102070456321
923166305112469505
923166345528860672
923166352680112128
923166382489030657
923166590723678209
923166602048299008
923166702862585857
923166791139958784
923166799348338688
923166800430489602
923166976444387328
923167047139381248
923167120527110144
923167227909693440
923167248201764864
923167536690155521
923167674384965633
923167797559156737
923167809152135168
923168178536112129
923168184177438720
923168196621893633
923168236694331392
923168240628568069
923168257271529475
923168319691206656
923168452533215232
923168466227605504
923168517721075712
923168520749420544
923168524260052993
923168619403628545
923168685057036289
923168790384463872
923168824568045570
923168858151817216
923168988124930049
923169002599469056
923169039555457025
923169073940353024
923169112850825216
923169187148783616
923169200641802240
923169274864242688
923169315502903297
923169379394707456
923169387854618624
923169403738492929
923169429218881536
923169489616883712
923169758081638400
923169766038175746
923169797894008833
923169889426268160
923169980715282432
923169989728882688
923170069235900416
923170075565322240
923170120876294144
923170139603906561
923170169542856704
923170188735991808
923170298593234944
923170345154236417
923170403027177472
923170431439376384
923170469615996930
923170542479429633
923170576365170689
923170686788689920
923170716899532800
923170745232052224
923170804749230080
923170916204457985
923170943547183104
923170969623068672
923171000249933824
923171037990346752
923171040565583872
923171069615378434
923171081757904896
923171317666537472
923171319528685568
923171403515547648
923171419290324994
923171452786012160
923171492057288704
923171498021363713
923171532209311744
923171568313884672
923171612698009600
923171725453520896
923171727433195521
923171786006646786
923171791790596096
923171847381794816
923171882471383040
923171910074228741
923172012238962688
923172017955844097
923172041645314048
923172052894388224
923172066198802432
923172152324644864
923172224835735552
923172238735454208
923172272541786112
923172288274432001
923172345124044800
923172345992437766
923172358139064321
923172422639083520
923172498870538244
923172562032648193
923172623986634753
923172796104167425
923172800294195200
923172827787939840
923172852983123968
923172939234758656
923172998907158529
923173001163624449
923173093752889345
923173196362285056
923173283264126976
923173296258076672
923173330701705217
923173336414347264
923173472112726016
923173485714792448
923173488025841665
923173491888852992
923173506812129280
923173562088935424
923173630812581888
923173680015851523
923173680405975040
923173702509965317
923173730901282817
923173733061324801
923173775629258753
923173816280416257
923173881724235776
923173882697211906
923173921595252737
923173971520053248
923173994924097536
923174011793702912
923174021415493633
923174030705872896
923174094773796865
923174106161221637
923174127200079872
923174128902799362
923174262776696832
923174370994016256
923174436190216192
923174496458166272
923174555643887616
923174568218443776
923174583074803713
923174673067716608
923174716990545920
923174764520312832
923174863422009345
923175075783700480
923175114556035072
923175132226621440
923175170361122818
923175293824757760
923175424674418688
923175553460342784
923175563107414021
923175589871276033
923175637485015042
923175651116568576
923175655977684993
923175691105001472
923175729159983104
923175762022117377
923175778174545920
923175814669070338
923175819253448704
923176019535605761
923176032043184128
923176067451555840
923176074908979200
923176075672408065
923176067459817473
923176107313999872
923176185575518208
923176200620699648
923176235211087872
923176241817010177
923176241926062080
923176283135250432
923176297332867073
923176318434529281
923176319055101958
923176329821982721
923176365075046402
923176381235707904
923176395345481728
923176470255509505
923176511942692869
923176524920049664
923176635221921792
923176657153818624
923176660215635968
923176719917486080
923176730298380289
923176821272825856
923176850721001472
923176890013306880
923176953749925889
923177005931048961
923177219249328128
923177275754930176
923177331224584193
923177331014987776
923177334299156480
923177370495979520
923177398413164551
923177409595265024
923177415261634560
923177439551000576
923177487273807877
923177883035717633
923178243330523138
923178365036593153
923178377871204352
923178530707517440
923178584650518528
923178643542695937
923178665546051585
923178692012052484
923178706260189184
923178718960537600
923178778024730624
923178826925883392
923178861503713280
923178926595117060
923178931422838786
923178982106943488
923179116437766144
923179160897445888
923179161568415746
923179354200317952
923179402816614400
923179431081979910
923179484135780355
923179642349084674
923179667099607040
923179723827662848
923179849384124417
923179858502541312
923179911233318912
923180167262081025
923180185117122560
923180233674645504
923180406094159873
923180542434074625
923180603947626498
923180638240247808
923180674701545478
923180753445257216
923180902850678784
923181005783134208
923181050691575808
923181163434430465
923181169528713217
923181194883289089
923181235186388993
923181283978641408
923181323346313216
923181335224528897
923181345785991170
923181381815095296
923181388366536704
923181388408541186
923181401423450112
923181438098341888
923181443651694593
923181490862559232
923181546001006593
923181627542355968
923181642096828416
923181663114485760
923181686539636736
923181824725082118
923181864172642305
923182009824006144
923182127121944577
923182147174887426
923182150052077569
923182170977554432
923182235938824192
923182275876995074
923182358529896448
923182481171517440
923182478507913217
923182625916964864
923182705982001152
923182744603168768
923182766019235840
923182831379058688
923182905043701765
923182993493049346
923183022417039361
923183027651514370
923183079564500993
923183148581736449
923183142474846209
923183210217050112
923183336457232386
923183363413987330
923183420578156545
923183453289492486
923183519626682372
923183537863368706
923183560474886144
923183610840207361
923183622290595841
923183624039563265
923183676258693120
923183708936507392
923183745225707520
923183949928640512
923184016689332224
923184100793499649
923184101531832320
923184180305039360
923184469565165569
923184607553576960
923184684170924033
923184803368890369
923184834180190209
923184882095939586
923184906649391104
923184920247390208
923184962798530561
923184985774936064
923185003982450688
923185049981288453
923185077563125760
923185134815281152
923185138791583744
923185284799492096
923185402722357248
923185405238923266
923185415066091527
923185459056054273
923185525883797504
923185559144685568
923185609950277632
923185641801895936
923185649460613120
923185845993136129
923185914511163393
923186133139382277
923186146011746304
923186186079875072
923186270930575360
923186276341129217
923186325670506496
923186347636088834
923186388257918976
923186502842114048
923186524128083968
923186561449123842
923186570160635904
923186598308663296
923186643133194240
923186666378022912
923186744387829760
923186957617913862
923186994372542464
923187028086358016
923187060743331840
923187082088067072
923187130532163587
923187178175377408
923187195887923200
923187400100237312
923187398699356161
923187418567774208
923187542136098816
923187659802939394
923187661367533568
923187694481625088
923187706745753600
923187777826705410
923187828963627013
923187857505816577
923187898693931009
923187909049618438
923187927152291845
923187960639643648
923188104432947202
923188149580333056
923188180626673664
923188227065950209
923188245273481216
923188294510432257
923188353222266880
923188361359130625
923188395576262656
923188421446823936
923188437162840064
923188459224870912
923188493332992001
923188547959644160
923188600531013633
923188629169721345
923188695292874757
923188730722242562
923188783436259330
923188786070245377
923188809352835072
923188859172728833
923188971122970624
923189019982356480
923189157983342592
923189239814246401
923189350220881921
923189435683999744
923189435788705793
923189459431993345
923189467673972736
923189469305589760
923189585781428224
923189639271407616
923189717981716480
923189802132008960
923189844288966656
923189913599782913
923189917135589376
923189924924416000
923189948324474880
923189968788434944
923190015265595393
923190314634006528
923190340600786946
923190377510785024
923190385115123712
923190446863667200
923190448776269824
923190517109796864
923190556552986624
923190637175955457
923190848673796097
923190954101805056
923191031516028928
923191050629472257
923191098637418497
923191164471250944
923191264228659201
923191328208498688
923191457086763014
923191473855635457
923191698599088129
923191842249768960
923191842824433666
923191861266862080
923191869726773249
923192239450394624
923192389807767553
923192424922411009
923192432828780544
923192440793812998
923192528584806400
923192568845881345
923192685200060417
923192740422258689
923192753013567489
923192838581575685
923192851034529792
923192912174862336
923192992160247808
923193081591222272
923193132358995968
923193207080603649
923193265968635905
923193291033759746
923193294347227136
923193318632247296
923193437523992578
923193472361869312
923193497452204033
923193534605398017
923193575269191680
923193577961938944
923193690968924160
923193716151672832
923193755217354754
923193760539906048
923193797923758081
923193997182377986
923194074630443008
923194102497402885
923194363689275392
923194414033498113
923194510301114369
923194551094992897
923194575182688257
923194852837416967
923194852480880640
923194863176253442
923194968004538369
923194976565125121
923195010689908736
923195107700039680
923195114645868546
923195137152487424
923195314663718913
923195347144511489
923195488131796992
923195494003650560
923195536596983808
923195543890939904
923195684437807105
923195753299959808
923195858702782464
923195939036295168
923195960754364421
923196017524264960
923196064613699584
923196075812454400
923196116983828481
923196206393765890
923196208662884352
923196213759021057
923196238534549504
923196329936982018
923196359661977600
923196473797414912
923196694644260864
923196703074934784
923196741041696769
923196799871045632
923196815788466176
923196881748086786
923196886739189760
923196969174093825
923196994490961920
923197018947903488
923197172509790209
923197323668312064
923197380773777408
923197383810469888
923197393797025793
923197406983925760
923197436490911746
923197440102191105
923197459291131904
923197501762686976
923197568661839872
923197599095623682
923197615734444032
923197621098958849
923197797599465475
923197845544501254
923197864087519246
923197874606764032
923197906194190336
923197982937411584
923198004965920769
923198070959038465
923198123618553856
923198218032234496
923198228547407872
923198242153750528
923198273250320384
923198390929887232
923198403642880001
923198406876651520
923198441219555329
923198469032071168
923198489672278017
923198587927973888
923198647424217089
923198671650545664
923198694941429760
923198715816325121
923198718173642752
923198719129989120
923198744199335938
923198782761730049
923198787547303937
923198800453423104
923198808535851009
923198887321620480
923198956049399808
923199030364078081
923199062287044608
923199061980786688
923199073376759808
923199098609717249
923199224581324801
923199233293012992
923199323910877191
923199505553555456
923199558208901120
923199635023384576
923199976372662272
923200073265287168
923200078822731776
923200425502920704
923200457102655488
923200474442027009
923200503172956160
923200506385887232
923200694512947200
923200705967656960
923200751907758080
923200736476975104
923201025401655297
923201057681010688
923201193266110465
923201246634348544
923201247691227136
923201289030438912
923201290783608838
923201295187619840
923201440360861697
923201489136263168
923201493687291905
923201559508541442
923201657139113984
923201679897583616
923201740899536896
923201917253234688
923201959737348096
923202083548999681
923202216902701056
923202276021415936
923202296648908800
923202393642356736
923202494582341632
923202497694584833
923202499452039170
923202525221842944
923202536676487168
923202563180236801
923202579462574080
923202584583856128
923202766771773440
923202835885457408
923202842973925377
923202881284603905
923202929892438017
923202978353438720
923203002181267456
923203047110660098
923203066853240832
923203103951859718
923203114001489920
923203150902972416
923203354062458882
923203362845347840
923203630555107329
923203722657792000
923203757445394434
923203769084542976
923203792551796736
923203994985664512
923204495521304576
923204496615989250
923204540673024000
923204549422276608
923204627486691328
923204673217159168
923204820533760003
923204943745572864
923204962196258816
923204981548822528
923204991275487232
923205229088296961
923205231332282374
923205763991994368
923205888395108353
923205903935033346
923205917612675072
923205997946122240
923206057685594112
923206063280852992
923206189143527425
923206214632247297
923206250376192003
923206271108616192
923206627850940417
923206809166413825
923206884747825152
923206908701536257
923207099353624577
923207119188488192
923207314877927426
923207400785633281
923207524320284672
923207585389514753
923207607363555329
923207613797498880
923207656843735043
923207701391343616
923207727014346752
923207745221943301
923207796795101185
923207902206267392
923207978932670467
923208083035295749
923208089255469057
923208113821503488
923208168037109760
923208217076871168
923208328225882112
923208536410247174
923208576079933440
923208613178593280
923208637736275968
923208653175513089
923208718958899200
923208788819267585
923208791629402112
923208891860750336
923209002099593217
923209057741221889
923209077068529664
923209114603442176
923209162649042944
923209179694796800
923209199152013313
923209248871534593
923209345592123392
923209461388533760
923209513783779331
923209538333040643
923209670701076482
923209684349259776
923209709573869569
923209721091383297
923209824132726784
923209897751252997
923209957293678593
923210049186615296
923210062247624704
923210203654443008
923210292678443008
923210295765544961
923210507523383296
923210835668946944
923210840605589504
923211080486346752
923211102867075073
923211164284342272
923211220047548416
923211315623137280
923211506094936064
923211601167122437
923211603360837632
923211855534977024
923211865966219266
923212076918681600
923212228781887488
923212280472506368
923212453802139648
923212559263596544
923212570005245952
923212600338468864
923212610966827009
923212770883129345
923212801161809920
923212815409725440
923212816017952769
923212856547577857
923212909148364801
923212984410918912
923213076744118273
923213192842670080
923213228552966145
923213337307074560
923213379413725184
923213521596317697
923213611325120512
923213642715328512
923213818234392576
923214000967610368
923214093867036672
923214104784912384
923214200981393408
923214226616999941
923214323325030401
923214454736805888
923214538631270400
923214583589998592
923214654599581696
923215081537785856
923215084012408833
923215279970234368
923215284906971137
923215322655744000
923215339206344704
923215344755466241
923215360861638656
923215538410741760
923215537563488256
923215884042117120
923216040187846656
923216051520917504
923216081296093184
923216167694753792
923216195481939968
923216331045945344
923216363346321410
923216380077408256
923216508268040195
923216599108243457
923216657622945793
923216854730117121
923217012259684352
923217095541837827
923217342124916736
923217357211947009
923217419065286656
923217552419024897
923217594936463361
923217609532653568
923217612573761536
923217611638292481
923217656852959233
923217656043524097
923217661634498566
923217698577928192
923217711303479296
923217754487971841
923217777309175813
923217892476444672
923217914572034048
923217991407370241
923218140158480384
923218159850721280
923218389430145024
923218471982419968
923218500914737154
923218536432054273
923218700098048001
923218837625016320
923218860710514688
923218878938996736
923218919040667648
923218958983065600
923218975680614401
923218983704256512
923219294590300171
923219317562503169
923219328106942465
923219352295317504
923219432578715650
923219558168702976
923219658643267584
923219835001204736
923219871965556737
923219923610021889
923219941351976962
923220149183823872
923220156913815552
923220258139398145
923220260509093888
923220526381793280
923220546162249728
923220548464906241
923220565766426624
923220666391855104
923220720104148992
923220787280121856
923220900492832768
923220961301815297
923220972844519425
923221002368274434
923221152876711936
923221325052825600
923221372729544707
923221372578488320
923221374872768513
923221426823409666
923221563222249473
923221616431046657
923221991955496960
923222027556868097
923222096242794496
923222126294953984
923222298538266624
923222487592329216
923222525642977282
923222554143281154
923222597973798912
923222628931846149
923222631116967937
923222627312984064
923222648372453376
923222735077150720
923222908658438147
923223065974190081
923223086769549313
923223092897427458
923223098291310592
923223225034854402
923223350360633344
923223377543942147
923223404974694401
923223412515860480
923223480337944577
923223738723815425
923223828762976257
923223881447628800
923223906852405249
923224096988688387
923224121655418880
923224289318522881
923224487352520704
923224522488238080
923224525302624257
923224687810895872
923224693859061765
923224701866037249
923224766697402368
923224846020038656
923224867104837633
923224935862063111
923225131190837254
923225249012961281
923225401937334273
923225474226061315
923225518564171776
923225579515760640
923225885632802816
923225895560761346
923226019720585221
923226094186188800
923226138993987585
923226409966997505
923226427662721024
923226445664702466
923226530339348480
923226605564121088
923226636824272897
923226713772916737
923226737210740737
923226783834673152
923226843934871552
923226947957780480
923227011233009664
923227387290144768
923227415186460672
923227426225668096
923227438515023872
923227452385693697
923227490641940480
923227657763991552
923227662285508608
923227667067035648
923227664030294016
923227659240464384
923228190167982082
923228207524012035
923228263253725185
923228275761139713
923228305070940160
923228345684447232
923228353250975745
923228383164665856
923228385781997568
923228422708613121
923228603718012929
923228898128793601
923228936766619648
923229039304769537
923229131529170944
923229235694784513
923229369031643136
923229409523453952
923229449436397573
923229490968449024
923229564297531392
923229580462260224
923229736045830144
923229841050226689
923229964341858305
923229964987707392
923230053156184064
923230090577793025
923230112572682240
923230185473957889
923230199688417280
923230382102900736
923230552278396929
923230753206554630
923230760940855297
923230771598577665
923230835859447808
923230858043101190
923230865106395137
923230959792779266
923230983356387328
923231190605336576
923231260759265280
923231317147508736
923231536329187328
923231720907739136
923231828764278784
923231854978846720
923231876927680512
923231921219473408
923231959165362176
923232043642826752
923232091017564160
923232129483464704
923232324220850177
923232434476453888
923232580618604545
923232635161325568
923232694439264256
923232701645295616
923232707244539905
923232764589113344
923232788651954178
923232796990234629
923232903651364864
923232985331224577
923233057230016514
923233351288451073
923233449292582912
923233461116293120
923233473195839488
923233698824245248
923233838544969728
923233850490347520
923233894664753152
923233956878864384
923233967700152322
923233954039201792
923234085631352835
923234184705052677
923234260940722176
923234289617162240
923234316435558401
923234357501988865
923234377357774851
923234462623784961
923234555666010112
923234578965385216
923234601782382592
923234639443103745
923234672964001792
923234776571613184
923234803952037889
923234954766675968
923234992678989824
923235066951749632
923235211235807232
923235225911681024
923235313782312966
923235340583931904
923235488667926531
923235571891351552
923235983897772032
923236018005987329
923236058933886978
923236075556036608
923236189750157315
923236400820051968
923236521687355392
923236700129722368
923236784519172097
923236890823876609
923236968712032257
923236983887007744
923237110550691840
923237114887553025
923237197238751232
923237328474333184
923237483999059968
923237501438955520
923237763142635520
923237768892964864
923237773628399616
923237843027283968
923237860165214209
923237903832141824
923237958454562818
923237959721259019
923238084191375361
923238094853337088
923238095314653188
923238172733173760
923238185689387008
923238205595570176
923238318959153152
923238326165000194
923238335132381184
923238358259781632
923238388911738881
923238467953463296
923238472403554304
923238548454637568
923238679669297152
923238716918943744
923238775710474240
923238811798265858
923238891418804224
923238935035248642
923238960343797760
923239170365181952
923239191873499136
923239209669943296
923239352465068034
923239536158826496
923239546141192194
923239576579330053
923239625623080960
923239757261484032
923239844108820483
923239940871413760
923240160166338560
923240245260357642
923240248007634945
923240355075710976
923240374960869376
923240404492877825
923240525720838144
923240525121097729
923240717388079105
923240764473270275
923240853690253313
923240918764879873
923240960758308865
923240964348661760
923241168162484227
923241225154711554
923241257719214080
923241272617422848
923241333610905601
923241364678152192
923241451592568832
923241532559413248
923241755415339008
923241787422134277
923241807504461826
923241827553116160
923241956838395907
923242005240705026
923242020084355072
923242227215863809
923242289702555648
923242323621896199
923242366185693184
923242378663792640
923242436880629761
923242489938661378
923242577561882624
923242587200376832
923242603872751616
923242709489541120
923242757132451841
923242798974988288
923242842012684288
923242872186556416
923242945196814336
923242986149957632
923243011521343488
923243053653127168
923243281118564353
923243306951368704
923243369035456512
923243373359718400
923243439789142016
923243506445021185
923243550728441859
923243560509591553
923243711043170307
923243865234079744
923244079730905093
923244111737520129
923244269070180352
923244647383748610
923244664542470145
923244679684083713
923244851721891840
923244920554643456
923244932185370624
923244969967669248
923245073697067010
923245321664176128
923245396184436736
923245564195692545
923245592826048512
923245748057145344
923246023102943235
923246090362740736
923246267513344000
923246273356025856
923246313000636416
923246355610570753
923246479770255360
923246499340963840
923246536041132032
923246537777573888
923246829323603969
923246984953253889
923247033414275072
923247147251793920
923247412138868736
923247419239870464
923247444086976513
923247457982705664
923247468971724800
923247482011824129
923247495014215680
923247511317417984
923247604284231681
923247672546549760
923247755430068225
923247780939870209
923247795057782785
923247798686044162
923247807732989952
923247811214368771
923247936737284097
923247974901219328
923248006153097216
923248035882291205
923248048729477120
923248070938300416
923248083290460160
923248203876757504
923248224126820353
923248318154764288
923248406998454279
923248488468631553
923248558358323202
923248586913210368
923248700503351296
923248788919156737
923248855457714176
923248968758423552
923248996356722688
923249037201068032
923249062291402752
923249235474173952
923249411530153984
923249463396896768
923249559240957952
923249615264256001
923249655571517442
923249811997863936
923250018575966209
923250023365795840
923250076549607424
923250135106310145
923250216249319424
923250376480043011
923250432763416576
923250491542425601
923250522844553216
923250541047767040
923250816705851393
923250824024936449
923250856807432192
923250894510153728
923251080322002944
923251116812488707
923251124181913600
923251211893182465
923251288686678016
923251326628368384
923251352649822208
923251359478149122
923251448758046720
923251520140906496
923251595068039169
923251703234875392
923251703411036166
923251833036066816
923251855806877696
923251887150944256
923252058408484865
923252181272326144
923252274004217858
923252369240010757
923252390492598274
923252531312123905
923252694143438849
923252738191917056
923252791057047552
923252822744772608
923252826754691073
923252829892038656
923252833415294976
923253086411476992
923253179801849856
923253234646573056
923253329018408961
923253351193686017
923253445741678593
923253467078111232
923253504550014981
923253539203375104
923253601673216000
923253609135067138
923253821438070792
923253918011883520
923253967169249281
923254093077995520
923254117841084416
923254130306625536
923254154386182144
923254213249028098
923254300582793218
923254308984053761
923254413652832256
923254540308221954
923254564610076672
923254860560195585
923254883603673089
923254899919458304
923255169130876928
923255259300089861
923255270977007621
923255313255591936
923255343597092870
923255352203898882
923255386337087493
923255438300336128
923255511465766912
923255734149795840
923255865444065281
923255891801100288
923256087880654848
923256151944425473
923256159406051328
923256271876362244
923256290503249920
923256312141701125
923256312938496003
923256427396894722
923256488507953157
923256566316494849
923256606124593152
923256609152880640
923256625128968192
923256643084800000
923256734038331392
923256752279314432
923256833413976064
923256955283656704
923257010283573248
923257345991413760
923257531111231488
923257595997097984
923258243924799489
923258382068350976
923258523097722880
923258580014325760
923258599387877376
923258616299294720
923258691809370114
923258746339561472
923258805793763330
923258981900062721
923259102888898562
923259115819978752
923259120446246915
923259122891591680
923259256815738880
923259258334056449
923259337665105921
923259647015964672
923259651243823105
923259755103125504
923259766872379393
923259804897947649
923259855674204164
923259860078260225
923259874208862209
923259879267192833
923260023106654211
923260126076731392
923260140568170496
923260292410368000
923260451902849029
923260627296161793
923260680815497217
923260758670172161
923260950500839424
923261099092463617
923261389849923584
923261582527881216
923261642070249474
923261657282854912
923261660927754240
923261670503231489
923261705563660288
923261735435464707
923261763424063488
923261808307208192
923261921050222592
923262123618263040
923262201548468224
923262235727880192
923262358130184193
923262420918853633
923262426157604864
923262520814694402
923262571150499841
923262583242739712
923262606697271296
923262752034041856
923262767527849985
923262777959084032
923262931084697600
923262940765179905
923262982221631488
923263120419835904
923263223775756288
923263223738126336
923263255602135041
923263603884601345
923263792812830726
923264027610042368
923264096371343361
923264230496833536
923264287895891968
923264302471139328
923264345370480640
923264368233631746
923264631409397762
923264678649835521
923264707934420992
923264801299673088
923264832433983488
923264853829091331
923264886683074560
923264948247105536
923264969180925952
923265108163342336
923265382789668864
923265412678209536
923265414595055616
923265439672647681
923265463609647104
923265542915592197
923265591217197062
923265644111462401
923265644472295424
923265703645466624
923265715955695616
923265729473974272
923265767566663682
923265850190237696
923265891592298498
923265897636204545
923265925700300801
923266238519939073
923266437157933056
923266476936704000
923266528690262018
923266539293421575
923266550987087872
923266689332064256
923266796345491456
923266825428897794
923266889152942081
923266932777762816
923267053418622976
923267102429114368
923267107139268608
923267184989822977
923267252681629697
923267268934500353
923267326048382977
923267376027709440
923267431333801985
923267751300468736
923267760305639429
923267832435167233
923267921123483648
923267927784198147
923267930766434305
923268005089431555
923268343657914368
923268433860579331
923268442739892224
923268416735252480
923268504517738499
923268524545626112
923268525472526339
923268529499049985
923268595878113280
923268727956758530
923268769786617858
923268973508079616
923269072539869184
923269166920019969
923269198767419392
923269613021954048
923269687634513920
923269728310845440
923269762267992064
923269824905728000
923269876302610433
923270017692692480
923270035480698880
923270195426287616
923270325755957248
923270345389469697
923270373365428224
923270567960170497
923270742162202624
923270744167124992
923270868817543168
923270868217757697
923270887436111873
923270933795745797
923271136858787842
923271210879856641
923271252361531393
923271357248540672
923271357336637440
923271551667068928
923271601201844230
923271703740014594
923271706545999872
923271908518518785
923272247195963392
923272265151770624
923272341764870145
923272450921631744
923272509105102856
923272546002309122
923272572581679104
923272773279109120
923272814458757121
923272954326257664
923272961343262720
923273015789543426
923273097922392065
923273134408597506
923273187126857728
923273213517418498
923273221293690881
923273306547130373
923273340135116800
923273488521084928
923273507168854016
923273713293897728
923273749272592390
923273751361441792
923273741211185153
923273789571559424
923273978499813377
923273982404694021
923273987743985664
923274083613184000
923274343391604736
923274357304119296
923274728269340673
923274761547014144
923274844086657029
923274846720679936
923274868065529861
923274969039228928
923274977968869376
923275020633346053
923275082939621376
923275088467816448
923275154813325313
923275222429634565
923275244001005568
923275257703817216
923275266084036609
923275432400773120
923275457327452160
923275480769417216
923275506958635008
923275717210755072
923275746491207680
923276022577029120
923276110065995777
923276147701493760
923276194690281473
923276386051264518
923276596303335424
923276607162404870
923276619652923393
923276679136628736
923276712393179136
923276735453507585
923276846686404608
923276847483322368
923276861232304130
923276949853745153
923276987107610628
923277008293060608
923277028866052098
923277124638855168
923277272135667712
923277315345436673
923277401785847809
923277555553263617
923277638239744000
923277689737359360
923277732951351303
923277799577792512
923277813121273859
923277993673461761
923277995724410887
923277998509268992
923278020290506753
923278050363658240
923278102490419200
923278226981576707
923278312138592257
923278404014755840
923278417973346304
923278599733501952
923278792302276608
923279127498641408
923279394440871938
923279429735976961
923279476703858688
923279667565613061
923279673341173760
923280046164455425
923280127810834432
923280237869387776
923280455406968832
923280464252719106
923280486033756160
923280630686912513
923280732105203717
923280799063003136
923280923629678592
923280925965811719
923281161199210502
923281186268598272
923281320968642562
923281325796282368
923281407706849280
923281415290023937
923281443471740928
923281505048317953
923281579589464065
923281611415793671
923281772225486848
923281997904142336
923282014035423232
923282102208159744
923282126048497664
923282162538942465
923282531100839942
923282565573816322
923282683580633091
923282723267076096
923282982093381632
923283020798234625
923283024116174848
923283124733300737
923283189581443073
923283258309308416
923283446813941760
923283467701538816
923283471224786944
923283574144499712
923283586786226177
923283685172039680
923283711390609413
923283786258771968
923283983001096195
923283987476500482
923284033282433027
923284032565186562
923284096465416192
923284143600959488
923284283602718721
923284285628575744
923284463269957633
923284519389720578
923284539228807169
923284566860861440
923284611702108160
923284675216453632
923285094198054912
923285343276806144
923285395634311168
923285474957053952
923285617303224320
923285721758294019
923285882760761349
923285944786186240
923286009118420993
923286031067119616
923286069256351744
923286159534551041
923286229730328576
923286331236773890
923286578017030144
923286667548659713
923286695155466241
923286757122150406
923286803087544320
923287179127869445
923287401992159233
923287417267937282
923287491620335616
923287810525794305
923288015723728897
923288116718383105
923288127862689793
923288352140472321
923288397522898945
923288426316730368
923288547255373825
923288957126889472
923289205161254914
923289362959347712
923289545281540096
923289625866760199
923289785862705152
923289843702038529
923289915760218113
923289924174049280
923289938464071681
923289953005658112
923290060690255878
923290535288217600
923290575318679553
923290577264939008
923290646621904896
923290936603480064
923290948263731200
923290961278525440
923291093562568705
923291134696226816
923291171484459009
923291345451737088
923291485923143686
923291562984972289
923291579422457856
923291600834482176
923291630639005696
923291893798023168
923291941151809536
923292052124659713
923292078217478144
923292286389063683
923292287471206400
923292338130010113
923292486360952832
923292586122493952
923292594137833474
923292653180952576
923292804146589696
923292816704397312
923292873390305280
923293101262643201
923293598556110849
923293600489684993
923293626041434112
923293752172544000
923293849719472129
923293903461105664
923294141202624513
923294148995584000
923294175411388417
923294226451906560
923294240024571904
923294321243144192
923294441439313921
923294754984542209
923294795044347904
923294878473129984
923294986258411520
923295139740639232
923295158250086400
923295274860027904
923295413544693761
923295703308279808
923295717082329088
923296175821746176
923296524511014913
923296704018857984
923296831433347072
923296867160547329
923296869681283072
923297532184215552
923297538752389121
923297643161305089
923297864230387712
923298078953693184
923298120909201409
923298143860506624
923298404633010176
923298506244218880
923298552981241857
923298616617312256
923298684451696640
923298685659656192
923298832288432128
923298889809018880
923298990740848640
923299081744556032
923299105819975680
923299263613829120
923299387601645568
923299600768708608
923300001299668992
923300043100061696
923300155587100672
923300340400656386
923300391554506752
923300616515960832
923300793981091840
923300957118636032
923300998860255232
923301044263596033
923301237411295234
923301251344883712
923301383524139008
923301432203264000
923301768057909248
923301937247698944
923301963931848704
923302117766414336
923302191007383553
923302237849337856
923302248695832577
923302740016627714
923303153163894785
923303160558575621
923303162559201280
923303363558756352
923303557654351872
923303639552274432
923303942255267840
923304380849377282
923304904294326277
923305464187809792
923305677396828160
923305686301159424
923305962194309121
923306158722633728
923306325345492992
923307113031569409
923307607238107136
923307683108806656
923307766839762944
923308187943440386
923308290674692096
923308704405049344
923308858839269377
923308979580821504
923308996928425986
923309185525305346
923309265410056192
923309450953478146
923309452949884928
923309837999583232
923309842189684742
923309968320880642
923311429947744268
923311482938580992
923311549275656192
923311703864905728
923311749218164737
923311972925485056
923312088914841601
923312721604603904
923313220131024896
923313352230817792
923313354017566721
923313586780372993
923314012967915522
923314335283376129
923315481926361089
923315636905873408
923315899469352960
923316294644060165
923316493286367232
923317051795623937
923317316154200064
923317631712505857
923318253329448960
923318260002631680
923318978298212352
923319187342274560
923319224034058240
923319517681512448
923319520743260160
923319856082178049
923321473070194688
923321730038460421
923322234546028546
923322252111826944
923322399881400321
923322677770715138
923323195490553857
923323702640386048
923323711142457344
923323911470764032
923324181630025730
923324191666995200
923324552913944576
923325505331482627
923325524876972036
923325885616394243
923326067011710977
923326326286749696
923326377083973637
923326479596888064
923326522869481472
923326946251034624
923327597316071424
923328257872809985
923329135308664832
923329723618521088
923330844789391360
923330845657747458
923330944806932481
923335707527131138
923336368000028672
923336782963503104
923336955039027200
923336967739363329
923337026950389765
923337128091648000
923337136950128640
