840155499991457792
840155626349113344
840156516632141824
840156517731045376
840156537955979264
840156690922295298
840156700971847680
840156746685530112
840157025816391680
840157655087824896
840157821580771329
840157877415378944
840157947862867968
840157970524585984
840157992213348352
840158008764186625
840158137264959489
840158166167969793
840158595471810562
840158601461321729
840158933897621504
840158986536120320
840159095046852609
840159095739056128
840159495745601537
840159551571841024
840159681913987073
840159785525874688
840159845886095360
840160513950658560
840160549166030848
840160567948148736
840160804632723457
840161137975013376
840162130171170816
840162507327168512
840162550520123392
840162589128720384
840162771165696000
840162945233518592
840163061193420801
840163378022760448
840163538844995584
840163744915296256
840164011769516032
840164300421509120
840164917277777920
840165318588805120
840165358912835584
840165636781277185
840165759833780224
840166415999094784
840166503072841729
840166556277604353
840166765011308545
840167649443250176
840168028578951170
840168743384817664
840168934296956928
840169235993227265
840169472820408320
840169525639294977
840169586175692800
840169586846773250
840169673744347136
840169686381793280
840169979114864641
840170061071552512
