834145685003968512
834145780151762944
834145908212244480
834145984745709569
834145989137031168
834146121727488001
834146320260661248
834146636657991684
834146988715343873
834147043778125830
834147149470453763
834147182773207041
834147721883897856
834147732097007618
834147765655597057
834147769027792897
834147957092016128
834148221240885248
834148232699723776
834148238248775680
834148408747245568
834148577228312579
834148888076509184
834149013268135938
834149174727864320
834149223855702016
834149275131113478
834149459261059072
834149785858932737
834149935910121472
834149957083025408
834150303339536385
834150881906008065
834150903376728064
834151006044815361
834151055759912961
834151196424298498
834151370827632642
834151891537895424
834152006046597120
834152134853660672
834152213668827137
834152233541451778
834152309106020353
834152335035228160
834152614572998656
834152624719015937
834153274680946688
834153301021192194
834153314782683136
834153376900329472
834153397536305152
834153485226618880
834153571130175488
834153589232828420
834153685433327616
834153807521144832
834154041424883712
834154547815792640
834155017640804354
834155058996588545
834155307878252544
834155361519206401
834155897459003392
834156343024087040
834157035994378241
834157117200277505
834157245994762241
834158160172707844
834158186198351875
834158192825421824
834158393975783424
834158540755460096
834158673282875392
834158690987020288
834158734570115072
834158847497469952
834159027991015425
834159131581874176
834159255708110853
834159672181583875
834159706167992320
834159775000715264
834159886468542464
834159981733765121
834160176768901120
834160383636205568
834160403743662082
834160677958873089
