818684352292880384
818686540259934209
818688469618802688
818688690079744002
818688822137524224
818689007693529088
818689041428320256
818689121401106434
818689165378416640
818689319594590208
818691837795901441
818692514597273600
818692939626975232
818693493224837120
818693547666931712
818693656311988230
818693800709279745
818693880396779520
818694098144165888
818694329300619265
818694399106445313
818694872605585409
818695021104926721
818695529811034113
818695790268940290
818695891062325253
818696508845465600
818696696762875905
818696774986715138
818696779432599553
818696840296198144
818697274977095680
818697567286521856
818697744793698304
818697838569918464
818698050403241985
818698186407739392
818698310160621569
818698817533001728
