821039642384408576
821039650110394369
821039673535594496
821039972170035201
821040007083425793
821040303008346113
821040425989533697
821040456486322178
821040478577688576
821040799114739715
821040815195688960
821040935215779840
821040938726342656
821040997203378177
821041101230448640
821041239193690112
821041244465926144
821041316406689792
821041572787716102
821041698709110784
821041709199015937
821041842552766464
821041846025670657
821041878011363328
821042000912908291
821042210183462913
821042222825164801
821042353439932417
821042417516343297
821042442040410112
821042605299482627
821042805317451777
821042938352377856
821042950004178944
821043392952041472
821043409037230082
821043549626105857
821043662406746113
821043780870606849
821043852828151809
821044150627946496
821044180059353089
821044208500875264
821044465402056704
821044465456599045
821044625112702977
821044682171957248
821044897268514816
821044947377762304
821045005691355139
821045050486517760
821045138218745856
821045267159990273
821045358553944066
821045647482691584
821045848935120896
821046199792889857
821046199432126464
821046233980616704
821046419704442881
821046500356739072
821046707072942080
821046732398231554
821047230211702785
821047260716924930
821047500861739009
821047605383876608
821047688481345537
821047717782814720
821047907126300673
821048138718937089
821048381799858176
821048410992152576
821048477387997186
821048504328003584
821048787288387585
821048883107270656
821048992402391043
821049036014841856
821049063844020224
821049212582461440
821049217221328897
821049286439895040
821049385836511232
821049393096884225
821049524110192644
821049605936791553
821049611376885761
821049682583519233
821049992500674560
821050209291616259
821050276526387201
821050303906619392
821050323422810112
821050343589105664
821050348123160577
821050388677885952
821050526964060161
821051027952693249
821051593575501824
821051638362308608
821051806600089600
821051907145957378
821051980080615424
821052265230376964
821052347342262272
821052372373929985
821052551617449984
821052630457786373
821052741384622080
821052799244976128
821053031533912064
821053034889412615
821053083048361990
821053115302604800
821053209397575680
821053301986881536
821053455129313280
821053861788086272
821054194396332032
821054215111983104
