875503188975116288
875503198903169025
875504386990125057
875505230322049025
875505231341244417
875505232356233217
875505233711034369
875505234684112896
875505235996880899
875505236986802177
875505238584819713
875505240208023552
875505241281748992
875505242577805312
875505243685097473
875505244544917504
875505249607352321
875505250341453824
875505251473911809
875505252388270082
875505253348716544
875505254271528961
875505255500460033
875505256355987457
875505257283031048
875505258834923524
875505259912802304
875505260684619776
875505261506691072
875505262219735040
875505262995673088
875505263981334528
875505264727912449
875505265772244992
875505266581811201
875505267387052032
875505268104327168
875505269261836288
875505489316073474
875507874126024707
875513797020090369
875514259899379712
875516384087859201
875516660966461440
875517226811621377
875517667729453056
875518259000475648
875518294731747329
875518390890266624
875518965400907779
875519047693160452
875519378636365824
875520371373608960
875521597091840001
875525040510353408
875525346094972932
875526368473350144
875528080638353408
875530827911708673
875533386902773761
875533928987213826
875534051867672577
875534500746362881
875534620707745798
875535479025934337
875535542200479746
875536586326163456
875538716118462465
875539154947497984
875539379283832833
875540013353766916
875541424141344768
875541518475571200
875541595646554112
875542883872501760
875544045031800832
875545037802786816
875545265515634688
875545273644195840
875546660859981825
875546737557069826
875548491191156737
875548635412475904
875548982306582529
875549144852688896
875549247260774400
875549283583270913
875549461161881600
875549589281140736
875549908895485952
875550056979542017
875550583255683073
875551806985822209
875552026188533761
875552496630079489
875552541957922817
875553023774347267
875553520438693891
875553553296883717
875553587702771713
875553822419992576
875553827591606273
875554806517125121
875555032346886144
875555620421869568
875556039327928325
875556038279282688
875556741366284288
875556914838421504
875556928876937217
875557287728951296
875557495414153216
875557826780725248
875558082545188864
875558196580159489
875558370471796736
875558628933152769
875558808621383680
875558809841827840
875558825117405184
875558871510564864
875559537108975616
875560256402853888
875560374212243457
875560479661334528
875560555813023746
875560983900467200
875561140977192962
875561234816352257
875561678183608321
875561932379611136
875562117193007107
875562309619294209
875562333384261632
875562418163691520
875562453182029824
875562501722615808
875562527689592833
875562663601872897
875562730349932544
875562786998190080
875562817289453570
875563266017120256
875563395600138242
875563466790129664
875563593017602048
875563608687521793
875563850950557701
875563956080791552
875563993833680901
875564069893283841
875564122514915328
875564379374211073
875564460315787264
875564597851209728
875564712896770050
875564851615023104
875564855234748416
875565092116377600
875565138392137728
875565194922999810
875565430567337988
875565455678652419
875565721798955008
875565723858358273
875565725632442374
875565915013656578
875566183285612544
875566321781530625
875566452421439488
875566521606520836
875566880420896769
875566902763859976
875567110197575680
875567187024461824
875567208906203136
875567216485216256
875567361411104768
875567360438087680
875567660938821636
875567793155874816
875568111952330752
875568218227724289
875568257809371137
875568296363294725
875568446359994368
875568502752526338
875568600525885441
875568667311783936
875568698475520004
875568710316040194
875568874510364672
875569124923002880
875569411318349825
875569420566802433
875569491224141826
875569514275983360
875569516389978112
875569567426162688
875569616445087745
875570094331510784
875570184676810752
875570417678692353
875570425400393732
875570515510820864
875570780460822528
875570851130744833
875571142764879872
875571144689983489
875571144199360514
875571314194501632
875571513335750656
875571582462181376
875571746459365378
875572079550124032
875572184818765824
875572415127879681
875572462133551104
875572525283004416
875572590785347585
875572647597195264
875572961058541569
875573252982161409
875573264218701826
875573305033371648
875573306904072192
875573309244493825
875573615332171776
875573620357054466
875573652959313921
875573682885636097
875573751517126656
875573788905054208
875573869263765504
875573931188420609
875573996678299648
875574050399019009
875574218750017537
875574276694228992
875574276941766657
875574527224238084
875574572518526979
875574574213062666
875574660020162561
875574958922940416
875574998227759104
875575194089213952
875575269611847680
875575641738838017
875575809737490432
875576127544147968
875576150126321664
875576364811800576
875576390694850560
875576410722549761
875576860964343810
875576906610913283
875577011774738433
875577049829711874
875577293770334212
875577401559793668
875577432903892992
875577434996842496
875577435374272514
875577635820064768
875577843551395840
875577899922866178
875577975252500482
875578002104492033
875578020571922440
875578210968256513
875578408717000708
875578412760301568
875578423980118017
875578538543296514
875578548563595264
875578686812168192
875578704444796931
875578848636686337
875578936541011968
875578982485204992
875579199674646528
875579527828692992
875579627078508545
875579628873670656
875579687463813122
875579748079984642
875579768644579330
875579853575118848
875579948508913665
875579978003341312
875580134585126912
875580139899244544
875580287790362624
875580373081534464
875580379620495361
875580499543994368
875580565386280961
875580567642820609
875580615831113729
875580619845058560
875580655198797825
875580658210308096
875580661662220291
875580668838764545
875580877165666312
875580892818714624
875580894576168960
875580897335975936
875580899043061762
875581221245407233
875581372361916416
875581410425266176
875581457321697282
875581522945888260
875581651492851713
875581731511746562
875581860646014976
875582014832771073
875582143895699456
875582146949169153
875582173130047493
875582204662824960
875582236053061635
875582383583408134
875582461169860608
875582481512022020
875582487832875008
875582509039222785
875582734738923521
875582750471868416
875582960891645953
875582971759083520
875582982530060288
875583224285507584
875583282812821507
875583348537556993
875583425826115586
875583453378498560
875583666520342528
875583673524826112
875583719070875648
875583719389577216
875583725974638593
875583727035760641
875583728042491904
875583870678089729
875584090304528384
875584222714396673
875584248018722817
875584404407459845
875584467099820033
875584493100204032
875584570279591936
875584571298922496
875584689477533696
875584691910266880
875584953651576832
875584976057581569
875585717669199873
875586027628265472
875586149967839232
875586251432222722
875586262299582464
875586443334213632
875586576973049861
875586588314435586
875586692182294528
875586699715268608
875586827008188416
875586857442058245
875586894737719296
875586924957753345
875587014208266241
875587217615314944
875587256630652930
875587298301140992
875587314168156160
875587314591744001
875587685758390273
875587731123953665
875587786669137920
875587931620032512
875588047907061760
875588091565662210
875588313775710209
875588632903536640
875588719511609346
875588776206127104
875588836159496192
875589008117583875
875589018108313600
875589218260484096
875589327283027968
875589331871604736
875589459667853312
875589668347068416
875589710155927553
875589727507763200
875589743702007809
875589741382467586
875589777541570561
875589908823326721
875590015736193024
875590017715904512
875590180626776064
875590289741594624
875590296800698368
875590433732034560
875590444054306816
875591016551661568
875591172382572544
875591186961940484
875591188920782848
875591204913557504
875591206113132544
875591222424780802
875591252770643968
875591329169854464
875591459105157120
875591554588581889
875591584229736448
875591745525882880
875591859879387137
875591926996582401
875591939545903105
875592114700034048
875592116956667907
875592162242473984
875592173986512896
875592250113245184
875592250201325569
875592270468136963
875592271835439105
875592302684549121
875592415880466433
875592471899656196
875592541994758145
875592620923174912
875592647330496512
875592663495352320
875592777534291968
875592848556515330
875592867619651584
875592895280971778
875592928428572672
875592992794345472
875593062587682816
875593074713387008
875593184058851328
875593256733507584
875593419682271234
875593432730697730
875593457753931776
875593492881260544
875593576264089600
875593591736774656
875593606878253056
875593613035491329
875593657797058560
875593695952723969
875593733391110144
875593747144167424
875593754010198017
875593800046923776
875593807462412291
875593820833955840
875593865658458112
875593910923304960
875594010286366720
875594110693814273
875594172094308352
875594182378741760
875594277429985287
875594278340145155
875594296241541121
875594297810145280
875594365384572928
875594447710322688
875594459211104261
875594463288082436
875594500734820353
875594541167923202
875594580741181441
875594642107924480
875594692989075456
875594805283135490
875594852024541185
875594970584842240
875595003942248448
875595028705325056
875595050050179072
875595205449195523
875595246746259458
875595389646151680
875595402682146816
875595402766032896
875595427646554112
875595513302720513
875595535150833664
875595540439769090
875595694362447875
875595748003299333
875595786041516033
875595827992903680
875595843008581633
875595963095633920
875595969517178880
875596002433966081
875596039184449536
875596137784160256
875596213009002496
875596223645798401
875596270789738497
875596309318688776
875596311801634816
875596366046576641
875596422820777984
875596522276003841
875596535114878976
875596593197490179
875596622557663233
875596637929746438
875596650235822081
875596757161230336
875596787435790337
875596816628064260
875596839822573571
875596953127600128
875597032190230529
875597189174542337
875597191242326017
875597198251012097
875597208745164800
875597242270236673
875597243369218048
875597266978971648
875597290760617984
875597389402226688
875597397841240065
875597405827223552
875597412642861057
875597422554038278
875597464971038720
875597471749099520
875597486991187973
875597507094433792
875597514652635136
875597533405339651
875597619841572867
875597671888592897
875597702762856450
875597816717901824
875597817728729093
875597867448057856
875597872665735168
875597881033474050
875597913212108801
875597951644467200
875598040018452480
875598206020722688
875598266573795328
875598342910164993
875598369644662784
875598387327795200
875598447792889857
875598463899115520
875598466423992320
875598567456382977
875598600641708033
875598620526915586
875598653607493634
875598695177134080
875598701938434048
875598722788282368
875598737799651330
875598749262675969
875598808020729856
875598826752458753
875598852023173129
875598865570734080
875598911980748805
875598926572789760
875599014388940803
875599029479931906
875599075156021250
875599083733303296
875599097998082048
875599143934107648
875599147285364739
875599173315211264
875599180378423297
875599253963284480
875599281285021702
875599378592837632
875599389225476096
875599452366528512
875599486457794560
875599567743459328
875599656528494592
875599731916906497
875599873055178752
875600012566159360
875600015816671232
875600031356665856
875600130337943553
875600144980258817
875600178991865856
875600182422847488
875600342506799106
875600382046502914
875600392658108418
875600434114682880
875600491643674624
875600567539650560
875600678852284416
875600821651595264
875600821160861697
875600885144887297
875600971056922626
875601064161968128
875601075100721156
875601209435987972
875601281976459264
875601293863116800
875601344861675520
875601349035008001
875601367196344320
875601369473863684
875601427057360897
875601438554046464
875601439325732865
875601669832163328
875601850912751616
875601882567159808
875601892260274176
875601961566982145
875601996522205184
875602061827612672
875602136960126977
875602145151598594
875602187878936576
875602211908091905
875602325674483712
875602341906399232
875602372344528896
875602493979320320
875602516423041025
875602599021395968
875602601412186112
875602640045985794
875602646647816192
875602741577498624
875602752549801985
875602842320388096
875602863229067264
875602879066759173
875602902143778818
875602993814556673
875603021345968128
875603109342400512
875603135191949313
875603137981071361
875603222185910272
875603240368218115
875603268897918978
875603308383158273
875603431930515457
875603446417604608
875603457805123584
875603519608283136
875603580467662854
875603587799187458
875603598872158216
875603685467762688
875603707567546368
875603757219708928
875603813662457857
875603818297180160
875603890997149698
875603908315324418
875603940556947458
875603962073710593
875604046647672833
875604061893963778
875604074971910144
875604078939709440
875604145431957504
875604172250292226
875604237857599489
875604428429983746
875604434436345864
875604527566659584
875604615680540672
875604658533785600
875604689554886662
875604732609310720
875604732982591489
875604738762350592
875604745783619584
875604756198182913
875604792768217088
875604814540845056
875604830080729088
875604871629557761
875604915124555777
875605044862738432
875605070196297732
875605073841184772
875605090677039104
875605163393679361
875605261821464576
875605289248018433
875605330557718528
875605380440571904
875605562339213313
875605658137108480
875605738952970240
875606322237931521
875606330278502400
875606332191023106
875606373425270785
875606482514989060
875606512890019842
875606512135094272
875606518564962304
875606533752594432
875606541285466112
875606590342144003
875606618318057472
875606623875514368
875606651109163010
875606672596639745
875606713969238018
875606716112449537
875606904554246145
875606916021444608
875606947130621952
875607022942670849
875607063824449540
875607100507906048
875607250697465857
875607275141947392
875607279134887936
875607307853340672
875607341894205440
875607383224995842
875607439067930624
875607517518221312
875607524828774402
875607527018201089
875607674913566721
875608088832757761
875608106599723011
875608192457162752
875608262258737152
875608270785789954
875608278754930689
875608382509654016
875608408254103552
875608411404029952
875608419713007619
875608463220527104
875608533374427137
875608557319733248
875608663104172033
875608731341340672
875608838669348869
875608886635638784
875608888904527873
875608890850779136
875608892440313856
875608894352965632
875608900556345345
875608907971911682
875608928746328066
875608943585665024
875608956873261057
875608957032648704
875608962426560514
875609038762917890
875609065824567298
875609173035110400
875609259957829632
875609295923986432
875609321282781186
875609334507380736
875609475960389633
875609553257152517
875609602498285568
875609703794884614
875609749563129857
875609866424827904
875609935886786562
875609969869037569
875610090715217920
875610106074771459
875610130917634048
875610151142567938
875610262232903682
875610282399219712
875610301437050880
875610335738159104
875610393929842688
875610396652052480
875610442147667968
875610454827032577
875610459663081474
875610683596914689
875610701158424576
875610800550928385
875610809279184896
875611040892846080
875611054805368832
875611096136036353
875611112720392192
875611327686819840
875611451997642752
875611542825218048
875611599423193088
875611655484260354
875611754880835585
875611760945799169
875611836569100291
875611886498136064
875611911215226880
875612202090102789
875612297669992448
875612354267840514
875612506697248769
875612519628292098
875612565417545732
875612566159900672
875612650591277057
875612665904640000
875612666420645889
875612695482875904
875612695717855233
875612767796969472
875612944473575425
875612947199926273
875613032763674625
875613195846639617
875613306802679809
875613336708145153
875613376981876737
875613474155511808
875613525690863618
875613588328599553
875613642179334144
875613704645103616
875613723238383617
875613793396547585
875613817467621380
875613818361008128
875613901114572800
875613916751171584
875613920853020676
875614133915222016
875614153838284801
875614153221718017
875614170875478016
875614229381791744
875614577496436736
875614650229899264
875614665216188417
875614668454113280
875614678768001024
875614717158473729
875614718819418112
875614725291163648
875614945659961346
875615056188252160
875615059245805569
875615129915740160
875615176145252352
875615180700254208
875615181585358848
875615182524784640
875615185897111557
875615240905408513
875615253031141380
875615254658416640
875615266532597762
875615311596101632
875615324913025025
875615376897302528
875615376767197185
875615428319387649
875615453652992000
875615668229382146
875615838925012993
875615973046337536
875616055837642754
875616109528928256
875616235651649540
875616281688395777
875616318858248192
875616436101586944
875616450957811712
875616531815710721
875616564149534720
875616659045732354
875616753946050560
875616767917252610
875616936595513344
875617011946078212
875617082766905345
875617284584202240
875617388724535296
875617401814925312
875617420425089025
875617659743686656
875617704295645184
875617705562263554
875617854644600832
875617942766997504
875618140050280448
875618297466601476
875618307168059392
875618394308984832
875618503549632513
875618508477874176
875618572604551169
875618613469659136
875618617223659524
875618683422244868
875618694675562496
875618697867440130
875618935328038912
875619000062951424
875619069319303168
875619070061694976
875619103653765121
875619113132883969
875619247182856195
875619269056241665
875619297367805952
875619420600541185
875619450174676993
875619460408721409
875619697164664833
875619708606717952
875619717251178498
875619846448234496
875620008285454337
875620043274436609
875620100677656581
875620104465072128
875620163386695680
875620166893133824
875620221402337280
875620309281329152
875620324846354433
875620352981835777
875620376268595205
875620399228231680
875620414797393920
875620459831799808
875620464046915584
875620527284420608
875620538273550336
875620564450254848
875620631190028289
875620643579887616
875620713176195072
875620810584604672
875620949545975808
875621006538285057
875621063895302144
875621137962614787
875621163463958528
875621250386677760
875621263867232258
875621270338981888
875621378069635072
875621399993307136
875621405815062528
875621474064662528
875621475658612736
875621476153425921
875621484198219776
875621503382953985
875621592797134849
875621669087305728
875621697138810880
875621725932732416
875621802600419329
875621812469497857
875621891435667457
875621958221561856
875621964123000832
875622010289659904
875622021299789824
875622038727122946
875622099427090432
875622134038450176
875622206545436672
875622453531205634
875622512322674688
875622514415644672
875622641683406849
875622723640213505
875622745786036226
875622773661483008
875622787611639808
875622863880855552
875622953441820673
875623047222370305
875623223504666624
875623285790097408
875623308024139782
875623400244264961
875623446171967488
875623452681437185
875623472851963905
875623474072436736
875623479793532929
875623484478464004
875623485803962368
875623535871315968
875623662010769408
875623681967259648
875623833566273536
875623854839799809
875623881439977473
875623939912761344
875623967364530176
875623984490065921
875624002563080196
875624113687089153
875624192082714624
875624291030532096
875624379014496257
875624411872677888
875624418071924742
875624566315335680
875624589224693765
875624636511166464
875624685748105216
875624712230936576
875624784951779328
875624858675068928
875624904242089984
875625261923827712
875625327027904513
875625364818546688
875625412545568768
875625529616945153
875625596574777344
875625632490635264
875625640619200512
875625743799025664
875625804603940865
875625859528261632
875625863202480128
875625862443417600
875625984208195584
875626020857987073
875626031708643328
875626039484964864
875626070464094213
875626125447254016
875626164873641986
875626298759979010
875626377319403521
875626506424274948
875626516025032704
875626670715158529
875626731327045632
875626755935027200
875626763572748292
875626794996477956
875626797097828352
875626931001081856
875626941797212161
875627003227000832
875627205551730688
875627321742327809
875627350670532612
875627468635291648
875627525304532995
875627546498392064
875627682897080320
875627712836100098
875627728589934592
875627728506036224
875627763050229760
875627764874792962
875627767026466816
875627780020461568
875627802539597824
875627817345482752
875627872706117632
875627934995759104
875627936702791685
875628127644286976
875628168358510593
875628176172384258
875628196254728193
875628455198547968
875628476572647424
875628499171594241
875628560215441410
875628661646348289
875628662955008001
875628759713329156
875628770715090944
875628959404244992
875628986100875264
875629018455826434
875629045710372864
875629180775391233
875629190170591232
875629229471277058
875629263625494528
875629326498123776
875629358144143360
875629435000508416
875629501597732865
875629506005827584
875629556928991234
875629644061396992
875629648545144832
875629732775079936
875629737506242560
875629772742606849
875629847460040706
875629856519671810
875629869006073856
875629898953408513
875629909766356992
875629910487740416
875629934361755648
875630008798068737
875630011515981824
875630088787591169
875630136208441346
875630191703236609
875630193733320704
875630215174569984
875630221470310400
875630255377072129
875630257037950976
875630265187524608
875630315808604165
875630346737340416
875630414869610499
875630427750322176
875630471375237123
875630483429654528
875630539612405760
875630540224741376
875630648685350913
875630664938213376
875630713810206721
875630776762511364
875630793896230913
875630833943498752
875630918953705473
875630932996141057
875630943158927361
875630990051262464
875630993578708992
875631029679079425
875631030182477824
875631089578000384
875631097333260290
875631120213188608
875631165222174727
875631188118880256
875631206452174849
875631237263638528
875631287255552001
875631434270035968
875631452540424193
875631495532040195
875631517153677314
875631537533800448
875631547172270085
875631549412122625
875631578075889665
875631585248239620
875631592642822145
875631627879067648
875631629435260928
875631641019924480
875631680043667456
875631776747593730
875631776890101760
875631791150833664
875631805608607745
875631837778911234
875631869882126336
875631879436738561
875632039139057665
875632044038017024
875632236858556417
875632243082878976
875632271671181313
875632306240737281
875632344027103232
875632367464886272
875632424561946626
875632629747339264
875632665541595136
875632705815302145
875632798450597888
875632810278633479
875632814200201217
875632847930839040
875632890284957699
875632927916277761
875633148167454721
875633153691365376
875633182460084228
875633251749986305
875633472206913537
875633551953154049
875633569548296196
875633586157658113
875633620592934912
875633649420349440
875633712381140992
875633782195273731
875633932078731264
875633987745595392
875634056871813120
875634058826440704
875634059174584320
875634100094197762
875634153051406336
875634158793404420
875634395452809216
875634514332073985
875634586474106882
875634666287505408
875634750538399744
875634773263122433
875634819320827904
875634848831909888
875634900644151297
875634977974571009
875634988930056193
875635010161614848
875635038984863745
875635055627915265
875635056353492992
875635055762264064
875635084165914625
875635147650904065
875635213585362946
875635320833712128
875635328773521408
875635379893706754
875635477700792320
875635548286631936
875635548223815680
875635611465433088
875635613038292992
875635625356959746
875635693187289090
875635722186661889
875635736057335810
875635796895686656
875635811407900672
875635851807432705
875635855532015618
875635859374067712
875635880362360833
875635884506267648
875635900582998017
875635913392390144
875635962646151168
875635973190598656
875635976634224640
875636025023791104
875636045009666048
875636048843296768
875636075258986496
875636083517607936
875636088550825984
875636114605752321
875636120469389312
875636149615697922
875636154271318016
875636175586721793
875636191797719042
875636200081465345
875636224626573313
875636243362586625
875636283724357632
875636319698821120
875636358198345728
875636359116881920
875636373515943937
875636399323488256
875636412074217472
875636445481910272
875636466658942977
875636467539648512
875636472400945152
875636500133584896
875636513169580032
875636549941055488
875636557897637892
875636561576042496
875636564709093376
875636579024240640
875636584191635457
875636690915704832
875636736851714048
875636758053924865
875636772524367874
875636835992559617
875636863041589250
875636984621834244
875637046240395264
875637088598634497
875637234539536385
875637320271052800
875637362130169857
875637439561322498
875637458343387138
875637473027608577
875637482728980485
875637487506309121
875637495655915521
875637496767422465
875637620570603520
875637629135364098
875637633757569024
875637813089259520
875637947160084480
875638051552215040
875638091469398016
875638294461034496
875638327633825792
875638347732893696
875638353298735106
875638354292776965
875638394490994688
875638411343740928
875638481870966795
875638510329356289
875638771135295488
875638877972602882
875638906477092865
875638950462750721
875638969186172928
875638993043341312
875638996633739264
875639053617463296
875639089852067842
875639088937828353
875639090561130496
875639096093298689
875639115764465664
875639146911481856
875639176615444481
875639178045734914
875639234610184192
875639429766946816
875639514080751616
875639549795254274
875639608729522176
875639735498162176
875639898904043523
875639926708068354
875639944475049984
875640019980963841
875640043087446018
875640123982888960
875640139912851456
875640169029812225
875640207395012609
875640218551844864
875640300370145280
875640343697309696
875640346419408897
875640347350622208
875640349242171392
875640350324301824
875640436907327488
875640508437024772
875640513033981952
875640677018685440
875640679854030849
875640691174420481
875640704952803333
875640778290216960
875640782497038336
875640839833214978
875640853460537345
875640909810892803
875641049082810370
875641097648779264
875641116074287104
875641151595794432
875641263273295872
875641373612941320
875641385528905728
875641398191468548
875641547064188929
875641657093271552
875641679830581249
875641778539331587
875641809023651841
875641886911807488
875641953391591426
875641974027567105
875641993992351744
875642029300080640
875642107641217029
875642135935983617
875642135596355584
875642199626489856
875642234955104256
875642241582157828
875642249895268352
875642348243255298
875642374357004288
875642508218310660
875642539927232513
875642596743184386
875642697934962689
875642730990362628
875642746496704513
875642771511455744
875642773818417153
875642840532918272
875642864515993602
875642897109929985
875642914138800130
875642915975970817
875642955641495553
875642969482608640
875643035949842432
875643092455497729
875643104627261440
875643256347869185
875643359976488963
875643397721137152
875643423230840833
875643445557080065
875643446014246912
875643520572248065
875643647613485062
875643715913568256
875643807957516290
875643832892665858
875643838311710724
875644157628260353
875644183540662273
875644205355249665
875644217342566400
875644367699976192
875644401736744960
875644443021328384
875644498944049152
875644586428841985
875644594897076224
875644597728288768
875644624479465473
875644638190649346
875644643613876224
875644808760508417
875644816528297989
875644861898121216
875644878943690753
875644881976283136
875644911420297216
875644933482217474
875645043540803584
875645063463698435
875645090970062848
875645123429670913
875645177678798852
875645254002659328
875645292250411008
875645362219884545
875645382805438464
875645409477001216
875645411486085122
875645419543420929
875645470877466624
875645478800465920
875645502959755266
875645565966495744
875645645788332032
875645693213331456
875645768136146944
875645823467438080
875645837514129409
875645888047087616
875645900265213953
875645927838539776
875645950047301632
875646010147590144
875646083891736579
875646105928704005
875646246077083650
875646311067918337
875646333117382657
875646397617364995
875646430513315843
875646485739618304
875646519327694850
875646527611338753
875646565595004929
875646621328920576
875646639876079616
875646641923018753
875646755492184064
875646822873571328
875646895380602880
875646930038030336
875646964917952512
875646975726592003
875646998333972482
875647033175965696
875647076620681216
875647100691795968
875647149492494341
875647168823963648
875647169520295941
875647372138643458
875647394775318529
875647488010604545
875647577072427008
875647590062112768
875647656902533120
875647681305034753
875647704117919745
875647870220750848
875647874914172928
875647898431533057
875647920577458177
875647932279668736
875647953288839173
875648101305810946
875648128417792000
875648151432052736
875648175217942529
875648233065795584
875648235573878784
875648241328545794
875648259481509888
875648329232769024
875648343979941888
875648366624948224
875648386577256448
875648486561038336
875648533935800324
875648610314076160
875648665976582145
875648667037818881
875648805118423040
875648810453684230
875648859862519808
875648889524703236
875649036207800320
875649128998424576
875649150661967872
875649218593017857
875649243075063808
875649246648705026
875649392417492992
875649401347121153
875649436864479232
875649454254153728
875649543836127233
875649552920887297
875649627936010241
875649669866508288
875649675524583424
875649845180092416
875649849739272192
875649892596686848
875649942177464320
875649952533299202
875650091712774145
875650112038371333
875650292204699650
875650408231956480
875650411230748672
875650417262120962
875650430306443264
875650570593251328
875650571339837440
875650637224005634
875650757067915264
875650834981199872
875650836168269825
875650869978476545
875650872113455104
875650890924818433
875651022923776002
875651034563043328
875651087352578050
875651161889660928
875651485060677632
875651486910251009
875651671715532800
875651696247963649
875651710647123969
875651748311973889
875651767349911555
875651796563148800
875651821926207489
875651824065200130
875651855111438336
875651937722540033
875651941249933313
875652147538296832
875652171928174595
875652181466034179
875652210222223360
875652368288722944
875652571687407616
875652586380042241
875652678361075714
875652767624314880
875652772120612866
875652810431315969
875652821139333121
875652908062097408
875652926055735297
875652929469820930
875652933404082176
875652944024043520
875653190670106627
875653278998056960
875653350548660224
875653387999518720
875653468697935873
875653515691020288
875653573937315840
875653599866404866
875653624973598722
875653758855729152
875653801440444418
875653837918420993
875653844805468160
875653892381343744
875653896932163584
875654134564757504
875654179129245696
875654187224371200
875654188281339905
875654247559315461
875654252755943425
875654263036182531
875654312747192320
875654324579295234
875654459824652288
875654536722919424
875654650237558786
875654671804678144
875654695385157632
875654782853107712
875654856702181376
875654894652280834
875654988571082753
875655048914534401
875655086105444354
875655112600936448
875655277512544256
875655321913393152
875655325642129409
875655421536514052
875655511772766209
875655609869139968
875655619050586116
875655663732400128
875655668149170176
875655680761356288
875655699342139392
875655715771240448
875655736801415168
875655756355260418
875655867474993154
875655904955256832
875656020684558336
875656049054711809
875656083557109762
875656173789233152
875656184174264320
875656222489235456
875656246681944064
875656344044355585
875656451506618369
875656452903272448
875656461795438592
875656486894141440
875656492438831109
875656560785018880
875656565688213505
875656622487379970
875656707589812225
875656737159860224
875656762291961856
875656771817353216
875656779346067457
875656892655075330
875656957167681537
875656975023042560
875656992303357952
875657047517409280
875657064025956352
875657165196988416
875657206917726209
875657219391369217
875657313628995585
875657441081532417
875657486556114944
875657557980741632
875657618877849600
875657640075943937
875657675362639872
875657706060750848
875657738168160256
875657820116570112
875657889184141312
875657958851588096
875657963989499904
875658148123738112
875658218885611520
875658299999473664
875658371097145345
875658493319012352
875658567637794817
875658655445655552
875658673518817281
875658697422151681
875658727101259776
875658854297550848
875658872257748992
875658895536082944
875658907095416832
875658924250193921
875658936820441090
875658944890380288
875658987341008896
875659024594739201
875659146606985216
875659151476613121
875659170313326592
875659215578079232
875659216819826689
875659223635550208
875659225422221312
875659238886043648
875659249854156801
875659292338159617
875659337515118592
875659383413276672
875659418993610753
875659501881495552
875659513398927360
875659574996590593
875659592528785408
875659662657429504
875659792060215296
875659793008017410
875660013234077696
875660176656826368
875660206553923584
875660276925956096
875660289408196608
875660292818161664
875660297784184832
875660299709317120
875660314733416448
875660316398542848
875660317228924929
875660330403278850
875660351798489090
875660451417378819
875660461898969088
875660476037963776
875660531964682241
875660542693613573
875660545248165889
875660607999049728
875660615766990848
875660629234913280
875660710797332480
875660756813062144
875660805664112641
875660822646804480
875660905438208000
875660915093516288
875660974275088384
875661005757587456
875661137379045376
875661210326315008
875661229007585280
875661256866357248
875661500584775680
875661543853015040
875661575276965889
875661740083736576
875661748652699649
875661753362915332
875661766826635264
875661815052726272
875661845574627332
875662016983310337
875662036071575553
875662234961272832
875662384312061954
875662418592092161
875662487349108736
875662514356224000
875662553556410368
875662601522470912
875662614034042880
875662847539367936
875662929215008769
875662976732332032
875662982797295617
875662997175382016
875663153287360512
875663214868148224
875663224229777408
875663587691421697
875663706994208768
875663725977640960
875663768176513024
875663777324294144
875663865811435522
875663985277894656
875664018471620608
875664088130613249
875664101892030464
875664106828779522
875664109982953473
875664136688062464
875664136679641089
875664248067588096
875664254963265539
875664254204084225
875664258725552128
875664440720580608
875664459842367489
875664477127139328
875664550745448448
875664556927979520
875664596614471680
875664663073214468
875664719322992641
875664751707262976
875664776457850880
875664824256126977
875664881822945280
875665017877737472
875665332484153344
875665349336760321
875665376784379905
875665376771813376
875665422338732032
875665459345051648
875665464927686656
875665515397754880
875665516421107712
875665516475633664
875665517037662208
875665601708138496
875665798764822528
875665829576273922
875665835515420673
875665849788616704
875665851139141633
875665861255802880
875665879341649921
875665933221715968
875665949810200576
875665976221720576
875666136330907648
875666219436789762
875666220913225728
875666243231121408
875666262201860097
875666306078572544
875666397543768067
875666484982317056
875666489893933056
875666572135870465
875666673956728832
875666699072266240
875666829632524296
875666844228734976
875666874750685184
875666885395787777
875666901984325632
875667144587046913
875667165122351105
875667205605793792
875667236882714625
875667249910222848
875667267052294144
875667279979130880
875667335910182912
875667402352152576
875667431842295810
875667516827332608
875667563363041280
875667562608119808
875667587383873536
875667605436190720
875667607411732480
875667703448702976
875667762143735809
875667764391940096
875667784839122945
875667799947059200
875667891776962560
875667912983445504
875667983355588608
875667991119187968
875668024459538432
875668084446687233
875668152415395840
875668278789763072
875668293385900033
875668417394724864
875668436306866176
875668488966295553
875668543991316480
875668553835323395
875668585577947136
875668611616165888
875668693572870144
875668733058002944
875668777966346240
875668805124489216
875669042941526016
875669060272488448
875669112659292161
875669146121502724
875669192200073216
875669271636045824
875669287448530944
875669290820784128
875669293245091840
875669310999605248
875669429601935362
875669724625022976
875669754559815681
875669787149443072
875669812692824068
875670049683525633
875670163554750464
875670201148346368
875670233595473921
875670364717821953
875670445739167744
875670545962065922
875670546905747457
875670619349811200
875670623212752897
875670711163072512
875670715692974081
875670761972936704
875670794914988032
875670835960401924
875670931540258818
875670946279043072
875670953669390338
875670962812973057
875671030727159808
875671030748065792
875671038083960832
875671088063270912
875671204442648578
875671307337203712
875671376027426819
875671392737517568
875671488493486081
875671610673516544
875671635042414592
875671752239718401
875671785177366528
875671805654175744
875671808070086656
875671898318938113
875671927972605952
875671963892666372
875672057434054656
875672143740243969
875672193035898880
875672278775853056
875672290566000642
875672482128199680
875672675141779456
875672727235043328
875672777759576064
875672793119174656
875672921506684928
875673043573641216
875673083578896384
875673112175661057
875673112620089348
875673236230602752
875673297681342464
875673363624099841
875673446356856833
875673558390853632
875673632139300864
875673695234248704
875673816772608001
875673896355328000
875673902487412736
875673906199367680
875673948192739329
875673990223843328
875674022574510082
875674032552771584
875674042782674944
875674249003925504
875674254448222208
875674317702348800
875674328636981249
875674401945116673
875674416994234368
875674451916070912
875674490851741696
875674575308296192
875674670044938240
875674682036555776
875674682086887425
875674770846736384
875674918981181440
875674923120898049
875675005211881473
875675026439229441
875675088477192192
875675108186181632
875675159172177921
875675166201843712
875675296288174080
875675300029505538
875675329549004800
875675356149161984
875675446029037568
875675459299815424
875675559778557952
875675578283810816
875675582956220417
875675787176943618
875675817187188741
875675893255032832
875675910523039744
875675991460503552
875676003208749056
875676077120770048
875676127657951233
875676135627120640
875676180225171456
875676211086852097
875676209744678912
875676287939072000
875676328602750976
875676439126962177
875676509557731329
875676578918916096
875676732321406976
875676748268134400
875676758917365760
875676782321643520
875676836662960128
875676841541074944
875676854576959488
875676887900672000
875676918879748096
875676970520018947
875677004481388545
875677008189169665
875677058931859456
875677116867661824
875677177601241089
875677250557018112
875677307641450496
875677358765875204
875677367557132288
875677372611272704
875677457470369792
875677614316425216
875677759695179777
875677839420534784
875677892033871873
875677927760957440
875678086033002496
875678095424049152
875678097382756352
875678099484102656
875678102612983813
875678178194403333
875678277767020544
875678281047080963
875678392284262400
875678430125334528
875678567098712065
875678639727235074
875678800457203713
875678811983097856
875678826365427712
875678860637065216
875678895219068931
875679056091648000
875679068934504449
875679087301361664
875679163054796801
875679306491547653
875679317170302976
875679321461018625
875679327811235840
875679348644167680
875679416101294080
875679431796424704
875679488327266307
875679549744402432
875679564076285953
875679570598526976
875679622800842754
875679756703989761
875679769479847936
875679799662051329
875679934726975490
875679970655440896
875680150259630082
875680149538095104
875680219121799168
875680302886248448
875680324939898881
875680440966885376
875680461191880704
875680625323368448
875680796899717120
875680800146169856
875680864377737218
875680865648611332
875680881825992705
875680878810329090
875680894048251904
875681002278064128
875681127943593984
875681175058210816
875681192951021568
875681322735415296
875681405849808896
875681439773229057
875681509277151232
875681656912392192
875681673182162945
875681723161432064
875681814635044868
875681866040430593
875681871983775745
875681875532144640
875681878774358016
875682004011958272
875682027156197376
875682116335489026
875682143388786695
875682157443919873
875682216017309696
875682253803802624
875682331687825408
875682342026846208
875682365552644098
875682372401975298
875682406371663872
875682423991926785
875682488194134017
875682648789856256
875682740477341696
875682747540529152
875682815718957057
875682969809301506
875683041900990466
875683058720100352
875683124054773760
875683195164995584
875683235031904256
875683288580583425
875683333358977028
875683396697161729
875683420512321537
875683536010870785
875683634476396544
875683778605330432
875683893160157184
875683938513166336
875684066347110400
875684095598227457
875684107296157697
875684164879736832
875684224476565504
875684244047224833
875684280822845440
875684282026659840
875684292638121984
875684387186233344
875684390122262528
875684398057873409
875684431306125312
875684482946301952
875684493050486784
875684514965671937
875684551393259522
875684568141058048
875684580908568577
875684596410667008
875684601083179009
875684655160229888
875684683190849537
875684847104163840
875684908093644800
875684931686600704
875684997457485828
875685008262004736
875685039144566784
875685270158532609
875685358679281665
875685420109111297
875685574207819777
875685619544064000
875685625760010240
875685737819246592
875685788792520704
875685834011418625
875685934041374721
875686002672709632
875686113569947648
875686161921867776
875686214229164032
875686249226539008
875686250677760000
875686309846822912
875686433771720704
875686451358322688
875686472619364356
875686492819136512
875686500276609024
875686681537544192
875686770238779392
875686774890254336
875686859556491264
875686859480985600
875686919639896064
875686919484649474
875686981245833219
875686983670091776
875687180370399232
875687250474000384
875687285542486018
875687503130370048
875687627999117314
875687642427478016
875687718457675776
875687793346969600
875687839203295233
875687984183562241
875688029389815808
875688048092213248
875688164341551104
875688168187719680
875688200987193344
875688223321804801
875688227348369408
875688312966717440
875688438976188417
875688502264041473
875688508047978496
875688515107008512
875688525370404865
875688564943724544
875688721928126465
875688726516596736
875688742664757249
875688804010438657
875688814651592704
875688895920340993
875689002640211968
875689099042185216
875689117484560384
875689144206413824
875689220966428678
875689352613044224
875689418367143937
875689418404790272
875689429444243456
875689438076174337
875689445344890881
875689457516560385
875689511291932672
875689530908651523
875689600890621952
875689621279186944
875689804159176705
875689810899480577
875689860673220608
875689880789143552
875689898543636483
875690006744059904
875690057302257664
875690094925164544
875690097483681792
875690164517056513
875690251850854401
875690315084124161
875690315331534848
875690369073250304
875690396776583169
875690427432751104
875690449251569664
875690552481787904
875690642713739264
875690656097873921
875690662238322689
875690673738981376
875690679481110528
875690681561485312
875690746661281793
875690777770434562
875690841519665152
875690851078418432
875690858351407104
875690925187624962
875690931416170500
875691025242652672
875691031223840768
875691042510688256
875691123020357633
875691157250076673
875691289026719744
875691301521555456
875691379346853888
875691389090234368
875691427849674752
875691719395856384
875691799037267968
875691847158509568
875691887247720449
875691930742607872
875691940909600768
875692035885473795
875692111089119232
875692119649898496
875692200503496704
875692209798090752
875692219109224448
875692238847737856
875692324679974912
875692350726656000
875692406393405440
875692487091916801
875692718017662977
875692949035765760
875693014609522688
875693018262757376
875693172323647488
875693486393012224
875693490566508545
875693502511816705
875693560405925888
875693610137681920
875693617188405249
875693699652603904
875693806745784320
875693976187260930
875694002087055360
875694090964389888
875694131305230336
875694197214400512
875694198623797248
875694200934858752
875694205519134720
875694303439400961
875694359227899905
875694367750713344
875694382623707136
875694436273053700
875694456493703171
875694534310723584
875694538517602304
875694952738586625
875694957557952513
875694993138208770
875694997034684416
875695082355208192
875695157458481152
875695184889221120
875695257962381312
875695276182327296
875695296772222977
875695450518679552
875695532114685952
875695764063875072
875695793478537216
875695862248243202
875696105421500417
875696275710193664
875696299991064581
875696410137677829
875696437572644869
875696506073907202
875696575875616769
875696699804614658
875696711129346048
875696744914444288
875696813914959873
875696907338887168
875696947725828096
875696971679490048
875696973407547392
875697025777586176
875697092160892934
875697330879700994
875697527969992706
875697583448096768
875697632953462784
875697645456683009
875697664863678464
875697690503512064
875697753938157568
875697801241526272
875697840743428098
875697887832944641
875697900759777280
875697921236361216
875697981164584960
875698026924441600
875698040589475840
875698165374214145
875698240334725120
875698240796188673
875698352549187584
875698435277688832
875698534137438208
875698544048525315
875698558506332160
875698566660059136
875698633567547393
875698704132575232
875698932571148288
875699014062231552
875699230475669505
875699237232803841
875699292647903232
875699304400392192
875699364601225218
875699481546702849
875699552111689728
875699682739183617
875699695737241600
875699734308159488
875699782668480512
875699783012429826
875699831058071554
875699858316963841
875700097216131074
875700173820899328
875700201738170368
875700205869518848
875700250253635584
875700266879901696
875700323603681280
875700399369576448
875700442126221312
875700496459235328
875700545436221440
875700747769450497
875700751842115584
875700764802519040
875700828543340544
875700868703801344
875701000463581184
875701015441539072
875701059880189952
875701057732714496
875701068419747844
875701089596833793
875701114875891713
875701199508582402
875701237341200385
875701432258842624
875701509694029825
875701513284444161
875701540480323584
875701563901136896
875701580099600384
875701601217990656
875701607320702977
875701666850504705
875701716561387520
875701795888168960
875701845578190849
875701963572248577
875702031226249217
875702046577627137
875702149031833600
875702239645417472
875702301339660291
875702429098094592
875702434403889152
875702435372814337
875702457443262464
875702517291655169
875702522534662145
875702542113673216
875702564288909313
875702744102973440
875702786092130305
875702807415992320
875702849749102593
875702858993283072
875702973577535493
875703013704294401
875703102736879616
875703127906897923
875703261126426626
875703263072591872
875703263794012161
875703341703188480
875703346870575104
875703355175309312
875703438394494977
875703495000813569
875703512050671616
875703578408751105
875703639939198976
875703712529993728
875703788098564096
875703830004072449
875703849692037123
875703923885170692
875704074729140225
875704145579212801
875704185047699457
875704194384179200
875704283836162048
875704357001605120
875704504041304064
875704518260002816
875704576413970432
875704620294844416
875704774510993409
875704804147908608
875704866202673153
875704957449711616
875705016207757313
875705066556141568
875705106116861952
875705224752762880
875705242813431808
875705255211806721
875705445159186434
875705473655353344
875705496442949632
875705512121298944
875705521923399682
875705524788092928
875705690723164161
875705712428634114
875705727473602560
875705731386937345
875705795593338880
875705832360615937
875705832582909955
875705838790467585
875705842166894592
875705858688266241
875705931513901056
875705976053264385
875705982294396928
875706072350281729
875706077198864386
875706160409710596
875706259143622657
875706361555943424
875706461900427265
875706494435692544
875706503151439875
875706549423001601
875706595698765824
875706643526422530
875706668616646656
875706760887185409
875706781607002118
875706826230288386
875706872262782976
875706889006456832
875706907809509376
875707041767206912
875707041028993024
875707062289928192
875707088420446209
875707113414299651
875707122020962305
875707132578062336
875707160923168769
875707209916796928
875707213435809792
875707239239217152
875707332226842624
875707344394629120
875707361691914240
875707377705783296
875707493204332545
875707553946140672
875707595733991424
875707682824605696
875707792178466817
875707796238499842
875707810901876736
875707818501910528
875708036136001536
875708043689840640
875708056331538433
875708091521794048
875708113470578691
875708349257572352
875708398481928192
875708509123354624
875708659497619457
875708666682503168
875708779911839744
875708883892920320
875709053938409472
875709120653004801
875709168409300992
875709321048449025
875709378736914432
875709423838044160
875709529459224576
875709531241803777
875709552372666368
875709554453082113
875709553878470656
875709559561760769
875709608152715264
875709722900520960
875709840764452864
875709855956312064
875709937460154368
875709962944745472
875710068699709440
875710105706262534
875710225575268352
875710333691801600
875710377706889217
875710506581073920
875710519239475200
875710554060365825
875710562285506560
875710687892426752
875710745224392704
875710810097684480
875710857228976128
875710859690917888
875710869119918080
875711044034932737
875711077492838400
875711079271337985
875711140734611458
875711171118211073
875711174230323200
875711178688876544
875711209487695872
875711218199252993
875711223211360257
875711249425813504
875711287820529664
875711313091100672
875711337703276547
875711349011173377
875711425200742400
875711472286003200
875711503080587264
875711575847514112
875711580998164481
875711627584299008
875711687839678465
875711778256236544
875711787693486080
875711872330346496
875711885114519553
875711903892459520
875711920602591232
875711945034407936
875712102849236994
875712243819835392
875712263554035712
875712272949284866
875712283808235521
875712289046966274
875712318944006145
875712497797525504
875712511420637184
875712649471774722
875712666114949120
875712830904954881
875712849338785792
875713086421970945
875713101219471361
875713104340029442
875713117128450049
875713139660271616
875713238809415681
875713250326917121
875713290076389376
875713317884620808
875713331088080900
875713373866012672
875713407135174656
875713580649283585
875713584722006021
875713598923952128
875713678930321408
875713766159200256
875713841761583104
875713865308397572
875713926893273089
875713973596938240
875714078437765121
875714103326646272
875714109270110208
875714116538834944
875714117277020160
875714268599078912
875714326241456128
875714373825830912
875714429752664064
875714504616804352
875714508085497856
875714556768780288
875714565434204160
875714590054731776
875714598459944960
875714678319697923
875714727799922689
875714811182632960
875714826785492992
875714884775936002
875715070394847233
875715090573668352
875715102208647173
875715238783483905
875715364620992512
875715401820319747
875715409529516032
875715430580719616
875715453015994370
875715472712495105
875715508749914112
875715514533896192
875715525090914305
875715691399319552
875715841542770688
875715845808410624
875715846542438400
875715848178216960
875715894256840704
875715903006093312
875715912988545026
875715913315737600
875715927622512640
875715930243858432
875715981540286465
875716003623305216
875716012221624321
875716061160775683
875716073714331648
875716088855576581
875716271823835138
875716295219654657
875716329822715906
875716342946594817
875716350056030212
875716415919202306
875716450522148866
875716614410338304
875716659629174784
875716701152841728
875716745679568896
875716767305347075
875717059161841668
875717072805928963
875717084856143872
875717128745361412
875717162589204480
875717202011447297
875717219455520768
875717295976443904
875717318436823041
875717509831434240
875717526524760065
875717598096306178
875717647496818689
875717656149721088
875717673719656448
875717749514915840
875717801977282560
875717803172659200
875717897808625664
875717909070336001
875717990918049793
875718006147567616
875718039957893120
875718182169976833
875718574396125185
875718606050480129
875718653647482880
875718701252845569
875718717782577152
875718794433503232
875718863622733825
875718922196090881
875718954177748992
875718968107036672
875718978416586753
875719000155664385
875719016697999361
875719042740494337
875719044376268800
875719258088632321
875719302414028802
875719360043786241
875719408412446720
875719425491705856
875719428821962752
875719452855283713
875719584422264832
875719617133596673
875719621445287936
875719708984717312
875719748566253569
875719780241690624
875719815209603072
875719838391578624
875719861531443200
875719926388011008
875719949003763712
875720078209282049
875720111176503297
875720122907971585
875720215300108288
875720241216495621
875720263329034241
875720293989351425
875720319344013313
875720472809402368
875720553612681217
875720559576928256
875720612819369984
875720615906430976
875720665004990464
875720693228470272
875720751692873728
875720782781046785
875720793984028674
875720921348177920
875720937664114688
875721087669161984
875721205088751616
875721311552667648
875721543015428096
875721583616282625
875721633088057346
875721915184234496
875721930787110913
875722136417161218
875722136966615041
875722138438774784
875722247708835840
875722274137100288
875722340184842240
875722405099995138
875722430060400640
875722457864384512
875722516232359936
875722545928044544
875722709765955584
875722794956443649
875722797766651905
875722918063484928
875722961604530177
875722982433460224
875723094140358656
875723109546033153
875723127707361281
875723147772919808
875723149769408512
875723176822624256
875723230744641537
875723234414645248
875723427847524352
875723524601782274
875723559888441345
875723619757936641
875723623063064582
875723665735917568
875723703128117249
875723865158295557
875724027842764801
875724236228370433
875724254632972288
875724531217952768
875724546183135232
875724566919880705
875724582774349825
875724581197283328
875724648037498881
875724967584956417
875725016402472960
875725211613757440
875725250343915521
875725421094072320
875725435803447297
875725446188609537
875725611771330562
875725629718659074
875725748878880768
875725913408851972
875725913912201216
875725952403329024
875725970237292546
875726043419742208
875726079264264192
875726229449605127
875726245316743168
875726276170067968
875726315185467392
875726318586998785
875726332986089472
875726397427384321
875726495477633024
875726577824403456
875726596145020930
875726693721419781
875726710112759808
875726712595730432
875726733760188416
875726791457034240
875726896310484993
875727041798311936
875727069761740800
875727150573375488
875727191404838912
875727201857089536
875727221067067394
875727231817060352
875727237970055171
875727267753754624
875727297172701184
875727338545328129
875727365153988610
875727383189495808
875727442186563586
875727452814929920
875727474985971712
875727566933561346
875727622277386246
875727657236914177
875727673917677569
875727681777696769
875727701088370689
875728150549995521
875728159924256768
875728204513902592
875728426124095488
875728429286608896
875728456650280961
875728473431711745
875728542356705280
875728601232138244
875728898385903621
875728917700759552
875728944577818626
875729019756589056
875729091751817217
875729108294135809
875729160098000896
875729226426699776
875729331460374529
875729340998266880
875729371771875328
875729443762962432
875729455104368644
875729557621538816
875729594892120065
875729619965665280
875729689251328002
875729691101077505
875729696197152770
875729700060057605
875729746008563713
875729842356006912
875729933997363201
875729937998721025
875729955602259968
875730062636572672
875730068861046791
875730217905664002
875730223521710084
875730241615831040
875730301443608582
875730332057833473
875730373338161154
875730399976148992
875730405671944193
875730441264934912
875730484738883585
875730544960688128
875730581337800706
875730799840169986
875730862410797056
875730902474780672
875730946464632832
875730950264676352
875731070469230592
875731133518028801
875731136445657089
875731300686147584
875731370085154816
875731505942855680
875731559042646016
875731590931927041
875731655805325312
875731745085284354
875731869446361091
875731972051668992
875732016418959360
875732097679343616
875732102775549952
875732374432120832
875732384397885440
875732391754686468
875732402559225856
875732443164225536
875732466232905728
875732603327959041
875732673221861377
875732783267794944
875732907171696640
875732961815089153
875732961873809408
875732995805728768
875732992257380354
875733042534510592
875733050629525508
875733137933860869
875733159991705603
875733190094327809
875733199514677249
875733296679923712
875733334906810369
875733450480914432
875733586485399552
875733617510678529
875733624343199745
875733753783627777
875733776755830785
875733787795173377
875733959249977346
875733970905903104
875734004682686465
875734010059771904
875734054775250945
875734062471815169
875734128175398912
875734143526510595
875734154582929413
875734217291943937
875734406794801152
875734422619860992
875734430274523137
875734428529590273
875734486587191296
875734523107037186
875734605504143361
875734638853058561
875734644876038144
875734709036351489
875734721459892224
875734723867402240
875734804343517185
875734855048347653
875734858269511681
875734889550761984
875734902574129152
875734994261606402
875735042416402434
875735046627491840
875735111328780289
875735161173929986
875735225447440384
875735472064126976
875735546311651328
875735611608637441
875735686464364544
875735747222880257
875735805997789185
875735902684934144
875735948834856960
875736177806069760
875736203299041281
875736249801244672
875736287902408704
875736313156317185
875736389207371776
875736414985625601
875736519239241728
875736631675936768
875736678098501632
875736687158190080
875736735556268032
875736751670792193
875736781265788928
875736889969573891
875736916896952320
875736929450557440
875737048476418052
875737088594980864
875737241766682624
875737265145868289
875737308946890752
875737349610762240
875737434646089731
875737602061717507
875737802079686656
875737926369497088
875738140815880194
875738246403293184
875738280779698176
875738292263673858
875738339420360706
875738361612447745
875738392839020544
875738448157700097
875738542198198272
875738619960602624
875738631058604033
875738793621508096
875738879474757632
875739028158652417
875739171696107522
875739300859609088
875739314759585794
875739380329189376
875739434943213570
875739526425194496
875739592103690241
875739634940215296
875739649007923200
875739758189846528
875739807477059584
875739862254661633
875739998389026816
875740083533623297
875740125224984576
875740274059825153
875740422580174848
875740474727911424
875740583108726784
875740584144773125
875740605355372545
875740641434750976
875740788277248001
875740843331727361
875740896721088512
875740945102360576
875740987213131776
875741012676804610
875741014329262080
875741005521092608
875741024022298624
875741052275130368
875741066825261056
875741085301170176
875741110123073536
875741223054708736
875741235176255488
875741349517111296
875741358702637057
875741376163586049
875741436729282560
875741441699479552
875741655818784768
875741731853127680
875741804674633729
875741860605636609
875741928825868288
875741934664404992
875741945724841985
875742050527858689
875742090285780994
875742187656323072
875742255356809217
875742265968349184
875742294078631937
875742302693711872
875742370666512384
875742380657455105
875742447753719808
875742456758882304
875742468398092289
875742503865135106
875742607665659904
875742650430701569
875742685352660992
875742786523467776
875742983127052288
875743075133513728
875743138626908160
875743157060739072
875743288007041024
875743332982546432
875743335088087040
875743368713822208
875743482979262464
875743560615833600
875743603016028164
875743630505410561
875743751565717504
875743760096919552
875744025306943488
875744040691654661
875744082525605888
875744192982659072
875744505491804160
875744551524237313
875744569702453248
875744575255707648
875744629001420801
875744661721276417
875744734244941825
875744758790049792
875744787587923968
875744789211357184
875744793770512386
875744796526211072
875744815400583173
875744825571782656
875744869637132288
875744910267305984
875745080333787136
875745173715681281
875745209845522433
875745235514662913
875745275725225985
875745285003124736
875745288954269697
875745305588711425
875745395858714625
875745491853742081
875745523055120384
875745550435536896
875745648066297856
875745650381553664
875745720925655040
875745799493300225
875745827628691456
875745857991266305
875745956792291328
875746003701428224
875746071271616516
875746077504413697
875746097024643072
875746246778114050
875746251291197442
875746276343762945
875746325731491840
875746338801143813
875746463418126336
875746475145396229
875746513221283841
875746516727627776
875746573375881217
875746684944384001
875746785741991936
875746795682504705
875746796445855745
875746826997116928
875746944341168129
875747075614441475
875747093146685440
875747266413330432
875747297841295360
875747301905637376
875747301599453184
875747304971661314
875747504725401600
875747518247776256
875747738020970496
875747764214386688
875747830782189568
875747865150337024
875747984218222592
875748053935894530
875748154502762498
875748157497520129
875748233129099265
875748264024440832
875748332597108737
875748506757193735
875748773854670848
875749011482914816
875749093892661248
875749120346030080
875749150083731457
875749189291999232
875749409669206018
875749575419719680
875749578385051653
875749597980884993
875749811894353921
875749854173171713
875749957940256769
875750043155918852
875750230645518337
875750234265145346
875750303185948677
875750460757610496
875750584099500034
875750589166125057
875750645294182400
875750682623606784
875750952594276352
875751089836052480
875751146471796736
875751160061337601
875751331750756352
875751438936354816
875751461027803137
875751492745134080
875751559409397760
875751579722403841
875751655635128322
875751667429507074
875751701193658368
875751780092661762
875751854801551361
875751865790713856
875752083638673419
875752134272307200
875752155168350210
875752221828415489
875752248873234432
875752339898077184
875752345216438275
875752480524685312
875752515253538816
875752589891186688
875752750168109058
875752817935437824
875752859320451072
875752941679988736
875753041181454337
875753301907824644
875753302675177473
875753312234164224
875753316063617024
875753367867469824
875753422464700416
875753486553669632
875753493755199488
875753546490269697
875753549317255169
875753590199132162
875753593978183680
875753594544414723
875753595664289792
875753630191816705
875753660126547970
875753686588428289
875753734265090049
875753845057572864
875753869665599488
875753877357899777
875754213141340161
875754263733035009
875754278081703936
875754490690973702
875754537688150016
875754610866237440
875754645322420224
875754833835413504
875755072231288838
875755081597145088
875755133656735744
875755144511537152
875755148269821952
875755241681149952
875755435223023618
875755448955228160
875755472263028736
875755525878816768
875755641285083136
875755678643761152
875755714278567936
875755740413272064
875755743424778240
875755861855043585
875756230593138688
875756323882881024
875756356904636416
875756427326967809
875756495249526784
875756565055320064
875756624014712832
875756730663059456
875756946716053504
875756970866876416
875757169714618368
875757257849536517
875757367178166272
875757399336001536
875757464989429760
875757601677553664
875757737627594752
875757745064083456
875757835002535936
875757853264535552
875757871279034369
875758061457113088
875758232802738176
875758389367885829
875758463565127682
875758464483688449
875758520905420800
875758560298323968
875758622181130241
875758629009461249
875758683376013313
875758723989479424
875758732143099904
875758910052937729
875758919741693956
875758979447697408
875759188554678272
875759283111067648
875759307882713089
875759437511884805
875759491790381056
875759689677537281
875759847874187267
875759848297820161
875759882946859008
875759888978378752
875759890626748416
875759891276853248
875759891838906370
875759892954587137
875759951402192897
875759958889037826
875759960071839744
875760009224880129
875760068179963904
875760095233179648
875760118683619328
875760152263241732
875760173700317185
875760245221580801
875760341866749952
875760458493513728
875760460863340546
875760464478842881
875760514080571392
875760649736945664
875760693781442560
875760962464354310
875761023667625984
875761100125593600
875761125626871808
875761127447199746
875761143066886144
875761227347185665
875761235400294401
875761420276817920
875761529194414081
875761919340285952
875761984599457793
875762015654096897
875762035140775936
875762042040352772
875762203114209280
875762376842371072
875762594346356738
875762633718280192
875762683416637459
875762801872187392
875762927961231361
875762942989303808
875762958655270912
875762958646657024
875762967937032192
875762999205785601
875763050900463616
875763180508786688
875763211332669441
875763266827546625
875763319386378240
875763430413787138
875763465050365952
875763712572960769
875763803018973185
875763806701531137
875763860367708161
875763937442242561
875763974532460544
875764025568768001
875764225930665984
875764272873312257
875764288350236673
875764313440624640
875764396605288448
875764541757562881
875764569393836033
875764917193846784
875764917592305668
875765013348319232
875765152838275072
875765181598531585
875765200418426880
875765239723196416
875765331406598146
875765585187135488
875765637959778305
875765666745245696
875765796697509889
875765821464858624
875765906063994880
875765921217904644
875765935713402881
875765971251851264
875765974997360640
875766024477474816
875766098230202368
875766122410377217
875766150168272896
875766177213165570
875766178815365120
875766221504958464
875766244229689345
875766308561989635
875766331760660480
875766379177279488
875766483984535552
875766489235812352
875766508433149952
875766520068100096
875766524547649539
875766660854153216
875766678591852544
875766686548447232
875766746120114176
875766801312997376
875766809177333761
875766839380516865
875766914429145088
875766940110901253
875767027511832576
875767104045293568
875767192926777346
875767208453881857
875767220927733760
875767230239092736
875767442169098241
875767506102890497
875767536243093505
875767549534892035
875767743596908545
875767790376013824
875767813193052160
875767867672862720
875767887029571584
875767894369587200
875767953714802688
875768058542993408
875768064767340545
875768324990390272
875768507409018880
875768668340269058
875768727563902976
875769045710249984
875769071643578368
875769219052437504
875769282763911171
875769610112442368
875769622531891200
875769755835277314
875769793852342272
875769884004798464
875769946223071233
875770249202806784
875770269763342336
875770449694789632
875770628409839616
875770698643394560
875770784387649536
875770995692498945
875771035009912834
875771170339127296
875771213821423619
875771322571345920
875771388463902722
875771506302824448
875771523285602306
875771739535360000
875771832548327424
875771938609799168
875772101155737600
875772284673413121
875772295675031553
875772350138130433
875772384845991936
875772489380528129
875772648193757186
875772718846808064
875772892058988545
875772940746334209
875772951811031041
875773092160786434
875773224151379968
875773474945585153
875773582009397248
875773702553690116
875773834087079937
875773836800688128
875773915309670400
875774239953092608
875774240536100865
875774512121491457
875774607835488256
875774682011766785
875774806834151425
875774921519005697
875774941920202752
875774988892110849
875775194618634240
875775465000247296
875775528829042688
875775544725340161
875775599478018048
875775655891394561
875775694160179200
875775773512171520
875775779451392002
875775780332163073
875775787407990786
875775899500728320
875776001338474496
875776022888763392
875776094716252165
875776447184592905
875776535734648832
875776545075466240
875776584237580289
875776617133613056
875776650952232961
875776708179316736
875777085461204992
875777265501601793
875777347835887617
875777502450417665
875777522834825218
875777870605561858
875777936493817856
875778155558166528
875778164684881920
875778338870177795
875778358654664710
875778596249509888
875778858754215939
875778898298122240
875779187734446082
875779190972452864
875779287575658500
875779297830723584
875779318391205889
875779332559564806
875779493096558595
875779589427126274
875779668061847552
875779708792840193
875779988456435712
875780014150737921
875780036829339650
875780056995450880
875780067065974785
875780075668492288
875780592247463936
875780667988205569
875780753958854657
875780758736166912
875780842261536769
875780920619479042
875781010490896385
875781118519279616
875781244067434497
875781506412806147
875781678496698371
875781786072006657
875781854237995008
875781875809255424
875782015081172992
875782063940612097
875782067686191104
875782137898774532
875782188637327361
875782203287814144
875782226604171269
875782283646705665
875782377980559360
875782464525959168
875782526639517697
875782536076693504
875782541646671872
875782618675126272
875782724904157184
875782751596814336
875782811839590400
875782912549040128
875782959600676864
875782967846719488
875783088747548673
875783090270031873
875783134033346560
875783170435821569
875783173522829312
875783219312021505
875783229156073472
875783291240099841
875783328187723777
875783472312463364
875783603866808322
875783704186146816
875783927256035330
875784071242297346
875784112941838336
875784209759170561
875784275617959936
875784579197665281
875784650194649088
875784911113908224
875785046568951808
875785090860756996
875785118249607168
875785147324542976
875785165120954368
875785260147101696
875785271022899201
875785293781241858
875785604210053120
875786054678261760
875786088568115200
875786104036839424
875786141571702790
875786185305673729
875786207959154688
875786218004512769
875786266188632064
875786337911267329
875786427296079872
875786561346056192
875786596196524033
875786715025297413
875786737930338305
875786997272543238
875787023352725504
875787075412533248
875787104302886912
875787127941943296
875787183134834689
875787200545345536
875787531459186688
875787533145309185
875787581665009665
875787636409085952
875787665043488769
875787812116852740
875788217932554240
875788301223043072
875788390884454402
875788410941718528
875788594664943617
875788742048587776
875788826987384833
875788848319614977
875788931794702337
875789052682928129
875789103689863168
875789186879631361
875789244643540992
875789269742350337
875789280483844096
875789492581543936
875789599909564417
875789682700943360
875789845855166464
875789894110646274
875790009701285888
875790084582236160
875790093394509824
875790163800199169
875790190064697344
875790203692175361
875790222407196673
875790407971504128
875790410869870592
875790431715569669
875790518978060289
875790599231684608
875790772909490176
875790796783579136
875790830493200384
875790937921802240
875791007127920641
875791149033639936
875791164674367489
875791167841079296
875791240641622017
875791255355228162
875791269557149697
875791273994727424
875791278541242368
875791337681035265
875791376431984640
875791434674208768
875791514399645696
875791541532368897
875791647740760065
875791653432373250
875791754586464256
875791787956162560
875791829366706177
875791844952739840
875791898639839233
875792066982400000
875792068383297536
875792089354784773
875792090315313153
875792164890062850
875792353902067712
875792357098233856
875792374043103232
875792566267949056
875792618105573378
875792618642440192
875792790277541888
875792840005169152
875792908552724482
875792980325564416
875792996884721666
875793042829058048
875793330109657090
875793406466768896
875793500704571392
875793580182450176
875793699636105217
875793742002827265
875793970764419072
875793973146726401
875793985133977600
875794136380694528
875794205788053505
875794224523948032
875794266043199488
875794322356097025
875794560663908354
875794868693553158
875795023434047488
875795045181513729
875795109664739329
875795114983116800
875795118737018880
875795159497265154
875795247435046913
875795400740962305
875795438854688770
875795541480935424
875795620270944257
875795634116321281
875795812890050561
875795995870846976
875796195909787652
875796260728516608
875796638606012416
875796667597041665
875796809314185220
875796879048675328
875796924963708928
875796949798076417
875796977841303552
875797045814202371
875797061026885633
875797069759381505
875797338241028096
875797351486640129
875797366523277314
875797379961815040
875797429165142018
875797498828345344
875797528633106432
875797593384734721
875797717443907584
875797752281800704
875797945953681408
875798103131127808
875798133070065664
875798151545933824
875798266742534146
875798328327491584
875799018437312516
875799082505297920
875799142706098176
875799296154775552
875799390312595457
875799631346769920
875799668944502786
875800006086799364
875800254574202881
875800420173709313
875800469611970561
875800487622324225
875800577929871361
875800704920760322
875800763884335104
875801235605073921
875801508058722304
875801527545417730
875801655207485440
875801665416429568
875801835189219328
875802090626482176
875802152203145216
875802194397868033
875802280070705152
875802300324950016
875802465547026434
875802758271709185
875802955500466176
875803419012935680
875803490341314564
875803768922804226
875803789550383105
875803831078178818
875803832256790529
875803900032495617
875804157806088193
875804241641840640
875804500430385152
875804516117082113
875804518604300288
875804520458178560
875804550988525569
875805001020559360
875805140032393218
875805292562452481
875805490370027521
875805569348775936
875805711472656384
875805716531097601
875805783170072576
875805844604104705
875805984198885376
875806121461772289
875806230715015168
875806237908185088
875806657321865216
875806730202034177
875806914982150149
875806983743516673
875807019877490689
875807111984369664
875807133207584768
875807147384344576
875807150681055237
875807222223130624
875807431074426880
875807633697058816
875807920629350404
875807967723081729
875808010618253314
875808163420884994
875808206462885888
875808263127871488
875808663570665473
875808680511492096
875808958522552320
875808961626349568
875809274793951232
875809273372188673
875809528830455809
875809557334945793
875809797370556416
875809824298196992
875809876345335808
875810027084414977
875810116683137024
875810218558574592
875810220307513344
875810379905081344
875810546532175872
875810833917505536
875811159206752257
875811163954704390
875811253100347395
875811352518037504
875811714188681218
875811987544055808
875812088387702784
875812101318742016
875812120654434305
875812199440273409
875812254410735616
875812293916938245
875812409486655488
875812429858516992
875812519134285824
875812636918775808
875812682968051713
875812723531145218
875812801486487556
875813313225129984
875813390152814597
875813951174565888
875813956153204736
875814023488565253
875814391240953857
875814415920222213
875814927583379457
875814928510267396
875815246367162368
875815248523145217
875815250418966528
875815641898504192
875815888565522432
875816041955328006
875816357589385216
875816425348370433
875816509058293762
875816686741594112
875816926542430208
875816964249329664
875816985896128512
875817006746009601
875817190787821569
875817226212954114
875817767680835584
875817808768192517
875818594013253632
875818712657539072
875818736829313027
875818861949583361
875818927225544704
875818940215291904
875819601287933953
875819883291967488
875820236381069313
875820295881359361
875820374474321923
875820534004666368
875820581928796162
875821049262342144
875821382151659520
875821541346471937
875821544274100224
875821701233348608
875821825070182400
875821900278226944
875822023011950592
875822251324702720
875822315421958145
875822359718096896
875822603230949377
875823337758494721
875823535083716608
875823902391447556
875823905629495296
875824164254494720
875824236962742273
875824316541259778
875824766418124805
875824858021715968
875824887834849280
875824999755591680
875825007548653569
875825036371927046
875825067606913024
875825164986048512
875825315922268163
875825624891490304
875825670739329024
875825680184987648
875825743858741248
875825829418332164
875826070251065345
875826084973088768
875826151465394176
875826880334770176
875827289396740097
875827448855887872
875827771385282560
875827831695056896
875827833452584960
875827860258390016
875828083043049472
875828245668786177
875828473960566785
875828486610583554
875828666688786434
875828719142752259
875829144743026688
875829359973740548
875829897763147778
875830052168105985
875830241490604032
875830351842734085
875830852336455680
875831003478151170
875831016178552832
875831133954560002
875831195476557824
875831812899078147
875831864627429376
875832484453330945
875832767350747136
875832765673078784
875833422090039298
875833783597101058
875833822700593152
875833992704139264
875834072324505600
875834125076365313
875834127425175553
875834619010191360
875834660839927808
875835039694688256
875835170024296448
875835889066418177
875836146860924928
875836217220370433
875836410967838722
875836893098897409
875836948564381697
875837312676110336
875837432159232002
875837661784788995
875838290473107456
875838460803915776
875838597693411331
875838794947276805
875838873548582912
875839020764475392
875839055505879040
875839100791730176
875839725399158784
875840189284757504
875841090628268032
875841131224985600
875841512692752384
875842540225912832
875842807143034880
875843997599756288
875844360230850560
875845238350381058
875846584159928320
875847228618878976
875847365915267073
875849544222814208
875849596974575616
875850481666588673
875850483717603332
875851234279923716
875851905892835328
875852344470188032
875852396420878337
875852851528052740
875853611070304256
875854836583079940
875856320829825024
875856389511536640
875856402799095809
875856739945635841
875856985727668224
875856993969471488
875859090542604289
875859097127702528
875859130849906688
875859219441963008
875859308449320960
875859350568316928
875859671957032960
875859771655696385
875860138489516032
875860156457922563
875860350536757248
875860455138492417
875860545102073856
875860962917711872
875861182057504768
875862135447977984
875862378725953537
875863372650164225
875863433631191044
875863879477231616
875864112152051712
875864208667283457
875864546900140034
875864621244178432
875864779608514563
875864797698543622
875864814274457601
875865467264663553
