842299566355582976
842299787181465600
842300713585803266
842300727187914752
842302140953567233
842302945957974017
842303034516484096
842303079194206208
842303165785636864
842303281711968256
842303530874593280
842303593470410752
842303783417843717
842304155419054080
842304179485962240
842304325695229952
842304337837711360
842304413159022593
842304902722392065
842305079692668928
842305212517875712
842305246286233600
842305723560259584
842305728840900608
842305922630356992
842305969002541056
842306025608884228
842306123122245632
842306424332005377
842306478258180097
842306524777177089
842307012092387329
842307207609913344
842307436606283776
842308090808672256
842308261999181824
842308347307139072
842308401719844864
842308591096860672
842309328103170048
842309413469851649
842309628969029632
842309762184298496
842309974231511040
842310061628239872
842310618963165185
842311066919026688
842311154231844866
842311278911754240
842311420775661569
842311461582057472
842311583602745344
842311913417633792
842312038198173696
842312220465860608
842312375395094528
842312527010779136
842312704845066241
842312862638964737
842312928544059392
842312954380988416
842313101122899968
842313259072028673
842313457156427776
842313499208380418
842313648819298305
842313749658771456
842313888225996803
842313898040664064
842314222881103872
