852974783809585159
852975045907554304
852975237142589442
852975463781761029
852975625509974017
852975690882449409
852975974165524480
852976481789767681
852976611196456960
852976713206202368
852977011106729986
852977166899974145
852977214895398912
852977326698770434
852977559004483585
852977648951328770
852977700709052420
852977768405008385
852978176401780736
852978276641513476
852978340101320704
852978384456044548
852978621115498497
852979069029412864
852979494369492992
852979826164207622
852979863044710401
852979895286325252
852980059191246848
852980241152790528
852980638156279809
852980879559454721
852980923448643585
852980938137055233
852981000074399744
852981451847020544
852981708379090945
852981776297455617
852982057529749505
852982515249950720
852982862391517184
852982874034798593
852982889105035264
852982898907111424
852982942477561862
852983127337312256
852983356719497216
852983519878029312
852983739433005056
852983739844055043
852984006970834948
852984448278827008
852984575823417345
852984710900981760
852984833647226881
852985191450779648
852985257280380929
852985297738633217
852985331871883266
852985336020041729
852985374951563268
852985407985856523
852985410070470657
852985492400467969
852985504551383042
852985533907308548
852985553251422208
852985575535779843
852986185874112512
852986380053557248
852986937917005824
852987247406321665
852987528177213440
852987559584116736
852987743592493056
852988032257077248
852988342232903684
852988592855146497
852988758400143362
852989006371577856
852989196130275328
852989444038811652
