885650054010122241
885650741058293760
885650767113326597
885656352009457664
885656605928325120
885656869825597441
885657932481908740
885662380742627330
885663787184992260
885665146676289540
885665947675185152
885666925312962560
885668576753061888
885671397141467136
885671995333017602
885672027901788165
885672608519393280
885672726454820864
885673876109348864
885674299511762944
885676592864931840
885677772302974976
885677990167932928
885678154349760512
885678272465522688
885678332154699776
885678348524978176
885678383580930049
885678835898777600
885678869495328768
885679278171373569
885679327496503298
885680110183034883
885680118810648576
885680251224809473
885680281696567297
885680943284928512
885681156120879104
885681219496681473
885685688150237185
885686961402298368
885687085172183040
885689194902716416
885689598436720640
885689604858236928
885689624252862464
885691398787387393
885695017351860225
885695346537529346
885695641091026944
885697408708956160
885697545510539265
885697574551867392
885699422742564864
885700380125941760
885700774071848960
885701679286321152
885702475386421248
885702972025524229
885703564777070592
885703704183263233
885703729630109697
885703905870573568
885703907070140416
885703967031906304
885704874167611393
885705121572814848
885705151151058950
885705208642359296
885705222512930816
885705266695634944
885705413500522498
885705453564436480
885705953617817600
885706574186020864
885707054245085184
885707928413421568
885708042355867648
885708165555376129
885708201450237952
885708218202296321
885708922002092033
885709003073794049
885709368183750656
885709756505010176
885709966882914304
885710117588676608
885710247591006208
885710349617573888
885710449890783232
885710645454307328
885710679247925248
885710877231648769
885711244887543808
885711270963552257
885711322603761664
885711435707363328
885711633112289280
885711905280716801
885711923718889472
885712090941591552
885712189654519808
885712461143441408
885712760553844736
885712916493860864
885712962635259904
885713122245435392
885713290260774912
885713457454231553
885713479394500608
885713493080584192
885713694256222209
885713803324870656
885713833137811456
885713883629015040
885713918563426304
885714024565964800
885714128807092224
885714142757363712
885714198294142976
885714230388895745
885714286420611072
885714376170377216
885714490519638016
885714704798187520
885714800252157952
885714843583610880
885715271314493440
885715279325667329
885715314297667584
885715457378062336
885715469725990912
885715480119566340
885715499144937472
885715570561351680
885715598960975872
885715857137184772
885716042336620544
885716154928517120
885716393454440448
885716427147059200
885716445992243200
885716475146780672
885716582164463617
885717253894922240
885717265404100608
885717325458092032
885717422086508544
885717793089499137
885717802987921408
885718226419757056
885718242555305984
885718646189850624
885718710169870336
885718923433451520
885719093868974080
885719395867267072
885719409762893825
885719747719045121
885719760985407488
885719795139837952
885719822197248000
885719858960228352
885719916158083072
885719920985726976
885719930422865920
885720040456278016
885720088372015104
885720163097509888
885720276721430528
885720511480709120
885720511354884096
885720666019966980
885720912301109248
885721154446647296
885721269001474048
885721557536034817
885721593984552960
885721853364502529
885721856443068417
885722056834338816
885722242595815424
885722300083036160
885722655214772225
885722734155706368
885723175174254592
885723230350135296
885723392002801665
885723450555453440
885723659104595969
885723781305651201
885723798065917952
885723830580326400
885723918371364864
885724237000036352
885724486351417344
885724523588448256
885724639074414593
885724700034437125
885724742585659393
885724832431734784
885724889855819777
885725444615569408
885725613218254848
885725775093276672
885725827215761411
885725876138258433
885725929238126592
885726003997356032
885726048213749761
885726376967499776
885726386853478400
885726660028510208
885726697672380416
885726752219308032
885726803507195904
885726805612785665
885726810977259521
885726814760468480
885726893269368832
885727084412366848
885727187026014208
885727220613951488
885727368480006144
885727489686896640
885727640463781890
885727677524606976
885727827600998400
885727830025412609
885727853920350208
885727985394954240
885728293097545728
885728529517867013
885728546198614016
885728771218821121
885728817280671744
885728843708985344
885728874260201472
885729056523767808
885729065038118912
885729075351957504
885729121543880704
885729311461957633
885729319846203392
885729320156536832
885729455880232961
885729582464323584
885729822156218368
885729851277168643
885730148846379008
885730239426514944
885730279733768193
885730290928365568
885730317788737536
885730354526605312
885730360805515264
885730385728069632
885730398755594244
885730452496982016
885730456683130880
885730513025200128
885730578984783872
885730605899689985
885730704834822145
885730712506310656
885730756663930880
885730766419709953
885730793422692353
885730809897820160
885730887979208704
885731115855732736
885731150425194496
885731211078926336
885731511932211204
885731547579637760
885731614558490625
885731658464456708
885731802744336384
885731894171774976
885731987142660096
885732006008672260
885732040016003072
885732109721247744
885732402458439680
885732459173867520
885732492019367936
885733013635477504
885733069239595008
885733096129155072
885733105528705025
885733105398681600
885733109542645760
885733295102844929
885733406386028544
885733443954454532
885733578813968384
885733800998825985
885733962173345794
885733993810972673
885734407616700416
885734561979740160
885734604669419520
885734630946725888
885734657534328832
885734680309501952
885734736907427840
885734761263763456
885734785498460161
885734812937363456
885734984195207168
885735039052521472
885735043888537600
885735043913703424
885735108019453952
885735112993902592
885735234549035008
885735366883409920
885735404275630080
885735469648146432
885735557413953536
885735630092853248
885735659003985921
885735813820108801
885736268037881858
885736286279135232
885736613682327552
885736649459740673
885736664592732161
885736711367667713
885736721870012416
885736886165176320
885737153648615424
885737275912572929
885737342648168452
885737611838599168
885737719472771072
885737753631227904
885737768290267139
885737776708296704
885737797901991936
885737799357476865
885737885097488385
885737896241537024
885738045995134976
885738055721787392
885738128031350784
885738159686000640
885738200936919040
885738214509625344
885738247850266624
885738340389203968
885738362249805824
885738467128422401
885738620405116928
885738972751810560
885739022454321152
885739055308320768
885739065416589313
885739093187014660
885739335127060480
885739353238056960
885739385446031360
885739394128375808
885739397567721473
885739463875448836
885739476185743360
885739507928018944
885739657908158465
885739689700884480
885739773431828481
885739839693496320
885739884832358400
885739942164529152
885740020711215104
885740136323043329
885740188315652096
885740190706409473
885740247677640704
885740329001000961
885740578402697216
885740649726832641
885740810691641344
885740896339337217
885740924143316993
885740933727346688
885740941105037312
885740945299451905
885740975016075264
885741099830169602
885741100866174976
885741167564005376
885741222677139457
885741227307663360
885741277777670144
885741447688925184
885741587078184960
885741594988687360
885741675133513728
885741716405440512
885741725481938948
885741782386049025
885741790351024131
885741796084637696
885741884538327040
885741929127755776
885741998749081600
885742051203194881
885742135600959488
885742150398480384
885742184590397440
885742281269145600
885742300575543296
885742373371772928
885742388676890624
885742544717586432
885742575923195904
885742592956170240
885742670777270272
885742677370843136
885742688175304704
885742692596150272
885742791988584449
885742802537152516
885742858543747072
885742892924362752
885742927636348930
885742949165879296
885742980019126273
885743095383556096
885743160667901952
885743272068608000
885743283070226433
885743315974574080
885743415710941185
885743491699101696
885743592588836864
885743730782765058
885743747543298048
885743749745319936
885743802916450304
885743838815551488
885743934579892225
885744039273926656
885744084702330880
885744125886308352
885744199441813504
885744244543168512
885744271382515712
885744294145011713
885744328475377664
885744420087373824
885744516464091136
885744555441762305
885744557798903808
885744559766077441
885744658600603648
885744684936552449
885744904856633344
885744918550982656
885744953476907008
885745008091029504
885745066609958912
885745145106362368
885745164932853762
885745198101409792
885745277231132672
885745316892430336
885745318033330176
885745379639275520
885745448568356864
885745549491793922
885745677036384257
885745677938167808
885745690122612741
885745693557764097
885745768585363461
885745813506449408
885745859044012032
885745861589962752
885745869080977408
885745907144298496
885745954187563008
885745993278468096
885746026144858112
885746096072519680
885746117694148608
885746232827707394
885746275630686208
885746319788306433
885746345096736769
885746469755654145
885746490852999168
885746651159293952
885746695371468801
885746806608584705
885746883355963392
885746928109137920
885746981217464320
885747012540530688
885747103036846081
885747195202371585
885747220661784576
885747228521910272
885747370788610049
885747380410363904
885747415470485504
885747440170795008
885747535813513216
885747617564635136
885747632576106496
885747785940611072
885747808233558016
885747878949474305
885748008251523073
885748060978110466
885748076106874880
885748087041531904
885748235691847680
885748296366600192
885748334169870336
885748464411435008
885748532170420224
885748563380248576
885748655336116224
885748655050850304
885748676462878720
885748685455470593
885748802543656961
885748818372964352
885748823959764993
885748873238589440
885749044542394368
885749067472658432
885749187891126273
885749267515793408
885749288843784192
885749308045357056
885749382209052681
885749399325786112
885749409115406336
885749429470457856
885749451155017728
885749488719208448
885749520772079617
885749527516467200
885749639366017024
885749665341349888
885749707208785923
885749717073899522
885749720949325824
885749731271602178
885749731506495489
885749773529120769
885749836628316161
885749972586684418
885750002462674944
885750002747932672
885750040131760128
885750043306856448
885750197200072705
885750211309654016
885750218758774785
885750235162701825
885750476943360000
885750579221409793
885750711048445953
885750740186267648
885750785958662144
885750877935599616
885750947749785600
885750948727017472
885750961108647936
885750961846849536
885750976828682240
885751182148460546
885751225618182144
885751225932800000
885751259025858563
885751279208861696
885751279418527744
885751307730120704
885751415955763200
885751434326749184
885751449627525120
885751465150697472
885751517931872260
885751539113000961
885751690917543937
885751767497138176
885751793090781185
885751878495203328
885751900460679168
885751974968406016
885751976906158080
885752071798042624
885752080174022656
885752202781970432
885752326224531457
885752348395663360
885752384244330496
885752386442100736
885752443513995264
885752561478881284
885752612179464193
885752722963779584
885752790043250689
885752858213318656
885752880447328256
885752924546232320
885752927465418756
885752970465464320
885753021669494784
885753099859750912
885753246555439104
885753255476826112
885753281267593216
885753316411666432
885753349731229696
885753555059167232
885753798643286016
885754024787677184
885754197068701697
885754220049309696
885754341696696320
885754392808443904
885754401297580033
885754414023282689
885754517417054208
885754539969740800
885754715618856960
885754797189730305
885754844094636033
885754885848879104
885754926063906816
885754934209204224
885754935018745856
885754955814117377
885755007064264704
885755032397897728
885755302922072064
885755404260708352
885755424569532416
885755452860112896
885755528936214528
885755534313377792
885755705394900992
885755711522832384
885755748701130752
885755751129653248
885755803071905793
885755852736671744
885755954565873665
885756134321262594
885756237408874496
885756405705211904
885756434545352704
885756439763046401
885756599045939201
885756630348042240
885756727865610240
885756735142711296
885756807855079424
885756820245143552
885756895495147520
885756920857993216
885757206699753472
885757232666816512
885757279085219841
885757303043096577
885757360807043073
885757371540283392
885757622682562561
885757656400637953
885757688193449984
885757713204092928
885757824718045184
885757866585600000
885757888257560576
885757960655446016
885757990476722176
885758243460481024
885758243087298560
885758260061458432
885758272535396352
885758387849396224
885758433529651200
885758453037322241
885758453872033793
885758524751585282
885758611036659712
885758680561586176
885758747624304640
885758768117686272
885758906424852480
885758925240455168
885759008786612224
885759081440477184
885759098624593920
885759187594117120
885759230405423104
885759277142609920
885759303151271936
885759314220130305
885759334512283648
885759471510847489
885759609025310721
885759669280624641
885759733059252224
885759821450027009
885759866865938432
885760010327924736
885760067945070592
885760095325376512
885760274623373313
885760309968949249
885760327996108805
885760331477340160
885760389308448770
885760470975746048
885760639293116416
885760652563927041
885760700458692608
885760779462594560
885761087081259009
885761141179383808
885761159848132608
885761165527330816
885761249576923136
885761350672232449
885761385325613056
885761438257733632
885761456901324800
885761523402100736
885761650674077697
885761664666279936
885761711264944128
885761748971786241
885761790361178112
885761834283933696
885762049984405504
885762116107554816
885762150299553792
885762152795164672
885762183002501121
885762328293146625
885762520627150848
885762564940066816
885762570501709824
885762644124291072
885762767726272513
885762816015314944
885762902023708673
885763023964696576
885763212066598916
885763239681851392
885763238993985536
885763294098632704
885763295453433856
885763304152608769
885763304706244608
885763304265789441
885763320359374848
885763343352516608
885763451397832704
885763482561523712
885763537376817152
885763583661019136
885763596562694145
885763607212023808
885763640145698816
885763720005242880
885763755493216260
885763780394856448
885763783418945536
885763882521948160
885763951962857472
885763994891497472
885764164236562432
885764198868844545
885764224684896256
885764235120300033
885764350568542208
885764489194459136
885764559440670720
885764567963508737
885764586946932736
885764635923800065
885764943823482880
885765066309730304
885765107233456128
885765122567938048
885765129429819392
885765241916796929
885765244861206528
885765316768346112
885765339505668096
885765373672521731
885765570804805633
885765601708396544
885765682905968641
885765691437191169
885765706473771008
885765811763384320
885765841496702980
885765952901709824
885765974733066240
885766030261452802
885766083231272961
885766134057840640
885766433950642176
885766448664260608
885766458315329536
885766469707075585
885766472114548740
885766569409863680
885766605413789696
885766621171777536
885766634870321152
885766672287760384
885766702545416193
885766760502308864
885766786980958208
885766803854684160
885766845386678273
885766884985106433
885766899501498368
885766952290893825
885766997778280448
885767247809130496
885767327735742465
885767339471515649
885767340536856577
885767365392314368
885767419654012928
885767436515115008
885767500134219777
885767632682721280
885767686684377088
885767706473095172
885767740648247296
885767753285677056
885767762580209664
885767767777058817
885767783920930816
885767793857241088
885767848383184896
885767860131332096
885767872294907908
885767899159433216
885768025579937793
885768057607606272
885768109105086464
885768117632159745
885768139761496065
885768163308318721
885768189241675776
885768208128647169
885768248297443328
885768259735355393
885768314672304128
885768335383769088
885768346511212544
885768357269704705
885768364609740801
885768384918454272
885768454267183110
885768450299310081
885768530154618880
885768530645463042
885768564006846464
885768578112393216
885768582168276992
885768706495795201
885768730239795205
885768972309811200
885769025560752128
885769093697200128
885769183191085056
885769190044553217
885769276401086464
885769300581244928
885769315332632576
885769370458365954
885769374442934274
885769381967536129
885769416591499264
885769428226453504
885769626994352128
885769629129482240
885769642639187968
885769654765064193
885769655641677824
885769716010278916
885769786759802880
885769816115752960
885769861321953280
885769901222359040
885769925448650752
885769969551761408
885769999247343616
885770050837282816
885770059158892545
885770074618986496
885770087604641792
885770104818073600
885770187756240896
885770290437001220
885770364042829824
885770366093799424
885770442723741697
885770520901431296
885770550655758336
885770556540366848
885770657077841922
885770679215378433
885770682180800512
885770694574952449
885770711876464645
885770845511065600
885770852804866048
885770855954960384
885770862552641537
885770899974230016
885770907372965890
885771033457942528
885771030920404992
885771096259276800
885771124281311232
885771152307744768
885771169206587396
885771177440030721
885771189058240512
885771262898962433
885771273481187328
885771297451642880
885771343475724289
885771394902052865
885771433355489285
885771458332459009
885771474451263488
885771512933994496
885771527899275265
885771633616707584
885771703196024833
885771783110000640
885771809597136896
885771816538689536
885771835660521472
885771938861383680
885771964622811136
885772038543167489
885772069392322561
885772109678612481
885772154452664320
885772184903446528
885772349282365440
885772352398733313
885772451912830977
885772570687148032
885772683752988672
885772726270611456
885772761448288256
885772761687371776
885772868994420736
885772883414396928
885772884106465281
885773005854474241
885773033260142594
885773049638912000
885773110066249729
885773113375502336
885773113870471169
885773211262214145
885773339570184192
885773340434194432
885773483900272642
885773653064986625
885773652322643968
885773652997943296
885773680307040257
885773906572967937
885773917310210048
885773994984689664
885774276749664257
885774294722203649
885774404881448960
885774462624333826
885774535634636800
885774574746570752
885774645152161792
885774654882947072
885774699241799680
885774702907719680
885774790451240960
885774818137837569
885774885481566209
885774890904817665
885774897405976576
885774897817014272
885774928271822848
885774984391647232
885775030818406401
885775045443936256
885775047021015041
885775094903181313
885775118152159232
885775121696215040
885775192542384128
885775197277704192
885775252847960064
885775288415776768
885775373706964992
885775412420378624
885775510306947072
885775573209022465
885775587557748737
885775592930541568
885775637570605057
885775655543164928
885775666330959873
885775671397666816
885775735960592384
885775753480208385
885775862997581824
885775876578615296
885775878218809348
885775886527627264
885775887601369088
885775912616198144
885775925371179008
885775996737265664
885776009068466177
885776117570863104
885776145647587328
885776182641401856
885776220104925184
885776274584686593
885776292406325249
885776353903218689
885776387226972160
885776420789682176
885776434555363328
885776444869271552
885776472732053504
885776552860020736
885776607234883584
885776650931228672
885776722351751168
885776772247298048
885776903935860736
885777066381246465
885777105358913536
885777122693984256
885777154683932672
885777198396964864
885777223055179777
885777242076442625
885777272644481024
885777297026015232
885777299781685248
885777302197592064
885777366022225920
885777590123941888
885777644498939906
885777729181929473
885777813781049344
885777826300997632
885777838879555585
885777907716681729
885777954751471616
885778073861402624
885778093415305216
885778164722663424
885778203788406787
885778262290567168
885778360630206464
885778396810289152
885778403273650176
885778407342166020
885778495275761666
885778538728751104
885778645406564352
885778821101871104
885778831788912640
885778860150804480
885778866979168256
885778942443048960
885779023208611841
885779045107064832
885779055097913345
885779077876940800
885779117882433536
885779136815542274
885779163021545472
885779191123279873
885779194277502976
885779229933219840
885779240712589312
885779365858070528
885779519306690560
885779542857723904
885779623056900096
885779636071936001
885779670175764481
885779684549685248
885779845061394432
885779911021080576
885779922165399552
885780075039346689
885780142441852928
885780260318580737
885780339125309440
885780356233932800
885780383874330626
885780386290307073
885780391625359361
885780420842971136
885780572144107520
885780586031271936
885780650053316611
885780707808858112
885780912230854656
885780918434226177
885780919981940737
885780953142108160
885780983773097984
885781054543605761
885781205635006464
885781332294500352
885781389555236864
885781393397121024
885781441325543424
885781710788493312
885781725804146689
885781728937332737
885781752840675328
885781782486024192
885781831181893632
885781923452334080
885782007225167873
885782117233426434
885782173722312704
885782176796749825
885782186829467649
885782190973497344
885782357910986754
885782387384352768
885782395831685120
885782476689420288
885782589520392192
885782591449812992
885782645879296002
885782667446308864
885782765463109632
885782780403175424
885782859390132225
885782978483421184
885783015317794821
885783033592381441
885783096708263936
885783130430332929
885783133035139072
885783134062563328
885783206708072450
885783249133477888
885783291617587200
885783294763315202
885783308436635648
885783333048909824
885783343949910016
885783362702643202
885783402481405953
885783458810916869
885783559855718401
885783590235234304
885783660473057280
885783692144238596
885783708397174784
885783766077247488
885783807978352640
885783845072719874
885783954594439168
885783974936625154
885784103257333760
885784121074741248
885784370061213696
885784475577221120
885784541071200257
885784593470771200
885784616556212230
885784685665808386
885784693710479360
885784694348021760
885784761905455105
885784798060576769
885784800489078784
885784820692824064
885784854914363392
885784912518942720
885784972652630016
885784986825216001
885784990562238465
885785007746412544
885785055188176897
885785113828741120
885785129414574081
885785191062622208
885785227204931584
885785279063261184
885785373359710209
885785396768100352
885785397103611904
885785403944566784
885785413645893632
885785447091380224
885785575353200642
885785622505508864
885785713916227585
885785750045851648
885785758602338304
885785783495524352
885785796376240129
885785809172955136
885785864357523456
885785895781244928
885785946960023552
885785948104949760
885785949896142848
885785950189633536
885785954002362372
885785960616792069
885785999657316352
885786007269933056
885786018783404032
885786032951746560
885786124014292993
885786146860609536
885786230348230657
885786260660518912
885786294642769921
885786304935579649
885786315027087361
885786452801531905
885786531486732288
885786566265851904
885786616501071874
885786633714487297
885786658402177024
885786769375068160
885786796029874176
885786947276468224
885786952838123524
885786962120110082
885787024690737152
885787095960363008
885787131637092353
885787237077725184
885787263178874880
885787318770126849
885787519253696515
885787555869974528
885787559791611904
885787657548296192
885787679379660800
885787701382926336
885787746236858368
885787793968033792
885787822862585861
885787839199412226
885787941041303554
885787947441815553
885788008557023236
885788242607575040
885788332373966849
885788355820212224
885788389169143809
885788426850754561
885788429207973888
885788437617528833
885788486925791232
885788569956175872
885788621525180417
885788622548553728
885788816761552896
885788834239303680
885788843001208833
885788863557455872
885788866153721859
885788903822827520
885788965172916225
885789065882284032
885789076741292032
885789216709517313
885789268425064448
885789332073840641
885789359458398208
885789471026950150
885789485056872448
885789508561711104
885789523275390976
885789543554830336
885789550433501184
885789593219543040
885789603638239232
885789692565835776
885789707413663744
885789718964838400
885789722328657920
885789864901345280
885789896039858176
885789950813372416
885789965325668352
885790072406257664
885790099065229313
885790170167074816
885790237443731456
885790266938056705
885790293911588864
885790359246315520
885790399461249025
885790440687112192
885790477135597569
885790480155512832
885790507414298624
885790552213606400
885790625735602176
885790627300028416
885790661177483265
885790671642267648
885790774453047296
885790788961128448
885790856602636288
885790880799617024
885790897404862464
885790954090835968
885790980313677824
885790983979446276
885790986990964736
885791024257355776
885791056217952256
885791064602357760
885791094239363072
885791108483207169
885791143451136000
885791146869272576
885791189902950400
885791195275907077
885791214842388481
885791319662186496
885791332702322688
885791333646041088
885791357503254528
885791554622894080
885791588978393088
885791596654063616
885791677897723904
885791759799865345
885791793660514305
885791852741492736
885791876208570368
885791941870276608
885792069540864000
885792212835061760
885792358691999744
885792479425036290
885792479987064832
885792532503945217
885792560093974528
885792597205278720
885792603513524224
885792722258452480
885792726603747329
885792782069248000
885792812150784001
885792825052364800
885792841804505089
885792912893673472
885792920577728513
885792939686932482
885793051440017408
885793100005855232
885793115591892993
885793148064149504
885793172470861824
885793267836702720
885793277114318850
885793361285840896
885793405451862017
885793501711015936
885793527137021952
885793926904467456
885794095511339008
885794097210019840
885794312432300033
885794435002507264
885794525498789888
885794836535795712
885794912234594304
885795006493143040
885795042350256128
885795046406148098
885795049015054336
885795111434682368
885795183346016256
885795198923673600
885795287494799360
885795298198437888
885795360081408000
885795405052641284
885795470018260993
885795507989295105
885795609491460097
885795646917283840
885795848533278720
885795893563330561
885795924798255104
885795972399476736
885796010999648256
885796075256336385
885796101424599046
885796200984793088
885796221230743553
885796255418527744
885796255888265221
885796278889828352
885796427343040512
885796427682721792
885796432707543041
885796449988038656
885796494095392768
885796539234471940
885796569785794560
885796613796581376
885796658856042496
885796734827450368
885796759062052864
885796790020300800
885796791022759936
885796833234124800
885796879153463296
885796909163663361
885796909234913280
885796919892729859
885796924191887360
885796959323377665
885797046011260928
885797060183818240
885797090579894274
885797124574593025
885797156082384896
885797158372421633
885797272994414592
885797272554012672
885797274781179904
885797324538220544
885797329957257217
885797337238355968
885797348735160320
885797434215059456
885797470789390336
885797529085935616
885797561222795266
885797613173342208
885797654256549888
885797683985829891
885797686615699457
885797694610038784
885797695448920064
885797710619693056
885797747747454977
885797802592407552
885797982527946752
885798023183294464
885798052266639360
885798183439400960
885798270567673856
885798400867880961
885798507025715201
885798569248251904
885798719098146817
885798824765251584
885798839592116224
885798977702121474
885798999986507776
885799000963723268
885799249258176513
885799326013935618
885799454187638784
885799566494380032
885799649830895616
885799655740669952
885799924046213122
885799965842427905
885800112169070594
885800121669226496
885800124995252224
885800151041937408
885800206931034113
885800285536485376
885800312765677569
885800315940990977
885800351227682816
885800432492216320
885800496149270532
885800551652446208
885800590093295616
885800632455753728
885800702446116865
885800768997085184
885800863696117760
885800930209398784
885800940149911552
885800974811631616
885800982734671872
885800992989732865
885801051164516352
885801054335586304
885801044415889408
885801100330323968
885801167632183296
885801385413021696
885801412839579648
885801509803487232
885801512345141248
885801673322631168
885801693102964736
885801726019866625
885801823231254530
885801965959225344
885802138139492352
885802183261925376
885802247929638914
885802319752966145
885802338354647043
885802339722039296
885802348043526144
885802394294136837
885802478188605443
885802514259599360
885802632761233408
885802687723450368
885802747613913088
885802756057051137
885802762973458432
885802786947870720
885802788378353665
885802914178052096
885802952237228033
885803026627297280
885803077483339776
885803198505549825
885803275966177280
885803325165379585
885803387035549696
885803399991758848
885803404748091392
885803559496896512
885803561174618112
885803561753432064
885803564643254274
885803573866573825
885803784353566720
885804163719991296
885804198150930433
885804411460694016
885804457346441217
885804493224521728
885804507824885760
885804625689014272
885804663483891712
885804694249107457
885804737588854785
885804750557634560
885804953712939009
885804955633889280
885805039066992642
885805087804841984
885805099766906880
885805257028141057
885805392298692608
885805490617421824
885805591926419456
885805604018597889
885805622406651905
885806027383418880
885806075353587713
885806179355590656
885806188910215168
885806289716215808
885806328689692672
885806330178654209
885806386482999296
885806402626883584
885806463482032128
885806536098013184
885806545845579777
885806570898169857
885806729207971841
885806824720650241
885806841237733376
885806843271958529
885806844442099712
885806897709842432
885806974977355776
885807026898644992
885807034221948929
885807035098517505
885807052148416513
885807082305466368
885807070133571584
885807122893733888
885807239629594624
885807248223727616
885807288715554818
885807333087092737
885807369539776512
885807419892400133
885807458303737857
885807546010935296
885807589237432320
885807598427140097
885807603099590656
885807634863063040
885807674557968385
885807686796926976
885807782225743872
885807848285929472
885807852291489792
885807872470331392
885807879416156160
885807880657657856
885807921740775424
885808050942214144
885808087931682819
885808206873755648
885808217934180352
885808321248231424
885808376873091072
885808429222293504
885808460096557056
885808493227368450
885808511359307776
885808526081351680
885808600341508099
885808602719690753
885808689927651328
885808703399702528
885808726212579329
885808810769731584
885808858144419841
885808915119820801
885808935948754944
885808956236599296
885809031046209537
885809120212905986
885809217692737537
885809246981554177
885809253247832065
885809310055493632
885809363868426240
885809580390793216
885809629455953921
885809637290803201
885809638045831168
885809707516035072
885809739074068481
885809777556815872
885809860973137920
885809860868280320
885809881768439808
885809945379315713
885809948277518337
885809948633964544
885810008902053888
885810074953940993
885810077726363648
885810132092899328
885810216020869120
885810231711629316
885810255011221504
885810301383389184
885810306672472064
885810364927156225
885810390231269376
885810398271688704
885810407503515649
885810419079802880
885810514219159552
885810603092307968
885810637632409600
885810647728087040
885810668338896896
885810673854418945
885811077048676352
885811093033144321
885811100931018752
885811112188538880
885811176780828676
885811207650848768
885811228412702720
885811259366617088
885811369697738755
885811496181272577
885811527630147584
885811611080040448
885811696710946816
885811700267724800
885811845193498626
885811947622600708
885812002668544000
885812004673474561
885812020314079232
885812026228056065
885812087628455936
885812104858566656
885812105034817536
885812143140085761
885812155345448961
885812224291418116
885812238963093504
885812274727972864
885812293686177793
885812335096598528
885812340511449090
885812364959985664
885812444077195264
885812516089200641
885812574121586688
885812606853926912
885812623652122624
885812652534059009
885812656120246272
885813004700463104
885813071159209984
885813159252066304
885813231851274241
885813247223484417
885813260225835008
885813278269739008
885813434281070593
885813543332966400
885813637042114560
885813651990564864
885813665739534337
885813671191920641
885813680830504960
885813684739637248
885813817254522880
885813854298570752
885813865161871360
885813892689125376
885813977653149697
885813987602042880
885814015850688512
885814068354973696
885814132280348672
885814154774413314
885814194574176256
885814269132058624
885814328234037248
885814330540908544
885814400103309314
885814425692844032
885814445909446657
885814477089906689
885814577686081536
885814597072171008
885814633780699138
885814648762753024
885814676394835968
885814709538213889
885814740328607744
885814780577165312
885814783500484608
885814827926597633
885814849795764225
885814904590147584
885814973406093312
885814994784456704
885815030192713729
885815148891557888
885815242923663361
885815348116824066
885815376570961920
885815406954504192
885815528367030273
885815635904745474
885815689843539968
885815697640763392
885815697628180481
885815800816422912
885816149006352384
885816151581884416
885816152391376897
885816150583541762
885816154261864448
885816218724126720
885816237019811842
885816254916960256
885816275343212544
885816339482464256
885816339323133952
885816475231158276
885816495728623616
885816519107674114
885816682249416718
885816726688026625
885816796133064705
885816870271627264
885817043529773056
885817082708979712
885817257020076032
885817262757867520
885817422212673536
885817453317681152
885817545835642880
885817629725904896
885817663615840257
885817673816436736
885817692652883971
885817767567425536
885817823104299008
885817984727625728
885818294250459136
885818349040668673
885818393424785408
885818474630696960
885818513356722176
885818575960854528
885818797675999232
885818956396863488
885819008997617666
885819404348424192
885819578047188992
885819597659754502
885819599358496768
885819626642386945
885819686448807936
885819748612747264
885819799695241217
885819858226728960
885819923829850112
885819988430524416
885820091077623808
885820106076454912
885820141514235904
885820202990153729
885820294899929089
885820322733318144
885820445701926913
885820505504317440
885820595837034496
885820626744864769
885820718755319808
885820784299692032
885820818793656320
885820824795717632
885820851437920256
885820894014263296
885820898623836160
885820924271878144
885821087820500992
885821091666702337
885821235208257536
885821248864997376
885821258348322816
885821286387200000
885821394210226176
885821396256948224
885821447314321410
885821488447836160
885821501819297795
885821550871666689
885821655372660736
885821722393325568
885821739653099520
885821826575872001
885821831571230721
885821837262954496
885821842769952768
885821896838725632
885821912953352192
885821931827494912
885821971484823553
885822062836756480
885822082499719168
885822100891717632
885822116700053504
885822160580816898
885822180663209984
885822263697842177
885822268093411328
885822356215795713
885822424050274304
885822424113131524
885822448909914112
885822578258059264
885822605487484928
885822618036609024
885822624051458048
885822628400959488
885822663138193409
885822679454019584
885822715147542528
885822717987082241
885822741558984704
885822759766544385
885822802485530624
885822802443608064
885822806826549248
885822817706672128
885822905828986880
885822975781421057
885823060808519682
885823091108196352
885823091192082433
885823124046045185
885823267935846401
885823274214707200
885823360172797952
885823379860844544
885823414468050944
885823485347549185
885823591186649088
885823594001043460
885823697226833921
885823752973561858
885823769624891392
885823840592560128
885823882212642816
885824003964907520
885824067328258048
885824124337045504
885824201285935104
885824270496137216
885824364687618048
885824396673331200
885824427883188224
885824529112731648
885824549165699072
885824576810299393
885824621852975104
885824654807515136
885824752182493187
885824791357394944
885824837905776640
885824884886188032
885824943384145920
885824986266480646
885825013768744960
885825023998648320
885825062733066240
885825195067543552
885825277275901952
885825317071400960
885825384851361792
885825404547850241
885825456930508800
885825480921927680
885825507467685888
885825597175451648
885825670231736320
885825766809903104
885825767275417600
885825775416508417
885825799131201536
885825837689393153
885826000650723328
885826105290231810
885826105420238848
885826118061838336
885826136055451649
885826189641871360
885826207991963648
885826214426030083
885826252572991488
885826269895467009
885826318075645952
885826526788427776
885826546019205122
885826547541782528
885826555800432640
885826599727321088
885826643859845121
885826718124081152
885826975297753088
885827010152595457
885827136715706368
885827267598970880
885827320531046400
885827359882055681
885827364848009216
885827404006117376
885827424927330304
885827437455708161
885827457680646148
885827727324053504
885827909616840704
885827928239599620
885827933327298561
885827951417335808
885828057814233088
885828061819789312
885828077099425792
885828098884808704
885828150516744192
885828269962080257
885828498274660352
885828542751289344
885828614255771648
885828636082712576
885828648640630786
885828653485043712
885828705108598784
885828752185405440
885828791016316928
885828838801932288
885828869801918466
885828924705579009
885829018397835264
885829435760529408
885829445646462984
885829609706672129
885829695010426881
885829737234391041
885829860714844162
885830184418594816
885830339398172672
885830366568869888
885830400555327488
885830522924027904
885830725752291328
885830738163228674
885830772925624320
885830784808099840
885830861542891520
885830995865415680
885831008372887552
885831015398203392
885831053738479618
885831094414839809
885831168112852997
885831179664011266
885831224534732800
885831241894772736
885831243157393409
885831244772237312
885831270688837632
885831329480404992
885831498972246016
885831575665086465
885831605541122049
885831678526201857
885831678668746752
885831678752690176
885831746167689216
885831969258471425
885832010832330753
885832042486870016
885832061583491072
885832100108271616
885832189082042368
885832278403940352
885832301866876928
885832404912484354
885832498353197061
885832733154476032
885832778100744192
885832930462924800
885832965535797248
885833009102036992
885833017444446209
885833129625341952
885833169303371776
885833278183354368
885833304045432832
885833343820025856
885833389416337408
885833392671133696
885833462661427200
885833508501024768
885833522111553536
885833630014214144
885833711090061312
885833725694685185
885833890216194049
885833946587594753
885834012798984192
885834030599606273
885834078544695296
885834080364974080
885834083988852736
885834157305286657
885834165744283650
885834221302034432
885834284728274944
885834374872264704
885834479868166144
885834587171155968
885834676388147200
885834775721893888
885834802011799552
885834869145829376
885834935524786177
885835023143849990
885835024779620353
885835072884047873
885835085110554624
885835187388657664
885835323003031552
885835336315699200
885835344670863360
885835350043709440
885835380158758912
885835427499978752
885835429878038528
885835451218747392
885835473167548416
885835504972963840
885835522421268481
885835671218335744
885835689283244032
885835934318698496
885835980036558849
885836029630001153
885836061921992704
885836067550760961
885836215806808064
885836277014077440
885836284790525953
885836320253378560
885836362053816322
885836363995762689
885836373659439104
885836461085528065
885836551455899651
885836577083207680
885836693160505344
885836751016775680
885836775977099264
885836904435986434
885836937331974145
885837001064415233
885837024938397696
885837056643141632
885837192999915520
885837223354126337
885837322637463552
885837348465987584
885837383182278656
885837575725776897
885837589407813632
885837590930354176
885837626611306496
885837629916360705
885837736074240001
885837756160724993
885837878433107968
885837892119126017
885837903779307522
885837910670548992
885837935907655681
885837974478479360
885837975149588480
885837987984142336
885838061107589122
885838095421235200
885838103189106688
885838364024463360
885838458685714432
885838530659921920
885838740408717312
885838792342605824
885838804317294600
885838849791930368
885838852526661633
885838878791409664
885839056994750464
885839070345166850
885839116474122240
885839388109877249
885839391700262917
885839463062044673
885839504870969348
885839512647192577
885839530120577025
885839530342920192
885839587146444801
885839623955591169
885839711838900224
885839722047778816
885839734425219074
885839957855752192
885840084620201984
885840267089240064
885840311012007938
885840317039206401
885840341148086272
885840351977754629
885840386345902080
885840439026364416
885840501336920065
885840511055122433
885840513148084225
885840615577194497
885840668647665664
885840674674929665
885840729230233600
885840847702544386
885840991130976256
885840991273578496
885841081618845696
885841097645281283
885841108701499392
885841147507208192
885841284736458752
885841311059763200
885841313966510083
885841315795283969
885841314994159618
885841315828830211
885841407361069056
885841451451654144
885841633585057792
885841665432440833
885841713335595008
885841735766749191
885841948258467840
885841976620396544
885841976440090629
885841977778073600
885842003958935553
885842087891087360
885842137178394624
885842193474347009
885842247136284672
885842575223123968
885842596316237825
885842608639148032
885842615618461696
885842634010488836
885842671964749824
885842699835895810
885842757788602368
885842767661993985
885842818102697984
885842827720052736
885842870539833345
885842926638702593
885842987946848257
885843005776818177
885843088282984448
885843156692082690
885843189478957056
885843194654732289
885843195741036544
885843205819949058
885843212635705344
885843276833714177
885843296177750016
885843380911177732
885843405317844992
885843454923878400
885843502248099842
885843599388286976
885843712730968065
885843893400604673
885844071302017024
885844090537086977
885844095473782784
885844198401998848
885844256883171329
885844386994692096
885844412223324160
885844547846197248
885844549159055360
885844555899207680
885844617639415809
885844692608438272
885844743200100353
885844745657954304
885844813203083264
885844827430170624
885844843276193792
885844857926950913
885844907176415232
885844924733771777
885844978785767424
885844983055601664
885845067663110144
885845124655329281
885845144129478656
885845144381116417
885845216862851072
885845288715509760
885845298618224640
885845357015552001
885845396781752320
885845415807111168
885845433070833665
885845583021342720
885845593150672900
885845698922647552
885845703645433857
885845811376115713
885845815398473728
885845894398169089
885845935430836224
885845936924229632
885845960399757312
885845966930272256
885846030180376577
885846061780262913
885846093463928833
885846179438841857
885846203249905667
885846343910133760
885846354408374273
885846354894790656
885846366399987716
885846446007881728
885846531512946688
885846538219663360
885846543491878914
885846628858564608
885846766012297216
885846911877472256
885847160218152960
885847312064446465
885847376556163073
885847503605825540
885847758615318529
885847774486556672
885847779888820225
885847919663951872
885847922600030208
885847939511439360
885847989083918337
885847997308915713
885848025830129664
885848082843394049
885848163105615872
885848181086597120
885848204847316992
885848263949262848
885848294005583872
885848311390928897
885848331334950913
885848341392830468
885848357138313218
885848358807638016
885848366789390336
885848421512478720
885848422418444288
885848498565926912
885848529419292673
885848575623778304
885848592593956866
885848623766016000
885848654673739776
885848998292180993
885849040025464832
885849079120527361
885849179960082434
885849334583001088
885849613642739713
885849684509683714
885850006363754496
885850110294462466
885850124475404288
885850126216036352
885850131739922434
885850196080513025
885850312032104451
885850342856032257
885850381909200896
885850467527471104
885850472510259200
885850474208870400
885850501996310528
885850602739298305
885850627032719360
885850657156104194
885850662042574848
885850784889544704
885850805777174533
885850806901145600
885850913361072129
885851120316362752
885851149177425920
885851165111443458
885851170316722177
885851203674005508
885851228974055424
885851234317553664
885851366941437952
885851375099183105
885851378693943296
885851380514213888
885851436772470784
885851465713147904
885851524005601281
885851676753764352
885851730164027392
885852059060375553
885852082992971776
885852249691484160
885852321590251521
885852558006394880
885852579892252672
885852657621094400
885852801145982980
885852819307278337
885852906116849664
885853080633344004
885853115035127808
885853134593171456
885853173461766144
885853194361896960
885853296598147072
885853313740263424
885853347005300736
885853494237945856
885853501804425217
885853519823196161
885853558461124608
885853674030981120
885853738602291201
885853764833464325
885853914763022338
885853921763364864
885854024678944768
885854053896519680
885854108711882753
885854157797720064
885854344159080449
885854351792668672
885854375658356736
885854397904891905
885854418494730240
885854444180697089
885854523281072129
885854615199039490
885854706639265797
885854948147245056
885854961980059650
885855007702220801
885855181035974656
885855196856762368
885855205400600576
885855326687330309
885855459026063361
885855479737536512
885855538856284160
885855542530519040
885855657634779137
885855772881629186
885855838254100480
885855848492347393
885856043179417600
885856148540272640
885856170057117696
885856222490054656
885856296993513472
885856350194073600
885856374395109376
885856414463340549
885856417890136066
885856479542169600
885856491122642944
885856547204730881
885856565986775041
885856582457839616
885856668218789888
885856802503618560
885856997727457281
885857104048910336
885857181425389571
885857196298448897
885857309121024001
885857456445952000
885857567766794242
885857663824928768
885857799795822592
885857930444247041
885858118416072704
885858148107649024
885858191774433280
885858198342615044
885858289543782400
885858307906428928
885858356694577152
885858417683959809
885858516136845312
885858519253229568
885858545870278657
885858629185884161
885858935210737666
885859020757663744
885859105910509570
885859141733974017
885859183584739328
885859193588137985
885859447045857280
885859511281614849
885859586531610626
885859718731894784
885859748498767874
885859756849717253
885859905399214080
885860001851609088
885860116016377856
885860190343639040
885860225294663680
885860395403096068
885860416752160769
885860526034694145
885860624319885312
885860656494370816
885860737721270272
885860749012283394
885860904029630465
885860911575175168
885860948552151040
885860995993915392
885861070698680320
885861121898500097
885861228094140416
885861277150695424
885861313666310144
885861449880489986
885861475067113472
885861532936097796
885861540834029568
885861658173874176
885861754877693952
885861763899633665
885861771373883392
885861793276583937
885861956711841792
885861973405184000
885862222278348800
885862357813088257
885862358672957440
885862606237569024
885862661388251136
885862706267512833
885862707869646850
885862948769607680
885863005191385090
885863009943527424
885863091270844416
885863115962953733
885863117653241857
885863230316392449
885863422075822080
885863510386778112
885863553839886337
885863705442955269
885863753794899968
885863856932876288
885863962000207873
885863986109009920
885864225477971971
885864283057381379
885864298504998912
885864370303119360
885864462384742401
885864482467131394
885864599102382080
885864792111665152
885864898848333824
885864958734589953
885864983350738944
885865072370880512
885865170249056256
885865215899963394
885865250922393600
885865370292072448
885865418136707074
885865530917367813
885865570066890753
885865672022126592
885865681610309634
885865775201964034
885865814926217217
885865875714314240
885865932253532161
885866250169135104
885866257362415617
885866350316531715
885866401516449794
885866405459103744
885866408890040322
885866492352499712
885866556076544000
885866562279927808
885866785924407297
885866781801418754
885866884033384448
885866915306065921
885866989033533442
885867000391770113
885867264204996610
885867439657033728
885867516467200000
885867531491131392
885867697518628864
885867716493672448
885867794889420805
885868296683347968
885868620852711424
885868649155788802
885868675588403200
885868677396144129
885868788150923265
885868836347686912
885868873639223300
885868911039795201
885868997710839808
885868998583345153
885868999623487488
885869130754039810
885869175431933952
885869470547398657
885869477212172289
885869518643507200
885869704086261761
885869810697080832
885869884957175809
885869924551360513
885870133624930304
885870142395219972
885870216881741826
885870249425481728
885870270820515840
885870320468582403
885870409031311361
885870436009074694
885870566955257857
885870571065679873
885870644419846144
885870696454389760
885870817720119296
885870856362176512
885871074004619264
885871154665332737
885871214195027970
885871238140264449
885871268200759297
885871320579354630
885871380562104321
885871411184754688
885871420160475136
885871434123313156
885871527320793089
885871541644386305
885871542713761792
885871574464835585
885871780589711360
885871785442394112
885872009942630405
885872009976188928
885872011951603713
885872156961329152
885872198627536896
885872238414761985
885872364738797568
885872408883859457
885872430945796096
885872491629031425
885872649594949632
885872703013605376
885872797595160576
885872832131076096
885872859872186368
885872917728428034
885873036074909696
885873179679485952
885873353260765184
885873367273918464
885873394360700929
885873394742415360
885873400937402368
885873420331888641
885873438375768064
885873444189089792
885873470399270912
885873553450696704
885873732463603713
885873746426441728
885873791133519872
885873943965573120
885874018238177280
885874079718309889
885874101256167430
885874132709232643
885874239768854529
885874275693080576
885874302066843648
885874354541789184
885874392189849601
885874445314908160
885874559437733889
885874582539964419
885874694913753088
885874806167662592
885874842591006720
885874882483027968
885874967455444992
885874983624486912
885874985285373958
885875200268611584
885875209105965070
885875230329188352
885875289703804928
885875296704094213
885875373199806464
885875392929832966
885875438245097476
885875556356673536
885875581455261697
885875864868712448
885876190673850368
885876225083940865
885876275797274625
885876475961978881
885876502176440321
885876526352302080
885876550125707264
885876613249945602
885876714840219648
885876784767668224
885876812034736128
885876839704670209
885876878409596928
885877052645273603
885877081409826818
885877119015890944
885877147713380356
885877370552537090
885877405298065408
885877554191663104
885877607232921601
885877803765420036
885877806453993473
885877838011936768
885877874401714177
885877875769049090
885877885436821508
885877995537387520
885878126181482497
885878164085501952
885878256293072896
885878425847779328
885878430667026432
885878432034435072
885878515257794560
885878542189432832
885878786352402434
885878852769251328
885878909732040704
885879085137879041
885879158001283073
885879229006716929
885879309726097412
885879524449280001
885879531030142977
885879553465470977
885879565649924096
885879582511034368
885879619139891201
885879717668245504
885880094723584000
885880197077250051
885880270104264705
885880379864895488
885880387389489154
885880397933850624
885880551361712128
885880567350341632
885880604876845056
885880607145963520
885880696396500993
885880843327111168
885880854555357184
885880876273467392
885880912084422658
885881013024555009
885881055957442561
885881370144382976
885881376775569410
885881400947339265
885881444396085248
885881444752609282
885881574318784512
885881579318501376
885881586041933824
885881600453619712
885881609504862208
885881646439903234
885881806834327552
885881853210759169
885881858491387904
885881908227342337
885882032714395648
885882042868801536
885882051718770691
885882065035636736
885882147537551360
885882148514869248
885882194018938881
885882302886273024
885882326902853633
885882399237828608
885882411678126080
885882451511435266
885882593996136450
885882634278227968
885882787512950785
885882822631841797
885882827384004608
885883046439911424
885883146625060864
885883151410749441
885883221065519105
885883259879661568
885883359687307265
885883590013321216
885883592517328896
885883860487213057
885883938568380416
885884048752726016
885884098601865222
885884126586437633
885884129455120385
885884156210802688
885884259369701378
885884496545026050
885884594783997954
885884642410287104
885884695585665029
885884716800462853
885884728708149248
885884933364776961
885884993238708224
885885329017901056
885885338710921217
885885404687347713
885885460488347649
885885682132164608
885885732941955072
885885801040683008
885885809743757312
885885854987714560
885885964874395648
885886049666379777
885886137176178688
885886143983624192
885886193002479616
885886320786198528
885886433474609152
885886581810352129
885886610071539712
885886660201906176
885886679072083971
885886684210003969
885886822936653825
885887296448471040
885887296368717824
885887402262372352
885887426526367745
885887647255842816
885887691203772416
885887779875500034
885887858162241539
885887873194610688
885887880756961280
885887915393519618
885888174538596352
885888198156660736
885888209913339904
885888209250594816
885888311428083713
885888385730084864
885888421570523137
885888429082329088
885888450498404356
885888464884965377
885888619071844353
885888803252121600
885888844620591110
885889063403892736
885889148363689989
885889153623351297
885889269524549634
885889304886562816
885889394137346049
885889424717991938
885889625822289922
885889685347868677
885889849932251136
885889953988784128
885889984661782529
885889988705095681
885890016328781824
885890074747043841
885890172835041280
885890192346943490
885890279034769411
885890361729712129
885890372118949890
885890403140067328
885890508740022273
885890545754796032
885890553950482433
885890577358827520
885890612066758656
885890618672762885
885890645059088385
885890704656007170
885890719956836352
885890891403153409
885891173151371265
885891226410549248
885891342492065792
885891389569069057
885891476520976384
885891525569388546
885891586042855424
885891591159902209
885891631156797440
885891650987360256
885891653336276992
885891703466545153
885891804188561409
885891823599747074
885891894651310080
885892052340396032
885892075715219456
885892129167470593
885892178890956808
885892223967035392
885892573461610497
885892655850369025
885892749718941700
885892761597202432
885892858187796480
885892872326742017
885893057866072064
885893145384431616
885893190733221888
885893218117746689
885893220697296897
885893254713147393
885893409403281409
885893433130450944
885893564085018624
885893717344890880
885893798206853121
885893826082111494
885893853160632323
885893942289543168
885893983691517954
885894093620088834
885894113543036928
885894166844252162
885894174251397122
885894309911965697
885894537637498880
885894640091770880
885894691895554050
885894715329179648
885894878189821952
885895033697837057
885895090937450496
885895136705740800
885895292150829056
885895295476928513
885895411340390400
885895544526254081
885895693424091136
885895715645423616
885895859631792128
885895899939037185
885895974245322752
885896141942005762
885896165094547456
885896172447117317
885896237349777413
885896383609417728
885896382015574016
885896393482743808
885896460797128704
885896498025779200
885896661515554820
885896682361077761
885896730968940544
885896742314561537
885896792621101057
885896798442749952
885896817833111552
885896904789327878
885896962154926081
885896963467730944
885897049220272129
885897160952360961
885897296625500160
885897539542757377
885897708585844736
885897784360132608
885897878991982592
885897959317135361
885897989339971585
885898054448148481
885898136186572800
885898152984924161
885898154893344769
885898240033529857
885898402285965312
885898616342237186
885898781530738688
885899026125684739
885899037681086464
885899119092527106
885899193230872576
885899349712142336
885899467374956545
885899477642620930
885899521519083520
885899597218021377
885899596374921216
885899632290746368
885899863245901826
885899890550870017
885900059337908224
885900365434114048
885900423458172928
885900455938842624
885900457775947777
885900459936026624
885900464163885056
885900646951649283
885900677402296321
885900681697210370
885900685602172929
885900714291204096
885900863654514688
885900864283717636
885900891034988546
885900952536064001
885900964498210817
885901077002018817
885901085742956545
885901111269478400
885901266869641216
885901282808020992
885901327750094848
885901401666224128
885901441952600064
885901493517389825
885901500253450241
885901717065355264
885901738900951043
885901822828982272
885901942425358337
885902058544615428
885902073879048192
885902353282473984
885902622955360257
885902780464017408
885902835963047937
885903159624962048
885903262393790464
885903390605180929
885903454396403715
885903713470119936
885903818826895361
885903866109337600
885903919687368706
885903926477959169
885904121127153666
885904369014759430
885904391156375553
885904592843755521
885904601714761728
885904604466212864
885904738675511297
885904902370856960
885905185599520769
885905210744258561
885905229354586115
885905253249437696
885905257087291392
885905326729461765
885905494166175744
885905537262645248
885905552882139136
885905557558886400
885905568317222913
885905861348130816
885905869610905600
885905946379259905
885905970215489536
885906122716184577
885906133080317953
885906139799531521
885906165007343616
885906168585080832
885906179255349250
885906191221743621
885906256908759041
885906308813213696
885906336684417024
885906414987866115
885906532000555012
885906576925638656
885906666126012416
885906690159149061
885906695695867905
885906729535500289
885906746107211776
885906749206691840
885906750532136961
885906752130207747
885906754411704321
885906809491525633
885906946762690560
885906959886671872
885907008662245378
885907145442680832
885907173196386309
885907200295743488
885907230167621633
885907251092901888
885907388116684800
885907673861980160
885907746444328960
885907934890295297
885907981744959488
885908011922935814
885908118496063489
885908187379093504
885908354907987969
885908507425464320
885908527801389056
885908539855822852
885908567508779012
885908597510680577
885908639558631425
885909023094165506
885909045248503809
885909095848476672
885909241424486400
885909241692815360
885909300907974656
885909350556082176
885909521050333184
885909572136964096
885909584400994304
885909616344711168
885909622565072896
885909749698617344
885909836449423360
885909864182153218
885909875460591617
885909914106839040
885910082260795393
885910087260360704
885910091400138752
885910272220725248
885910363400806400
885910436356509698
885910448679387136
885910542124232704
885910548445114370
885910580216909829
885910667978473472
885910768335675394
885911011240402946
885911046300590080
885911125581103104
885911205365370880
885911420810006530
885911468222402564
885911569745534976
885911581904822273
885911629279449088
885911637323952128
885911777548140545
885911785458552832
885911842773774336
885911875560624130
885912036466720770
885912187671326720
885912225583648768
885912283523821574
885912428399210497
885912589447901184
885912627024732161
885912631978209283
885912731332857857
885912954553630720
885913037818953728
885913039912005632
885913093246787584
885913150914265093
885913240479334400
885913303029096448
885913345068605440
885913684643651584
885913715652145152
885913846455693312
885913934640893953
885914063347212288
885914090304135168
885914180846538757
885914198508789762
885914248651689985
885914270936039424
885914297339174913
885914382139609088
885914602990710788
885914787858853888
885914941282299906
885914990808629248
885915231255486464
885915323244965888
885915600043769860
885915612459020289
885915642284695552
885915648605519872
885915663168143360
885915696248442882
885915702493929473
885915869515309056
885915973047472128
885915991733043201
885916088873218049
885916163322118144
885916276798967809
885916280938786817
885916352824975360
885916471511175168
885916516457250818
885916627086266368
885916629825146880
885916682417561601
885916742731649024
885916808724701185
885916817700659201
885916943080865792
885917120231604224
885917128167227393
885917153819578369
885917183632711680
885917344215703552
885917367603220480
885917550449762304
885917643320020994
885917684726210561
885917763323260928
885917796995141636
885917879216082944
885917911264702464
885917932185935873
885918073064235008
885918077409472514
885918168644026370
885918252685242368
885918266757189633
885918524161576960
885918595779317760
885918597310296065
885918671952072704
885918673705291777
885918752000405504
885918834200391680
885918934691717120
885918958955745280
885918965637271552
885918987783196672
885918994099843077
885919049984692225
885919080884162560
885919095555846144
885919186706419712
885919195124432896
885919229593227264
885919329736421378
885919331783241728
885919353052508160
885919367069937667
885919487152848896
885919491674316800
885919664265732096
885919750529921024
885919782175997953
885919791445401600
885919831610011649
885919842498433025
885919853571452929
885919909770915842
885919998182608896
885920023260397571
885920037617446913
885920049457967104
885920081842229248
885920292111093760
885920305885175808
885920345299054597
885920503885701124
885920557555908609
885920585351647232
885920629819572224
885920813769162753
885920879179378688
885920907964928001
885921055180771330
885921172189261824
885921335624556545
885921380780437504
885921405727940608
885921630010191876
885921633344643074
885921646531538944
885921688973713408
885921844418809857
885921848445333504
885921856087367680
885921917143842816
885922030889160709
885922092029550592
885922130101248000
885922256576237568
885922270547521540
885922295306432513
885922362587316225
885922368446648322
885922382560595969
885922481864945665
885922608679616517
885922685565501441
885922769447333889
885922783104040960
885922816335458305
885922892923510784
885922919557324807
885922979787309057
885922991640653824
885923138667778048
885923201880125442
885923210788732928
885923223786991616
885923234847305728
885923299225731072
885923312345526272
885923382772072448
885923413101039617
885923436203298817
885923553559932928
885923641267040257
885923776336195585
885923843793203200
885923845965742080
885923927788310528
885923998374256640
885924012219662337
885924021145137154
885924022353096707
885924029865091072
885924039973273600
885924044838760449
885924058579304448
885924089109598209
885924303149072385
885924362901237760
885924388272582657
885924479507070977
885924650546606081
885924702002327553
885924718175539200
885924988926267392
885925102663159810
885925346230624257
885925417030488064
885925452224884737
885925524547055616
885925525193080832
885925544625410048
885925619162374146
885925621469245440
885925812419141632
885925817490051072
885925978580684800
885926014827843585
885926041214230531
885926066988224512
885926075347468288
885926153042767874
885926198928343040
885926245845934082
885926332194074624
885926394370424834
885926437970214912
885926511978655744
885926536112635904
885926589959098368
885926634334945281
885926680828751872
885926744334753792
885926810936119298
885926830586441729
885926874060382208
885926903282118656
885927087084900352
885927329700225024
885927489012412416
885927560886046720
885927566355378176
885927681904259075
885927704905830400
885927951732178944
885927993524330497
885928021366099969
885928180611264512
885928298806743040
885928305114976257
885928397658042370
885928412782657536
885928705889095680
885928794569273345
885928797245255681
885928831630049280
885928951679528960
885928984722247680
885929119460061184
885929139034783744
885929169431003136
885929224451883008
885929255749767169
885929257989525504
885929399568273408
885929484251279361
885929533643390977
885929593458356224
885929604069851137
885929621182717952
885929628631785474
885929675998056451
885929768960610306
885929806512218113
885929810056368128
885929969179922432
885930079238402049
885930195273887744
885930258209411073
885930341663477762
885930375926755333
885930620089708544
885930655632195585
885930683440484352
885930711999500289
885930742945124360
885930767360167938
885930833223274496
885930892677582849
885931071669514243
885931093387599872
885931142981013507
885931181442822144
885931208525459456
885931583861075973
885931630006816769
885931706364178432
885931793479852032
885931812027019264
885931812169670656
885931863327600640
885931900614959104
885931905912328192
885931910886821889
885931912765853696
885931921016016896
885931954356592640
885931984303906817
885932022715342848
885932057314066432
885932126025240576
885932170312855552
885932295672258561
885932329788747776
885932403167985664
885932559254859776
885932811319992320
885932934284414978
885933045693460480
885933077901520896
885933133484478464
885933142095396864
885933191336427521
885933233925484544
885933321821310976
885933339491930113
885933456110137344
885933680312582144
885933730627497984
885933833375363072
885934032474832896
885934144764641280
885934220312543233
885934243062444032
885934300713168896
885934301317140480
885934383399661568
885934488324378628
885934558960656384
885934581467230209
885934694889553922
885934722131656705
885934770835906560
885934790788214785
885934854944075776
885934859121774593
885934939002347520
885934941154029572
885935173086347268
885935298429030400
885935477018308610
885935541556064257
885935583603834880
885935618911502341
885935623965728768
885935637165219841
885935846758776834
885935900462641152
885935947635974144
885936066875629568
885936188774907904
885936355423006720
885936361026596865
885936665809891328
885936939563716610
885936947872624645
885936948631797760
885936982161055744
885936994202914817
885937394301775872
885937528515297282
885937804689235968
885937890177372160
885937900185059328
885937950927839232
885937972163600385
885938015104716800
885938038412627970
885938169824366592
885938243300151296
885938258890326017
885938299084443649
885938313215045634
885938468421070848
885938521265012737
885938716128182274
885938717843521537
885938721824100352
885938778166177798
885938812140093440
885938921439408128
885938956163964930
885938994915282944
885939066839203841
885939213933400065
885939401020362753
885939459614679040
885939461409918976
885939491583795201
885939521447219201
885939538820034561
885939656713482240
885939679408926720
885939789802897408
885939994308825090
885940016194703362
885940261456670720
885940342335447041
885940357971812352
885940391685627904
885940490268495872
885940587815370753
885940871950200832
885941051344785408
885941131355328512
885941312498933760
885941332602216448
885941469726609408
885941513439637504
885941532599209984
885941539138142209
885941590937784320
885941624974585857
885941762350624768
885941831820861440
885941869615738885
885941874606919682
885941970719260672
885942063530995714
885942071395315712
885942267214786560
885942424908025856
885942481669545984
885942498136391680
885942696447283200
885942721550196736
885942730324680704
885942878396071936
885943126254387200
885943180096614401
885943224707284992
885943238884040705
885943267371753472
885943288783654913
885943410741305344
885943617038233601
885943641780387844
885943674823217155
885943785519185927
885943895632248833
885943925437083649
885943931317485568
885943952028950532
885943986078265346
885944006320029698
885944023210504197
885944032547008513
885944058069360642
885944066323730432
885944088792584193
885944204077223938
885944207969538049
885944375980822528
885944552112222208
885944554180026370
885944655262752768
885944718504468485
885944818089820160
885944860842352642
885945294755688448
885945344810512384
885945492731027456
885945527203921920
885945751507001347
885945755135037440
885945888300044288
885945911825879040
885945941454401536
885946003765022720
885946061969293312
885946163983261696
885946221810135042
885946226390310918
885946342056620033
885946356036239361
885946356912750593
885946430795526145
885946777291161601
885946776699711491
885946813458464768
885946830235815936
885946857721081856
885946891283951616
885946932576882688
885947104648196096
885947375277289475
885947604932194304
885947810696372225
885948076271296513
885948088455712768
885948102666051585
885948117140590594
885948288024940545
885948295079755776
885948576911814656
885948609136664576
885949121026301954
885949156736589824
885949298881339392
885949337238470657
885949530180636672
885949536144896000
885949572102709248
885949830400552963
885949857550262273
885950233280118784
885950816393318400
885950871108018176
885951104776843264
885951241280516096
885951389444263936
885951514619129856
885951733012332544
885951843020537856
885951888193187840
885951916039122944
885952047538814976
885952246067982336
885952310869987328
885952517946966017
885953030155382784
885953085595688961
885953451267678208
885953563452727296
885953634047074307
885953760559845376
885953781321564165
885953787428556800
885953798509867008
885953800779046912
885953939434295296
885954090773209088
885954093230981120
885954281404289024
885954527396061184
885954566709288960
885954605229760513
885954791310053377
885954977574899714
885955019190808576
885955024312045571
885955037196939265
885955104322355200
885955279107608576
885955324049588224
885955326033485825
885955398238339072
885955496406114305
885955506703130624
885955615125897216
885955626513432577
885955704758075392
885955738270666753
885955754951405569
885955820952977411
885955995805024256
885956025374965760
885956074792157184
885956106434084864
885956277498777602
885956281374257152
885956454586474496
885956461792243712
885956526359359488
885956570726772736
885956641958629377
885956836796583937
885956853590614016
885956890919936001
885956963141603328
885956985950281728
885957162077487105
885957186706300928
885957324996829185
885957340939173892
885957548565819393
885957771363069952
885957772248043520
885957879202754560
885957962283589632
885958025164578816
885958029312757760
885958038586372096
885958134736539649
885958157825998848
885958215946653696
885958314101702656
885958390312316928
885958464077516800
885958582302375936
885958583439020032
885958595644456961
885958650359144448
885958821499334657
885958899802804224
885958920824553473
885959071148498944
885959654001520640
885959660259475458
885959688998793216
885959693331517441
885959933178466304
885959999326957568
885960191853961216
885960213861470208
885960395034423296
885960594880385024
885960799541493763
885960980534108162
885961068073365504
885961818811887616
885961945496596481
885961988689604608
885962062840700928
885962077831127040
885962103785349120
885962116490035200
885962397466451968
885962440143491072
885962546712334337
885962620800577536
885962695597580288
885962780112814080
885962946039427075
885963111039205376
885963184775057408
885963352526213120
885963477852057600
885963646261747712
885963707527946242
885963752826384384
885963792286404609
885963883378331648
885963995752136704
885964177206124544
885964262488891392
885964385142919168
885964821384114177
885965008647188480
885965171818201088
885965172430577664
885965353880354817
885965500546678784
885965504946593792
885965572231528448
885965572026097664
885965613075705856
885965626652725248
885965775311433728
885965846455222274
885965873579778048
885965977242021889
885966195865923584
885966222743007232
885966305723068416
885966399327399937
885966439219441665
885967035771088896
885967138430648320
885967562156249088
885967725771837440
885967735032872966
885967752460161026
885967756125929472
885967823402610688
885968091900936192
885968163015462912
885968206908854274
885968211337990145
885968349427101700
885968404238172161
885968409346879488
885968496429084673
885968574644445185
885968584752730114
885968604939812864
885968608886743041
885968618776920064
885968674598916101
885968929084059648
885969141525614593
885969376381239296
885969496107872257
885969509395443713
885969543797116929
885969583424851969
885969687066140672
885969992143044612
885970260356198400
885970581723774976
885970673335762944
885971409247141889
885971587316559872
885971664684666880
885971731025932288
885972174850445314
885972361501171712
885972624194633728
885972709225771009
885972838443876352
885972944609984512
885973327168385024
885973470487752705
885973556542271488
885973621323309058
885973690416058368
885974048462733312
885974124807507972
885974562994835456
885974694339457024
885974843224666112
885974917761708032
885975298348650497
885976070817755136
885976202518953985
885976460652982272
885976897477386240
885976939944693761
885976972739981314
885977004603998209
885977030562652160
885977207180599296
885977257310904320
885977282644520960
885977508218359810
885977549989445632
885977613826641920
885977625868484608
885978384844697600
885978442675650560
885978628785307650
885978698096267264
885979106520813569
885979385408499714
885980425474248704
885980529065111553
885980613169303553
885980636644753408
885980660619522049
885980683029536768
885980902991507458
885980905898205186
885980986223341572
885980986709880832
885981031005917187
885981128913498119
885981297511985152
885981312183619584
885981472406089731
885981520636387328
885981775587151873
885982109252321280
885982191703994369
885982236130062337
885982250801737730
885982300546248705
885982522726854656
885982573389860864
885983035514130432
885983365760987136
885983475802755072
885983535814856704
885983711996645376
885983956121911296
885984635448164352
885985212273971204
885985970532872192
885986471345364993
885986557018198016
885986958773809152
885987005104095232
885987016160284673
885987275099832324
885987277062754304
885987279906516992
885987398940839936
885988485663948801
885988601137332225
885990600717332481
885991078716985344
885993570779500544
885993739524734978
885993798702166016
885993810429456384
885993864246460416
885993904046264320
885993924208316416
885993963991203841
885993994110595073
885994030307430402
885994340119699458
885994381580394496
885994410353283072
885995398887862275
885995423852318720
885996267213643776
885996950545420288
885996956534927360
885997337495064576
885997451668316160
885997569859608578
885997740664246276
885997999268261888
885998057791385602
885998605059928064
885999130283266053
885999604931624961
886000408883343361
886000707505197056
886000802942394370
886001004306731009
886001043536044032
886001446113738752
886001726968430592
886002079445245952
886003033611661314
886003106294763520
886003126003781632
886003228424499201
886004869563379714
886006168992313348
886006527848566784
886006582076739584
886006702591684609
886007036256931845
886007093748277249
886009085262430208
886009144398020608
886009477455126528
