882027532614328320
882028551821721600
882028698370748416
882028960263090177
882029001019183104
882029888932204545
882030439652880385
882030580036141056
882030740250271744
882031074544689152
882032497411981312
882032499366481920
882033075617767424
882034986144206848
882036524212248578
882037342005059589
882037354898366469
882039697635237888
882039886148186112
882041279428820996
882043302635294720
882043667992764420
882043764612706307
882044701876125697
882047543437398016
882047623435345922
882047894525816832
882048363935539200
882050627576238080
882050843964526592
882052415578624000
882052573087354881
882053848310984704
882054339279368193
882055397183541250
882056375412469760
882056508141391874
882058929211150336
882059176603598849
882059481508720640
882060766991593478
882060776814641153
882061137038254080
882061482799669248
882061563850629123
882061898925178880
882061945922342913
882065057588412418
882065227038248961
882065277919395840
882065298177830912
882065778773831680
882065893563486208
882067176114581508
882067225955487744
882067486119673856
882068594733002753
882069101077712896
882069570420445186
882069768051838976
882069922066595840
882070495994167296
882070536049881088
882071473367556096
882071493881905153
882071854848061441
882072385410617344
882072560766246914
882072898478919680
882073294320447488
882073687419236356
882074349045526528
882074677450989568
882074949854167040
882075178028732416
882075297129963521
882075464885469190
882075466529722368
882075593738788864
882075670028984325
882075793991413761
882076025076805635
882076254886821889
882076501084037120
882076757419069441
882076895008833537
882077318860087296
882077512628670464
882077707441393664
882078146748698624
882078319499411457
882078321848221697
882078550786019328
882079354225913857
882079776692776961
882079792203526145
882079804840792065
882079807386812417
882079810771591168
882079986118688768
882080413149089792
882080415477112832
882080445424259072
882080618795986944
882081015438733312
882081043393773569
882081395165855744
882081534798307331
882082083501420548
882082727901769730
882082798533783553
882082800035397633
882083234615611395
882083326244249600
882083655300128769
882083969491140608
882084051372265472
882084077670551553
882084263033794561
882084350153678848
882084381048942592
882084418667655171
882084429891592192
882084553241899008
882084564373557252
882084639954915328
882085463867113472
882085618083405828
882086043826229252
882086048213463040
882086166887092224
882086256464859136
882086573935874048
882086845877825536
882087054775070720
882087072680493056
882087218457837568
882087309847519233
882087326259834881
882087371457658880
882087401102999552
882087479372894209
882087678526795776
882087705932333056
882087846575833088
882087898711035904
882088010732490754
882088034321039362
882088405584273412
882088434252251136
882088603974873088
882088696610258945
882089083891138560
882089099351535616
882089301860798464
882089520296071168
882089859346821120
882090121897676801
882090124686884864
882090314940518400
882090347416997888
882090349061177345
882090376533770241
882090410084007940
882090411615039488
882090552711315458
882090657971675136
882090664539938816
882090698031341568
882090748715438080
882090951929466880
882090999274721280
882091270000308224
882091330167611392
882091442163908610
882091486346711040
882091601517883394
882091604311453696
882091620681777152
882091704572153861
882091812503994368
882091925641342976
882092029374869505
882092030435971072
882092109217624064
882092262926110724
882092313278808064
882092379645157377
882092512474746885
882092574235926528
882092626878623744
882092875932217344
882092985848139776
882093098796560384
882093279948492800
882093304506191872
882093361330622465
882093613651558400
882093624388984832
882093790365974528
882093865871839232
882093882711912449
882093898914553856
882093964857421824
882094040006754308
882094123515293696
882094144683945984
882094173620498432
882094230373400576
882094240972640258
882094421801672708
882094524100743168
882094634549346304
882094924442853376
882094994642935809
882095118261661696
882095173101944832
882095186125443072
882095381525540868
882095444029042689
882095471510003712
882095487393943552
882095509787344896
882095918815756288
882095957298610177
882096003943366656
882096083656204289
882096174815162368
882096190116044801
882096232453345281
882096243702472705
882096277135044608
882096289873375232
882096389160914944
882096407699628034
882096632631656448
882096633663688704
882096654010261504
882096942200872960
882097162217193472
882097202478428161
882097339665612800
882097719468339200
882097781749448704
882097784782032896
882097832047644673
882097901475856384
882097909176696834
882098070095372288
882098132506599424
882098152333037568
882098388547895296
882098441484214272
882098640650678273
882098697831677956
882098785069010948
882098905281908742
882098931890606080
882099016011571201
882099149809876992
882099270379241472
882099365300633601
882099366210785280
882099585568698369
882099906323685376
882099996300128257
882100077208252416
882100104307650560
882100190626361345
882100335883538432
882100359107313665
882100471418191872
882100479429414913
882100517534609408
882100620295106560
882100689001824256
882100698774552576
882101018091282432
882101074097786880
882101106029068290
882101116628062208
882101405032513536
882101513786720257
882101673908416513
882101682058006528
882101849423314944
882101914019745793
882102023960842241
882102644709478401
882102850725216261
882102950721708033
882103275679608832
882103422404579328
882103429358923776
882103561177485312
882103564344197120
882103641573912576
882103730015019008
882104166977601536
882104183654158340
882104235629973506
882104433177280512
882104441016651776
882104444539764736
882104480711553025
882104482460577793
882104612895031296
882104633115770880
882104657979604992
882104807141539840
882104828364763136
882104851575996416
882104873579421697
882104945666912256
882104963295399936
882104965464043520
882104971377782784
882105027384528897
882105048725045248
882105096351494144
882105119298506754
882105248432738304
882105384793763840
882105512678043651
882105587143778304
882105647130652672
882105765372338183
882106046185164800
882106074949726208
882106147326636034
882106197167542272
882106321482518528
882106357306011648
882106368571977728
882106422779158529
882106619496214528
882106801143066624
882106951089479680
882107244728463361
882107402706931712
882107430259347457
882107540728950784
882107629979525120
882107964940800001
882107968510193664
882108046675251200
882108137054064644
882108148085075971
882108227705597953
882108265445941248
882108441216647168
882108492076732416
882108512763039746
882108540848152578
882108546032259074
882108606140866561
882108633491832834
882108741998530560
882108787603238912
882108791248080900
882108799556911104
882108833132367872
882108882264477696
882108902325854213
882108982453821440
882108989265371136
882109002192084992
882109075885928448
882109126037426181
882109143691272192
882109220556075008
882109291334860800
882109440404619264
882109449342734336
882109461871157248
882109500257439745
882109716276682752
882109775143718912
882109879183446016
882110142141124609
882110209782624256
882110304041271296
882110310999613440
882110357854081024
882110365647110145
882110805214457856
882110818955001858
882110861149687808
882110872935682048
882110904074108928
882111053898936320
882111065714196481
882111078909571076
882111123121745920
882111186128568322
882111283142828036
882111319142486017
882111348435496960
882111365426667520
882111374670876672
882111566539350016
882111718352146432
882111732801355777
882111889316118528
882111930592317441
882111984702939136
882112080341553153
882112089850040320
882112214093746176
882112421946683392
882112487876943872
882112529459269632
882112557376577536
882112590775799809
882112774322704385
882112810762854401
882112813006692353
882112913716256768
882112991872729089
882113006221623297
882113019899248640
882113078174916608
882113083807870976
882113128393306113
882113235746467844
882113260966871040
882113328600010752
882113372384354304
882113441699332097
882113450071216128
882113723913129984
882113771992477696
882113773452054529
882113856121831425
882113895011418112
882113999025864704
882114050687213568
882114058278891520
882114143385419776
882114147441418240
882114252953268224
882114261136404480
882114269638270976
882114304576827392
882114306246144002
882114357190152192
882114437100052480
882114546780995585
882114647473704961
882114696941383680
882114780462559232
882114859059597312
882114913216417793
882114946338881537
882115328079278081
882115335423504384
882115382668132353
882115759496773632
882116085331492864
882116156332662785
882116268781969408
882116314063613953
882116344740802562
882116473262571521
882116623846584320
882116627181031424
882116691307749376
882116774384115713
882116790654033921
882116922988539904
882116987794706432
882116997823254528
882117198378147844
882117216929492992
882117358516662277
882117395342667777
882117396877774848
882117409670406144
882117493090918402
882117518147674112
882117541648314370
882117572866519040
882117659873169409
882117701346439169
882117788860547072
882117809941229568
882117852303589376
882117873115811841
882118016938520576
882118110022598657
882118151001042948
882118157003087872
882118232076890112
882118276666449920
882118291015249921
882118462201618433
882118588030738432
882118637301235716
882118673640697856
882118768956239872
882118787071430656
882118805639528452
882118940192800770
882118946660524032
882118958652026880
882119031825854465
882119046073864192
882119090005004288
882119103980355584
882119198029361153
882119218858250240
882119224327643136
882119309140533248
882119493731966976
882119587696975872
882119718097756161
882119851619344388
882119899191136262
882119920426921984
882119951590580224
882120061577699328
882120069978783744
882120206293794821
882120213269016577
882120268973527041
882120340796735492
882120341446955008
882120354289897472
882120433084112896
882120437160960000
882120522670247936
882120548121284612
882120551891955712
882120570170736643
882120607793655809
882120661564567552
882120700345163776
882120921686913029
882120992830746624
882120995640836099
882121020802572288
882121018575175680
882121081640898560
882121146929475585
882121245084569600
882121253137600512
882121326659383297
882121363900821504
882121402165452800
882121448625713152
882121499707977728
882121507782049793
882121535753990144
882121540996878336
882121620625784832
882121667476062213
882121731074387968
882121787311521792
882121808304111616
882121814083686400
882121997311922176
882122027863351297
882122039997366272
882122087267172353
882122091310481408
882122095198691328
882122143521263617
882122191952912384
882122303961792512
882122312438382592
882122314824986624
882122348203098112
882122352703811585
882122385062854657
882122556295327746
882122613581111297
882122633231421440
882122646523138048
882122692974886913
882122713778802693
882122726781198337
882122771731550208
882122782045339648
882122824915316738
882122979144019969
882123045325987840
882123090704171009
882123091039727616
882123092704854017
882123233012658177
882123236762431493
882123284569104384
882123324280778752
882123375287652352
882123408703672321
882123491696402432
882123548772511745
882123560264896512
882123561024057345
882123587330736130
882123700316905472
882123711020765184
882123721279975424
882123806281801729
882123887055687680
882123959474499587
882123997558820865
882124222017024000
882124223786962947
882124242363527168
882124252329250818
882124260755558400
882124273837629444
882124359002976256
882124368406556672
882124402556633088
882124456059162624
882124480918769668
882124494940385281
882124530822598656
882124598850072576
882124643141689346
882124683272912896
882124685999255552
882124792324816896
882124798750490625
882124881126674434
882125083648679936
882125233708298243
882125235448926210
882125272623054848
882125322354696192
882125339593453568
882125345494794240
882125367712120832
882125398015954944
882125516450537476
882125586453454850
882125614152425472
882125677159481344
882125726530646016
882125780674908160
882125805060591616
882125810412527617
882125828645060608
882125936421982208
882125974409814016
882126020580700160
882126140852375552
882126163065393152
882126165066080256
882126178538192896
882126214164615168
882126237086470144
882126424244662273
882126659335446528
882126727073456129
882126762724950016
882126762766778369
882126842358104072
882126860955635712
882126900310757376
882127020578267136
882127026068627460
882127053520326656
882127197657542660
882127327567781888
882127337004969985
882127392684335104
882127534778978304
882127559990890496
882127590038831104
882127595139198977
882127613980024832
882127639334580224
882127644128620546
882127665322483713
882127672486309888
882127700579766273
882127718959198208
882127776123412480
882127801738047488
882127883623428097
882127918058672128
882127920394842112
882127928477319168
882127992159449089
882127994017525760
882128020819107842
882128029920710661
882128061289959424
882128090046099456
882128099227435010
882128104331915266
882128111856472065
882128154906775553
882128182236897281
882128353641332736
882128367440580610
882128368363241472
882128412357349376
882128521673494528
882128686849433600
882128773969301504
882128811734839298
882128854869053440
882128955976933376
882128976172507136
882128981566390272
882128999727681536
882129006568624128
882129102408437761
882129298139885568
882129349473972224
882129395594473473
882129465811361792
882129565291872256
882129566113902597
882129633499639808
882129649752526848
882129718824361984
882129758947074048
882129838064193536
882129852144394240
882129883853459456
882129933425942528
882129952556101632
882130015164485632
882130044054843392
882130093556068353
882130124006731776
882130150988623872
882130166356553730
882130225517277184
882130302864203777
882130340579553280
882130356232761344
882130499635957764
882130613620396032
882130625398009857
882130693677084672
882130708566814725
882130798555664392
882130902809227264
882130904273047552
882130985940373506
882131026373468160
882131083277500417
882131137879052288
882131341709594626
882131460865617920
882131567342125056
882131600091353088
882131630235815936
882131679258738688
882131682203230208
882131860150792192
882131865607573504
882131866538704896
882131867146768384
882131889578024960
882131959731937282
882131974483324930
882132072361598976
882132178972364800
882132358400528385
882132432312578050
882132480962289665
882132528471166976
882132584976846848
882132607948992512
882132612462120962
882132655067811844
882132656095469568
882132725733351424
882132739541086208
882132940204978177
882133014200930304
882133022291750912
882133123080871937
882133124968308737
882133320661966849
882133371652100097
882133375498301440
882133393709948928
882133401947430912
882133441554386944
882133548542685184
882133702985252865
882133744198594560
882133813165535233
882133874825990144
882133909919506432
882133918316720128
882133927107993600
882133982132961280
882133987677925377
882134066384048128
882134118817026048
882134291257450496
882134337155727360
882134342021132288
882134389769089024
882134391681667073
882134420089704448
882134430445428736
882134436405551105
882134481074888705
882134528822837248
882134656669425664
882134707638599680
882134721463025664
882134914581352448
882135050028023808
882135050875281408
882135221948252160
882135272116420609
882135328500461568
882135485539393560
882135501830074368
882135575159066625
882135583887380480
882135589755256833
882135673343545344
882135701461979137
882135702137438208
882135756780843008
882135759058325505
882136187070185472
882136250383249408
882136251993903104
882136266057420800
882136342796398594
882136363784712192
882136460975120385
882136488443600896
882136514385383424
882136521796702208
882136556320022529
882136571377594368
882136572560384000
882136662079401987
882136696665640960
882136728374583296
882136731008589824
882136887548313600
882136899195813890
882137001125871616
882137048815198213
882137064942317568
882137107782934528
882137127898800129
882137164863164417
882137216709013504
882137232294805508
882137333683937280
882137464990728192
882137516584914945
882137522519912448
882137655437406208
882137695652167680
882137703487201280
882137798068883456
882137812673458176
882137880944136192
882137987106189312
882138073584119809
882138073605263360
882138095247904768
882138164877512708
882138182535577601
882138186272690176
882138237204148225
882138266073477120
882138295471407109
882138358427901953
882138430653837312
882138460827549696
882138511989768192
882138761160794112
882138763438292992
882138871861059584
882138913057460228
882138977251340288
882138977888870400
882138986331996161
882139035459883008
882139048453832704
882139061762260992
882139097984360452
882139158487207936
882139167127461888
882139210228142081
882139284278571008
882139287843725313
882139314922147840
882139393045262337
882139437261627392
882139472657297408
882139484657156097
882139610763153408
882139614185750528
882139728790921217
882139798802190336
882139811645202432
882139871023951872
882140023885266945
882140040419319808
882140049827147776
882140094207012864
882140209135198208
882140240168747008
882140254043504641
882140271072485376
882140355382136832
882140398088540160
882140403130150912
882140418296688641
882140436562927616
882140449665896448
882140459212165120
882140484650577920
882140611700281345
882140620957122560
882140631518281728
882140633821007872
882140662023557120
882140828428378112
882140888465584128
882140972179759104
882140977921708035
882141147468058624
882141156225802240
882141197929766912
882141222961385472
882141229269561344
882141248714354688
882141280108720128
882141279806787584
882141291760541696
882141293031378944
882141316037169152
882141371141902336
882141416109080576
882141473323573248
882141480516808705
882141527316803588
882141541845921792
882141563320774656
882141613698539521
882141659512877056
882141680169779200
882141681243607040
882141689288249344
882141718346256385
882141730786598912
882141737145307136
882141773929340928
882141790404587520
882141933036077056
882141964543688704
882141974182060032
882142061394317313
882142075990532097
882142080398745600
882142105568555008
882142163785666560
882142229879541761
882142315950813184
882142352676093952
882142382938050560
882142387031736321
882142390982725636
882142420993028096
882142427657666560
882142438038679552
882142453243023360
882142458032816129
882142489767010305
882142509127913472
882142516656697345
882142520599343104
882142546390077440
882142559316963329
882142568649297920
882142586051452928
882142606930653187
882142608860082176
882142611770929152
882142635837845504
882142684651159554
882142686681202688
882142694176423937
882142712673259520
882142717693894656
882142756977725440
882142794852311040
882142850464579585
882142875273834496
882142925655769088
882143080425676801
882143190513467393
882143198273056768
882143234624978946
882143268334706688
882143306146250752
882143375549489154
882143470407868416
882143479480111104
882143489215082496
882143751522721792
882143758665621504
882143855356805121
882143880937955328
882143913934544896
882143940513865729
882143967869100032
882143991134867456
882143992170897409
882144016195878912
882144030431354880
882144055613939712
882144060391256065
882144106738319361
882144150480719874
882144165395664896
882144198153076736
882144205384167424
882144222215888896
882144270102167553
882144455264010240
882144528546877440
882144546079088640
882144761477517312
882144876137205760
882144948770009088
882145034983923712
882145295450095616
882145391021613056
882145418678874112
882145442863165441
882145471925555200
882145476644044801
882145511838449664
882145539315421184
882145586580946946
882145602208923648
882145621737709569
882145631464247296
882145679979798529
882145695398014977
882145782157254657
882145788889051136
882145791187574784
882145829586448384
882145858661306368
882145875279192064
882145942190862336
882145957655085056
882145975527067650
882146003608113153
882146002337021952
882146049330225153
882146067017596928
882146078912598016
882146103487062018
882146120515948544
882146163343974401
882146419708239872
882146421029339136
882146463492575232
882146488113123328
882146506173808641
882146604584718337
882146622142066688
882146753499328513
882146760432472064
882146835648958464
882146857924927489
882146905131819009
882146967966633984
882146972001591300
882147138259517441
882147149672271873
882147159050768384
882147234460119040
882147247613505536
882147251107151872
882147357693005826
882147372574355456
882147395672432640
882147440979304449
882147472784707584
882147526270386177
882147539495129092
882147594176274432
882147624501039105
882147668704841728
882147678066552832
882147699172270081
882147707204272129
882147712925356032
882147783960141826
882147825731162112
882147856446103552
882147865338007552
882147871855923201
882147890273112065
882147899920068609
882147940042768384
882147967158939648
882147978156421120
882147994912600064
882148017201184768
882148025224790018
882148085828333568
882148128606089216
882148143290253312
882148151670579201
882148268922347520
882148345883578368
882148404029161473
882148524217028609
882148559667298304
882148638583128064
882148642047524864
882148648947265536
882148696078651392
882148710410592256
882148775699120128
882148848415756290
882148946440835073
882148973938704384
882149018889064448
882149258186588160
882149261584019456
882149461383839744
882149481432711168
882149488869212160
882149544020127745
882149551641169920
882149556040978436
882149626752753664
882149627239301122
882149779467149312
882149800627638272
882149871003815936
882149881711820800
882149892713578496
882149937647153152
882150107109629952
882150139422539776
882150169889968128
882150176298860544
882150254413348864
882150281667989505
882150427126632449
882150575978278912
882150579824472064
882150589299400705
882150639878504448
882150664004153344
882150666751418368
882150698389053440
882150706685370368
882150715539566592
882150748523462656
882150769595744256
882150813929529344
882150842744360960
882150852970106881
882150953495003137
882150962227531776
882150984918728704
882151014748614656
882151101134516224
882151160995602433
882151172118892544
882151180788535296
882151214980485120
882151242830622720
882151328046362625
882151337542156288
882151396375744512
882151416957153280
882151490873372673
882151512495054848
882151562642161664
882151628714987521
882151682150420480
882151693676425216
882151853932326912
882151980872982529
882151997800972288
882152151455346688
882152278551130112
882152392837521408
882152510131249153
882152666117410816
882152668323565569
882152712586092545
882152730588061696
882152770635272194
882152781016162304
882152902080573440
882152967973068800
882153082892759041
882153104472506368
882153210479357953
882153313986387968
882153359624589312
882153448199913472
882153498892173312
882153548993245184
882153636574449665
882153676403507201
882153702924177409
882153704870354944
882153729386053632
882153735471984640
882153743994814464
882153784117350400
882153820784140288
882153823061651457
882153834394660864
882153998509363200
882154033674407936
882154034098044928
882154047838593024
882154116994269184
882154129199706112
882154166554066945
882154231465160704
882154297839898624
882154329838374913
882154394841743360
882154473690456065
882154534675656704
882154786572955648
882154967532011520
882155010200621056
882155045428633600
882155118950576128
882155142602215424
882155435050110980
882155481850163200
882155488623947776
882155509083758593
882155512892207106
882155533217738754
882155543560953856
882155679804518400
882155778798493697
882155791607885824
882155810708537344
882155946213912576
882155986039054337
882155989889409025
882156051000381440
882156063977504768
882156089453752320
882156104779780096
882156128221757440
882156152297058304
882156171133681664
882156259977424896
882156261302824961
882156274791723008
882156307717005312
882156403141509122
882156531336323072
882156541348073472
882156548289593344
882156570351734784
882156578694189056
882156587766263808
882156604510134272
882156634553942016
882156640555892736
882156675389587456
882156676522139648
882156738815905792
882156857858699265
882156888774803456
882156958014427136
882156959973113857
882156991996715012
882156996308369408
882157005749854208
882157038700244992
882157041690791937
882157043897044992
882157150595952640
882157222674956288
882157306087079936
882157319701876736
882157350303539201
882157375955795968
882157380162777088
882157504326770688
882157525759602688
882157599851982849
882157626993364992
882157631913291776
882157658417098754
882157691728265216
882157772170817536
882157772783144960
882157785089269760
882157800956338177
882157812922679297
882157817343475712
882157968824967168
882157976018190336
882157991885234176
882158063477821440
882158115873071113
882158120163782656
882158133480747009
882158149914042372
882158173435592704
882158199616532480
882158213214478337
882158223998021633
882158227798065152
882158281204092929
882158294978224129
882158321121337344
882158392206385152
882158399915515904
882158401693904898
882158451488673792
882158515648950273
882158546242162688
882158573731684353
882158635136282624
882158766229213186
882158783606247424
882158948400459776
882158986006597633
882158989362024450
882159065404772352
882159074846101504
882159084635643904
882159259038998528
882159259760439296
882159291561594880
882159377490350080
882159476589166593
882159500022566912
882159517718503425
882159518385397760
882159528866975744
882159538870333441
882159586626723840
882159772291739649
882159774669963264
882159782945329152
882159811030392832
882159829082669056
882159868022595584
882159892265656320
882159902059372544
882159926768021504
882159998448611328
882160009806626816
882160052169187329
882160063787433986
882160092682039296
882160106707746816
882160108054216706
882160122075779072
882160212710486016
882160281069264896
882160350501752832
882160371724931072
882160378477776898
882160407305228288
882160417438650368
882160419225436160
882160422249537536
882160427773419520
882160454705041409
882160487168962560
882160493930196995
882160498913026048
882160510933848064
882160547910889472
882160623030870016
882160633143328768
882160642257555456
882160691209281536
882160806183522304
882160834314731520
882160856783609857
882160871409102848
882160944054493185
882161011838656512
882161027483357186
882161038166286336
882161116524285953
882161182072868864
882161190285213696
882161241065758720
882161257301803009
882161272514543617
882161284107698176
882161286750064640
882161298338983936
882161359651262464
882161438638432256
882161527834513408
882161694566494209
882161701864472576
882161761859883008
882161813189783552
882161846651957249
882161900875898884
882161902335471616
882161907347722240
882161945268322306
882161956546904064
882162017754394625
882162026872754176
882162033902465024
882162038612660225
882162064227147776
882162068882808833
882162073224060928
882162170871545856
882162184033148928
882162242560589824
882162282788159488
882162340472467456
882162374870011904
882162425394606080
882162489110269952
882162498652319744
882162530273161216
882162532160610305
882162563135483905
882162592105582592
882162688826257408
882162715795619840
882162719155159040
882162727648710662
882162782988365824
882162818363121664
882162962039025664
882163045274931200
882163083900321795
882163090581749764
882163197364535296
882163252960137216
882163261172588544
882163269695393792
882163538210557952
882163562793361408
882163583047659520
882163593306918913
882163626186080256
882163671836876801
882163692175069184
882163753047007232
882163781975068673
882163798987223040
882163818197024768
882163833191768064
882163866712649729
882163884110610433
882163926401773568
882164007683141632
882164038834278401
882164067275878401
882164075345702912
882164081955934209
882164083637723136
882164126902038528
882164179087626242
882164184636641280
882164191091666945
882164191364296704
882164300248481792
882164323547844608
882164377268490240
882164417663819776
882164429898600448
882164447728599041
882164494620909572
882164507493228546
882164514699005954
882164572253192193
882164625868980226
882164691564449793
882164711026024448
882164759302426624
882164782119493633
882164794123591680
882164827904462848
882164833784913920
882164835223523328
882164842353893377
882164879255367680
882164969281908736
882164996662231040
882164997299818497
882165052442279936
882165070595330048
882165122873131008
882165181396262912
882165200581005314
882165218218049536
882165242633089025
882165327295107074
882165371964411904
882165374808199168
882165394395590657
882165414742167552
882165462787915776
882165475786072064
882165504986800128
882165533793243136
882165536376926209
882165583869087744
882165642031509505
882165660599582720
882165788781793281
882165788492386304
882165824936701952
882165840174514176
882165849141936128
882165882356723712
882165887561854976
882165888518172672
882166032550559744
882166106429022208
882166142206443520
882166168177573888
882166192340971521
882166214105206784
882166215699030017
882166315242467328
882166421492568064
882166428757053441
882166494129520640
882166535976099844
882166538714980354
882166552866566144
882166620742971392
882166671187771392
882166678829887490
882166680130080768
882166701558779905
882166755090628608
882166756818780161
882166872346644480
882166906014363648
882166918047834113
882166961823731712
882166979225899008
882166996326023169
882167022481813504
882167034913665024
882167041448439808
882167053804851201
882167054404595712
882167071685181440
882167091910070272
882167097824071680
882167105885548544
882167105315115009
882167124264747009
882167132397686784
882167143919484928
882167266326044673
882167283375910912
882167322684903424
882167393174396928
882167438460276736
882167441022996485
882167497537064961
882167768401027073
882167838353522689
882167862852452352
882167937733406721
882167960793690112
882167993064706048
882168118700855296
882168128431677440
882168200322060288
882168225664036865
882168245083570179
882168245771481089
882168325354262528
882168342601232384
882168361714683904
882168445508476928
882168468702990336
882168474197520384
882168557303341056
882168595064737793
882168613427400704
882168744641953792
882168859431718916
882168868122357760
882168866029408257
882168918231719936
882168953400946688
882168968785653760
882169087048249344
882169101816401920
882169129016406017
882169300173324288
882169356259667968
882169402623447040
882169515936813056
882169526544150528
882169535775768576
882169618315587584
882169701207617537
882169732115443712
882169745059057664
882169771504128000
882169837597974528
882170022298361857
882170027205693440
882170051771719680
882170111578255360
882170181027586048
882170232881676288
882170233800282112
882170254662565888
882170265941278720
882170422674018304
882170448821317632
882170494207897600
882170495910719488
882170515363946496
882170563434819584
882170650135318528
882170713771298818
882170759011020800
882170891118956544
882170902523387904
882170917606092801
882170917413163010
882170939395502082
882170960362844160
882171087911612416
882171150524178432
882171348260454401
882171350332342272
882171410130636801
882171492439658496
882171543438204929
882171586618458112
882171603978682369
882171622085586944
882171700074471424
882171840675942402
882171912432078848
882171932015308800
882171964596658182
882171990563540992
882172130489774082
882172254636961792
882172266322292741
882172354994065408
882172394122686465
882172400003158016
882172402238705664
882172423612837888
882172432433516545
882172464868077572
882172479741063169
882172548414414848
882172548766732289
882172580542779392
882172599203221504
882172636029214720
882172711564439554
882172783710679040
882172809258160128
882172834847621120
882172900484239360
882172929886351360
882172966376796160
882173040708202496
882173046194417664
882173052624269312
882173060434014208
882173095691390976
882173118810386433
882173140729823237
882173184094740480
882173313031733248
882173317880446976
882173333839728640
882173365468966912
882173396880158721
882173408091541504
882173471169662976
882173693132238848
882173744114020352
882173783414591488
882173785310461952
882173891489214466
882173919255515136
882173921243672576
882174101267382272
882174117172187137
882174138072399872
882174134909906944
882174144137265153
882174148914671617
882174157877850113
882174168074211329
882174227733938176
882174284063485952
882174323368222721
882174382407389184
882174395741024256
882174486262546433
882174568248598529
882174654382833666
882174656077320192
882174716458528768
882174761169715200
882174804689903618
882174827523592193
882174833382916096
882174911099396096
882174938005860353
882175043299618816
882175065110048768
882175101411749888
882175166117236736
882175169883713536
882175265006387200
882175286804074497
882175317548441600
882175338511577088
882175362293260288
882175465569619968
882175544720318464
882175582028615680
882175601624444928
882175640346263552
882175654963400704
882175676975120384
882175741047316482
882175758399131648
882175907947061248
882175982404284417
882175983318650880
882175996488810497
882176043582455810
882176088557981701
882176138365292544
882176310998683649
882176371585425408
882176391760011264
882176399385219072
882176429299048448
882176557955121152
882176605086416896
882176680470740994
882176748640710656
882176837820043265
882176852923752448
882176894778580992
882176919176974337
882176979436490752
882176981164589056
882177067961520128
882177085799890945
882177113234788352
882177134135050241
882177163478224897
882177178720456704
882177176300249089
882177196089016320
882177204796444672
882177223280689153
882177319577804800
882177330743005185
882177334178193408
882177349818691584
882177361701216257
882177378260316160
882177399420575744
882177401198915586
882177422979891200
882177529469169664
882177548247064577
882177618774302720
882177623736168448
882177642434355201
882177667654721536
882177677020495873
882177721832484864
882177742707593216
882177757345722368
882177823485636608
882177870990278657
882177885989212160
882177977487904768
882177988498001921
882178000271396864
882178024380272640
882178030344564737
882178100682993664
882178223253188608
882178237014708225
882178271097614336
882178302651322368
882178313057382401
882178323987738624
882178329092268032
882178435757617152
882178495429869568
882178588430217217
882178638388617216
882178637583331328
882178651671977984
882178737529344004
882178739177697281
882178751001481217
882178784807530496
882178852944052224
882178929297170434
882178958451769344
882178958451781632
882178957235412993
882178966542573569
882178992564043777
882179029272588288
882179032401534976
882179032879648768
882179034184118274
882179065763033088
882179143416377344
882179219337433088
882179360840667136
882179378544640000
882179383406014464
882179639929708544
882179641460625408
882179685786030081
882179692694036481
882179717306122241
882179722528133120
882179934940278784
882179970721775616
882180014095179776
882180178662838273
882180179292041216
882180184408981504
882180270505504768
882180294287216640
882180340109987844
882180363287764993
882180389678264322
882180490886868992
882180528518070272
882180579529293824
882180600211402753
882180627084267521
882180632130068480
882180671497744384
882180705702293504
882180713323388929
882180737927184389
882180743660810240
882180750845644800
882180825059651584
882180831795720192
882180909038018560
882180946518298624
882180977551958016
882181049052258305
882181120611278848
882181121747845121
882181135563972608
882181142253907969
882181180073947136
882181183131574273
882181228325163009
882181336127217664
882181416712380417
882181467199156224
882181488397225984
882181532043149312
882181560358907904
882181587567341568
882181603845394433
882181766685106177
882181787497222144
882181799769763843
882181815116726272
882181821051678721
882181846880137216
882181850797658112
882181858368344066
882181877934772224
882182082063208448
882182122957680640
882182174488879104
882182214229913601
882182216608088064
882182231753732096
882182257921974272
882182291950383104
882182298065674241
882182303866290176
882182400771534849
882182441712201728
882182450235019264
882182501426483200
882182503586508801
882182533093437440
882182543667109888
882182659178475521
882182732176084992
882182734248116224
882182787192770560
882182795690364928
882182844923170816
882182875659075584
882182890817294336
882182901869277184
882183026997723136
882183057738010624
882183086544474113
882183091556667392
882183109457973249
882183121772433408
882183131150901248
882183134917398529
882183202789523456
882183202764447746
882183273144885248
882183315524071424
882183333777727489
882183352719212544
882183369253167104
882183424668315652
882183497061998592
882183547024535553
882183652335116288
882183652398034946
882183649260601344
882183697805520896
882183700057911297
882183712296841216
882183750871855104
882183766327926784
882183803590119424
882183814403018752
882183815594115072
882183836158840833
882183864810168320
882183875283353600
882183907772428288
882183978605785088
882184016606232577
882184022578921472
882184143429357568
882184153118232576
882184173473198080
882184373814087680
882184392399093760
882184519952064512
882184590156324864
882184626676092930
882184632409706497
882184714454433792
882184725540089857
882184771912302592
882184840082329604
882184865814384643
882184870730051584
882184914468253696
882185015584534528
882185059171741697
882185070576107520
882185104482861057
882185112041009153
882185122757398529
882185131808747520
882185150699798528
882185230374850560
882185303846510596
882185306178547712
882185308820852737
882185344371892224
882185418439086081
882185489893249024
882185695737126912
882185696181723136
882185721716629504
882185786459910144
882185865463836672
882185868261412865
882185883952304128
882185932488790017
882185942328541184
882185991070650369
882185995491434496
882185998456717312
882186008837664769
882186039112204289
882186048222187520
882186065288863744
882186074860204032
882186123539337217
882186124583727104
882186135623139329
882186161082572801
882186194586566656
882186195039596549
882186246415683585
882186246189133824
882186262890897408
882186268318322688
882186381836943360
882186413130887168
882186473625333762
882186492751294465
882186507821436928
882186611810865153
882186669184700416
882186745646907392
882186790337204224
882186809735876608
882186851553091584
882186986412527621
882187230529306624
882187242520838144
882187246128041984
882187245255614464
882187265283428352
882187303061524480
882187437958737924
882187447005835264
882187480514138112
882187508985081856
882187574995038209
882187608528441344
882187695564390402
882187783233785857
882187852515340288
882187853748416512
882187866675326976
882187905342590976
882188001429815297
882188035563114496
882188062062780420
882188128638963712
882188220116631553
882188226693394433
882188243206320129
882188265335517185
882188277931016194
882188298965397504
882188302253789186
882188449058611200
882188446357389313
882188455861792768
882188490183671808
882188496441671681
882188525612957697
882188531585646593
882188621469634560
882188633020747776
882188738981441536
882188769977356288
882188800872599552
882188911866515456
882188918417969153
882188937409822720
882188956053450752
882188979566768129
882189187474128897
882189198492672000
882189202410090496
882189213944434688
882189301995450369
882189352746573824
882189387357982720
882189549966905344
882189624709455872
882189746323152897
882189755089375233
882189784164257792
882189791143636992
882189907707539457
882189916402331648
882189937780674560
882190024661491714
882190082140237824
882190097373966336
882190097885650947
882190326009659392
882190482352353281
882190565550559236
882190577261006848
882190610815479808
882190616670679040
882190653521887232
882190653777735680
882190688124887041
882190726838321152
882190729723957248
882190738540441605
882190806576230400
882190818760634368
882190841585991680
882190851316867076
882190946502414336
882191017331617792
882191063536087040
882191238232977409
882191265470787584
882191273716846595
882191326451773440
882191372039712768
882191482870001664
882191620136996864
882191639321743360
882191670942593024
882191681738637320
882191706069848064
882191709253365761
882191718837362689
882191786378231811
882191789893013504
882191802924752897
882191832746217473
882191855651352576
882191858256011264
882191888459194368
882191938795036673
882191987641896961
882192024744718336
882192274179989504
882192274750410754
882192275479998466
882192312436232192
882192325048496128
882192333286105088
882192350516301824
882192408703885312
882192410872352769
882192431403368448
882192431550267392
882192432971907072
882192476831928320
882192524521222144
882192525137674240
882192569169522688
882192636085497858
882192655987486721
882192683669827585
882192707459960833
882192793002799104
882192833054113792
882192940780707840
882192989040373761
882193031163785216
882193082330091520
882193170494357506
882193200609415168
882193241172574209
882193327029968896
882193350409019393
882193368461320192
882193431522672641
882193441547071488
882193473788661760
882193492000342016
882193501886271493
882193504352575489
882193532722851840
882193567581700096
882193575869640704
882193625278550018
882193745835327488
882193816534622208
882193840391802881
882193910147280897
882193930913292289
882194025561808896
882194166335320064
882194196807004162
882194255661461505
882194341392826368
882194373240344576
882194388436254720
882194481512148992
882194492824190976
882194552412672001
882194629462044672
882194658650198016
882194792075206656
882194870454169602
882194878716882944
882194879887155200
882194915219963904
882194933343506433
882194939941183488
882194962007433217
882194964834287616
882195067284402178
882195133864845312
882195309215993857
882195382549319680
882195397158088704
882195399678799872
882195406511374336
882195409837445120
882195415050985472
882195489080397824
882195511738073089
882195525956751361
882195556084396033
882195599495483392
882195636409573377
882195673822752774
882195676540567552
882195729900503041
882195733176340480
882195769981362176
882195783688355841
882195799760941060
882195808489230336
882195811848900609
882195859739484160
882195972155219968
882196044485992448
882196045572304896
882196045488418817
882196090178723840
882196187788574720
882196260626866176
882196304058822656
882196329799307264
882196496338255872
882196560163074049
882196569478529024
882196596313780224
882196639292719104
882196699057463296
882196714601541632
882196728157544448
882196810755911680
882196853391069185
882197001349287938
882197023201611777
882197110673854464
882197221940318208
882197296443797505
882197349002563584
882197357605081089
882197366505340928
882197391872544768
882197394779144192
882197397136433152
882197422876876805
882197466145325056
882197517458440193
882197566603096064
882197608755847168
882197641379147777
882197692532883457
882197835390754820
882197918689656832
882197920426205184
882197921055297537
882198003146268672
882198025334136832
882198049690456064
882198083567853569
882198241441443840
882198249435795457
882198308328013825
882198325788897281
882198421393858560
882198459281022977
882198548376322050
882198598770937856
882198724314877952
882198747878481920
882198754283147264
882198788944924672
882198840446726144
882198978267316224
882199108982898688
882199137890054146
882199182811049987
882199277237407744
882199328802131969
882199355339538434
882199357411512320
882199361362341888
882199396942848000
882199413149634560
882199453477875712
882199580812726272
882199629168865281
882199675021008896
882199712383848451
882199781799583744
882199810975117316
882199814363992064
882199819120496640
882199886879436801
882199935311007745
882199953363415042
882200110725300224
882200164706000896
882200273501945856
882200414770388992
882200491068977154
882200499231092736
882200579317092352
882200682123710464
882200720237264897
882200725576716288
882200734451814400
882200775560134656
882200777892220928
882200818744786944
882200827611545600
882200836344074240
882200845605011456
882200870347255808
882201107879022593
882201140875730944
882201155069243393
882201164376395776
882201237420224512
882201238271557632
882201378864717825
882201518488920065
882201601196404736
882201607697567744
882201663129481216
882201678711316480
882201763302043648
882201779089416192
882201787809353728
882201825574883328
882201855111045121
882201874962710529
882201904046116864
882201949239726082
882201978272612352
882201998669619201
882202093930651648
882202176772288517
882202263011430401
882202293361311744
882202321249345536
882202329948319744
882202336445288449
882202358322798593
882202381882150912
882202411410087937
882202540150067200
882202557564805120
882202595565215744
882202683502977024
882202711311233024
882202746379698176
882202792072531969
882202795558019072
882202802373746689
882202833507950592
882202958376685569
882203200761339904
882203275562557440
882203317413261313
882203358047719426
882203427572502529
882203474120855552
882203479913136128
882203508757454849
882203549635051521
882203581306163200
882203618404958210
882203823741300737
882203850157043713
882203892435570688
882204046169448448
882204142059610113
882204154059517952
882204216676282368
882204298079326209
882204364873637891
882204380954591232
882204394741256193
882204397563981824
882204417944154114
882204481894715392
882204549242654720
882204600023035904
882204602371895296
882204628833718272
882204649385754625
882204733922041856
882204827308216320
882204852155289603
882204888595398657
882204893179785217
882204895964790784
882204910082809856
882204931649925120
882204988252008448
882205017364733956
882205086591660033
882205091792658432
882205192208470020
882205203705016320
882205221023297537
882205238161178624
882205255211118592
882205257232723969
882205264845426689
882205280565637121
882205303936339970
882205384919920645
882205407489519616
882205446005719040
882205507963977729
882205533687734272
882205574196277248
882205633927421952
882205735802818560
882205814588571649
882205893311557632
882205896335642624
882205898734809088
882205907924406272
882205971120041984
882205988891357185
882206064153964544
882206114066182145
882206217539649536
882206328277651456
882206364067483652
882206580867051522
882206690002821120
882206726354817026
882206772219580417
882206790347350018
882206790976405504
882206804188516353
882206870697644032
882206873939849216
882206890444423168
882206979464286208
882206981423026176
882206988754661377
882206989731979268
882207187958976512
882207200739037185
882207277138284544
882207325439893505
882207367781371905
882207372961361922
882207372961132545
882207376937328642
882207423053918208
882207434424635392
882207461486276609
882207515190145024
882207614314184705
882207618625884161
882207619775070210
882207653228929025
882207676096270336
882207713052299264
882207818090258432
882207910922780673
882207917600112640
882208025754439680
882208250376196096
882208276842237953
882208311264907264
882208406911815681
882208435722432512
882208439241494529
882208561799073793
882208591582834688
882208705235824641
882208883120492544
882208908420542468
882209026032979968
882209058350141440
882209059423834112
882209086875611136
882209141963489280
882209233256804353
882209310553628673
882209315393875968
882209349346762752
882209442598723588
882209502736642048
882209576464076801
882209589491630081
882209625709445121
882209742202036224
882209838306086912
882210049506103296
882210164362932227
882210180007645185
882210197116211200
882210264585732096
882210331812036608
882210355988103168
882210356982013952
882210389932601345
882210428218167297
882210527979745280
882210559634153472
882210636326940672
882210698549501952
882210698859864065
882210749082476544
882210884910710784
882210895656394752
882210952246120449
882211002498125825
882211205917675521
882211216311169024
882211398541070336
882211434792439809
882211519953604608
882211585065930752
882211645262630914
882211666712293376
882211676044500993
882211687918698496
882211692209291265
882211696248598528
882211728066580480
882211729865932800
882211744000692224
882211771301462020
882211815417098240
882211818562883584
882211845892952064
882211908685881348
882211943557320704
882211947768418304
882211974830075904
882211985760411649
882211992274169861
882212049492869121
882212073110896640
882212076810371072
882212100172640256
882212128047988736
882212130732343297
882212143239749633
882212147513761792
882212349670719489
882212450552172544
882212479618740224
882212520534171648
882212531976142848
882212542608801793
882212651639734273
882212688973242368
882212689912659968
882212728500125696
882212729511178240
882212812742905856
882212985804140544
882213013079691264
882213021443129344
882213045912698880
882213078833692676
882213093593493504
882213151193878528
882213179161489410
882213184773533696
882213227169538048
882213228163551232
882213311814782978
882213389459533825
882213391556902912
882213393624649729
882213407663042561
882213540618268674
882213627335462912
882213690963046400
882213698504466432
882213707316592640
882213777067954178
882213782906445824
882213817685508096
882213821263351809
882213883125084160
882213883926261760
882213929845493760
882214003250016258
882214020991897601
882214052130426880
882214057054490624
882214159659798528
882214189611196417
882214213929885696
882214282699657216
882214409627684865
882214490447728640
882214574564487168
882214615706456065
882214661533388800
882214746023485442
882214756932833280
882214820652756992
882214912101142532
882214984297656320
882215013716545541
882215081811030016
882215145086255104
882215186941325312
882215242054422529
882215253102256129
882215289127145472
882215289114550273
882215424498307072
882215467594768385
882215634595086336
882215656489398272
882215668556341248
882215759832809474
882215776651968512
882215778459713536
882215801562034178
882215806884622342
882215848513073152
882215898748256256
882215969384312832
882216038175305728
882216052897316865
882216094907420672
882216121604112385
882216127111344128
882216165841522690
882216172673875969
882216177732374529
882216205578366977
882216262155350016
882216315301376000
882216348218269696
882216352362221568
882216374193577984
882216535401668613
882216637751070720
882216659125239809
882216739936886786
882216761755676672
882216773231288320
882216809981767681
882216863652085760
882216978538053632
882216977745555456
882217024059060224
882217120054087680
882217131701657600
882217234336231424
882217251704893441
882217288820305922
882217296663642112
882217377705996292
882217430457753600
882217434312323073
882217438632443904
882217439546757120
882217446974902272
882217454700834816
882217491174481925
882217500007706624
882217547973763072
882217575542910976
882217605016297473
882217635831840769
882217740685258752
882217819605225476
882217837452021760
882217873275486208
882217875951497216
882217946323570689
882218012358696961
882218020550184961
882218022169083904
882218042113089536
882218357163950081
882218379683278848
882218463107981312
882218465825894402
882218542451609600
882218603810103299
882218637435842561
882218641739182080
882218661947297794
882218682478460928
882218728531931136
882218745837572096
882218756235309057
882218858693758976
882218928595972097
882218965367480320
882219035798130688
882219044807507968
882219159907598338
882219175732707328
882219182305271808
882219197484470273
882219298512666626
882219328170577920
882219348315820032
882219425830666240
882219491496792065
882219492289511429
882219563051626496
882219605464420352
882219677493186560
882219769612693504
882219791561478145
882219844309057537
882219895613771777
882219957932752896
882219959958556672
882220043886571520
882220147330736132
882220197821661185
882220250929999872
882220327119585280
882220358203576320
882220433138909184
882220487291670528
882220495441199105
882220528878092291
882220625946968064
882220636223016960
882220675251023873
882220676840648705
882220716212539393
882220735686750208
882220746239606784
882220749645393921
882220752266833922
882220786630758400
882220814728384519
882220848001757185
882220852875599872
882220939190161409
882220954067247104
882220999642689537
882221022971404292
882221056244764672
882221075316297729
882221125975060483
882221140483223552
882221144643862528
882221160238391296
882221172838080512
882221210163085312
882221422470471681
882221429818875904
882221447233630209
882221528275877888
882221532851957761
882221590284558337
882221607510560768
882221656961363969
882221691757371392
882221696954101760
882221718332469248
882221777753124864
882221902005235713
882221953133801473
882221958443790336
882221985874550784
882222089461170178
882222106083184641
882222118586302466
882222117307154432
882222197158408192
882222338552602628
882222389521768452
882222407012024320
882222459000418304
882222472648699904
882222520866394112
882222525194932225
882222649258242049
882222695680749568
882222707118616576
882222723988148224
882222781664043008
882222804648767489
882222932650586112
882222948031102976
882222968432185344
882223031363481601
882223067791056896
882223079145058304
882223090352218112
882223098988310528
882223103438356480
882223210552598528
882223247663788033
882223352777240576
882223382946877440
882223457928400899
882223525951664128
882223562307887105
882223569442398208
882223598710206464
882223606310346753
882223615542001664
882223649188663297
882223655912177665
882223727085268992
882223733808783360
882223780671741953
882223831246663682
882223851068944384
882223856563490816
882223950054469634
882224031319171073
882224056937979907
882224186806198276
882224230271770624
882224259694608384
882224368985804804
882224380453040128
882224381002428417
882224386639630337
882224389726633984
882224402628317184
882224409586610177
882224418692452352
882224471326830594
882224573361553408
882224623366045697
882224679347523584
882224737795047424
882224758837923844
882224796909678592
882224814601142272
882224876832116736
882224900236345345
882224915432296448
882224987297415168
882224998550732800
882225051893993472
882225073909895168
882225103580299264
882225107644665856
882225147356250112
882225165656051712
882225165450477568
882225232068698112
882225246799048704
882225270924738560
882225349609873409
882225520578088962
882225544674385921
882225587296882691
882225633119662080
882225636252819456
882225677419913218
882225679311491072
882225694327140352
882225768453070848
882225795363741696
882225801835499520
882225845364039682
882225853563883522
882225871599394818
882225871981096962
882225925714214912
882225966902333440
882225991942328320
882225999747874816
882226024167223298
882226059718086657
882226082983882753
882226187493363716
882226198037897216
882226247283224577
882226250332459008
882226432038055936
882226452711780352
882226456801292288
882226462815924224
882226543241695232
882226566205509632
882226589928480768
882226659285491712
882226745931440128
882226755800584193
882226785735323648
882226841465081856
882226902873886722
882226929927147524
882226939012030464
882226965943660546
882227117790044160
882227143677181953
882227191790149632
882227310845407238
882227366625394690
882227384291926016
882227409176719360
882227432119578624
882227473634734080
882227537388199939
882227635874480128
882227641377476608
882227654413496320
882227716170317825
882227891886579712
882227921620021249
882227922056208386
882227944969691137
882227981141372930
882227993426489344
882228056173228032
882228065753063426
882228097558470656
882228102994284544
882228131398131712
882228183227125760
882228188113502210
882228252881948672
882228275619262465
882228282879553538
882228293239545857
882228377872158724
882228473745600512
882228543098204161
882228611054526465
882228625323511809
882228672543039493
882228685784449024
882228763030958080
882228838465404932
882228854030553089
882228923937042432
882229016673046529
882229044955287552
882229078228697088
882229105365790720
882229223322259456
882229233225015296
882229294273056768
882229351135268864
882229442428493824
882229524305518592
882229554785513474
882229561089511424
882229599777808384
882229669369712640
882229769336651776
882229781064011776
882229791281340418
882229811183312896
882229824399527936
882229906796621824
882229933526970370
882229960471130112
882230318257844224
882230353687183360
882230376273498113
882230390987075585
882230423111204864
882230425007136772
882230530623684609
882230560097271811
882230583912431617
882230585967738881
882230607891361792
882230642276225024
882230692394008576
882230736484540416
882230753249112065
882230758198435842
882230773427961856
882230809448648708
882230823868547072
882230859599925248
882230887827603457
882230904088924161
882230921990111232
882231059534016512
882231148939759616
882231164173418497
882231229575303168
882231278157922304
882231303977877504
882231327696859138
882231400287621120
882231604281823232
882231640151519233
882231718215909376
882231865855418369
882231930233774080
882231931823435776
882232045992370178
882232107917074432
882232115982741505
882232135498829824
882232198618906624
882232277706563585
882232283578732544
882232336036880384
882232372439244801
882232403808354306
882232432728080384
882232434439450624
882232447299203072
882232531478884353
882232531344646144
882232716967784449
882232832042688513
882232847016357888
882232926376783872
882233018752040960
882233097793789954
882233192849211395
882233194778644480
882233308536614912
882233343282221057
882233365373562881
882233440233562112
882233449574277121
882233451545374720
882233462295494656
882233518604128258
882233529609981952
882233535205183490
882233581979959297
882233595095547906
882233626687131649
882233639496556544
882233665471860737
882233738133983233
882233836293296128
882233848188325890
882233893549625344
882233908938584066
882233934007992320
882234030372134912
882234126316777473
882234126597636096
882234223259779072
882234345418878977
882234349000830976
882234356567343106
882234417946779648
882234522892468224
882234540827316225
882234567700209664
882234675107856384
882234697245495296
882234731592593411
882234769647570944
882234898647568388
882234973931089920
882235054994456576
882235101568008193
882235111059730433
882235163593277440
882235179246518272
882235240177176577
882235311207571456
882235312465772547
882235351296860160
882235360218161153
882235397044133888
882235435132628992
882235471534936065
882235472176709634
882235475867643904
882235478921154560
882235482750451713
882235487683063809
882235495518003200
882235565986500608
882235588551757824
882235709326753792
882235738271744000
882235765899571200
882235797063249920
882235809738391552
882235856647581696
882236002454167552
882236005985771520
882236028995633153
882236068279484418
882236102597390336
882236188010139648
882236195236970497
882236299566096385
882236312492920833
882236312664891393
882236330662604802
882236369338327041
882236418642382848
882236488288788480
882236668501270528
882236690114502657
882236830090842112
882236853075750914
882236940422131712
882236941739208704
882237045736853504
882237050442919936
882237066972721152
882237082189672451
882237234778451969
882237257675137024
882237274133594113
882237278520791040
882237409278251008
882237543198191616
882237570322755587
882237571723669504
882237575662120961
882237577629138944
882237581760405507
882237699377287171
882237714862678016
882237794936123393
882237803408576513
882237842331766786
882237844873396224
882237846861381632
882238006576517120
882238015858462720
882238127003324417
882238136386035712
882238143872868354
882238272554119173
882238273795633152
882238296658673666
882238331874050049
882238353118302211
882238440099778560
882238456088453120
882238476116262912
882238476833492992
882238534614208512
882238571947675649
882238620366753797
882238623483146240
882238643762593793
882238661814833152
882238673508593670
882238679368032257
882238771550400512
882238797219586048
882238847161167872
882238901770997760
882238921903661056
882238925753987074
882238953012817921
882238961531441153
882238966065496064
882238967881641984
882238991902363648
882238995006148608
882239009900175360
882239013633085441
882239070629507072
882239078091149312
882239089059221504
882239206617120769
882239239886446593
882239257334734848
882239345423511552
882239459168858113
882239524625145857
882239548977291264
882239577569865728
882239609517858820
882239614479728640
882239616581087232
882239642296360964
882239693194244096
882239731660193792
882239753722232833
882239762823872513
882239778447646721
882239996702412802
882240060044828675
882240132337864704
882240198540742658
882240252420780032
882240357412610048
882240366300286977
882240529882284032
882240595921694720
882240773030334469
882240781695713280
882240857109397504
882240905234833408
882240910859358209
882240925715632128
882240964722667520
882241049795731456
882241053952180224
882241110042652672
882241134201720832
882241193492582400
882241193970737157
882241230184361984
882241243455135744
882241262287540229
882241284257325056
882241338506440705
882241383972601856
882241424275763200
882241489421651969
882241517846499329
882241520467939332
882241718573293569
882241727947558913
882241742820581376
882241763976634372
882241846956744705
882241909082730496
882241934680576003
882241986475982850
882242059985453056
882242096245215234
882242105963425792
882242198149922816
882242282044489728
882242543680974848
882242563511656448
882242588761313281
882242652384768006
882242714686849024
882242715316105217
882242728720977921
882242740397932545
882242769535848449
882242905594896384
882242932585246720
882243005284892672
882243062671564800
882243077427122176
882243266065776640
882243335846592512
882243382885715968
882243403286814720
882243407736971264
882243431715688448
882243452867670016
882243479799201792
882243515832578049
882243561634365440
882243666122870784
882243732132814850
882243854090588161
882243861048897536
882243864853196802
882243877494763520
882243961611571200
882244076682317824
882244084290768896
882244145313701889
882244170894761984
882244197373415425
882244273793409024
882244348376756224
882244529893584896
882244632201048066
882244632888913920
882244777303056385
882244799251853312
882244852959916033
882244978428309504
882244992860790784
882245011617726466
882245044346003459
882245079359946752
882245082061172737
882245100025389056
882245180648296449
882245242229063681
882245249891934210
882245281785536512
882245421992685568
882245533104054273
882245560077516800
882245589374828545
882245626716717056
882245694895120384
882245759885824002
882245989628690433
882246136316252160
882246232000868353
882246267035947009
882246268680101892
882246283678896128
882246301303414785
882246339534487552
882246350850711552
882246353610526720
882246429762310144
882246443708362753
882246541796356096
882246695169536000
882246712261267456
882246729957081088
882246801100857344
882246805135785986
882246827864707072
882246847447826432
882246888920985604
882246958685007872
882247019238215682
882247024418205698
882247030462087168
882247038636785664
882247038305529856
882247051320360960
882247134581489665
882247172888166401
882247180337197056
882247191309541376
882247210813075457
882247285488455680
882247292006400001
882247467240214529
882247568679424000
882247571346948096
882247586673033217
882247629647884288
882247659406454785
882247667270549505
882247798665687041
882247812834111489
882247915883954176
882247963019444224
882247975313035264
882248027297255425
882248132117094400
882248188668903425
882248204502392833
882248377181904897
882248454214438912
882248454784905217
882248468886163457
882248490675515392
882248534409580545
882248700936032257
882248817080496129
882249049109393408
882249087315320833
882249144202670080
882249169095737344
882249178381918211
882249270564401154
882249343927017472
882249355482324992
882249382862745602
882249389204484096
882249500718489600
882249611007676416
882249635393359872
882249673360236548
882249821574266880
882249891849928707
882249926528434176
882250013547646976
882250022187880452
882250104224309248
882250152106496001
882250188508811265
882250243462635520
882250264375373824
882250341349302272
882250342989213697
882250348290875396
882250477731274752
882250566969282560
882250695193354240
882250702541770752
882250777204576256
882250788671823877
882250860503367681
882250898298327040
882250997640437760
882251003667636225
882251040309071872
882251141618204672
882251145074405376
882251180923072512
882251182781079552
882251288393785344
882251378462253056
882251424939347968
882251456862187520
882251534234505217
882251543554256896
882251589158924293
882251603373428737
882251630686679041
882251656615907329
882251659950338048
882251798203043840
882251813008945152
882251816716701696
882251870697345025
882251907808546816
882251920236306433
882251958819704835
882251964800790529
882252001115090944
882252001408688128
882252011118485508
882252050754678784
882252107021246464
882252121256726528
882252139946536960
882252196204687363
882252228618330114
882252267914657793
882252329151541250
882252342481080320
882252352438362112
882252407337615361
882252471862689792
882252475234955270
882252475671212033
882252548303982593
882252576082845697
882252589886316550
882252671159238656
882252777682071552
882252849337466881
882252888696868864
882252891855233024
882253094238781440
882253266813411328
882253343946665984
882253369099902976
882253377287196673
882253436443557888
882253467066159104
882253554462982144
882253607936049152
882253640219717633
882253655994507265
882253684142485504
882253799666180098
882253817550602240
882253934781452289
882254147864731648
882254164155387904
882254218056400896
882254260917895170
882254381084790784
882254424416169984
882254486835691526
882254527604416514
882254530997624834
882254577520791552
882254672484077568
882254909671911425
882255020858765313
882255033856778240
882255112261038084
882255178157760512
882255356340178944
882255526515658752
882255596589854723
882255605653794816
882255664864743425
882255685899124737
882255726604951553
882255751225454592
882255771567828992
882255861749616642
882255865151139841
882255900714598400
882256039940431872
882256080067231744
882256188079042560
882256288452923392
882256293460889601
882256300322828289
882256440370626561
882256456069918720
882256573531267072
882256610516717568
882256887055609856
882256989371457536
882257075547627522
882257314132238336
882257559499001857
882257612280135684
882257752927735810
882257763619020801
882257784573767680
882257805943689217
882257946800922625
882257978413502466
882257994267803649
882258060076617728
882258065197862912
882258089382227968
882258227764887557
882258324875612160
882258564953366528
882258578333106177
882258662290575360
882258716791386113
882258993221173248
882259008362618881
882259121764020233
882259140470611970
882259208917458946
882259272071041024
882259328102780928
882259463637520385
882259535368515584
882259545506140160
882259610694037504
882259661860294657
882259703962767361
882259857923080195
882259884091346944
882259886918299649
882259935307993088
882260068514897920
882260082456743939
882260222311620610
882260242817527808
882260334198890497
882260403291648000
882260419032887297
882260453493223424
882260557377806336
882260665569816576
882260814685544448
882260936589008896
882261149726552064
882261215518404608
882261373295710208
882261546025586688
882261547506159616
882261642221891585
882261917334728704
882261976927305730
882261997781487618
882262000008519681
882262080543485952
882262108053938176
882262145379049472
882262288304136192
882262297422569472
882262350585360384
882262392356438016
882262409385267200
882262480822652928
882262550729064448
882262634397151232
882262644392161280
882262661081202688
882262697307500544
882262732967432192
882262772674908162
882262885296214016
882262966099484672
882263026635853826
882263039638163456
882263075512045568
882263182492016641
882263192528924672
882263191748833281
882263294555418624
882263688073412608
882263750295814144
882263795602739201
882263885784510465
882263915123572736
882264023080857600
882264035458244608
882264295542751233
882264389637869569
882264542105001984
882264598950367232
882264772540084225
882264800843227140
882264931269324804
882264995349843968
882265068376817670
882265185506869248
882265255761645568
882265258169073665
882265547970424833
882265700471001088
882265701343481856
882265786823454722
882265816951083008
882265996647641088
882266042315059200
882266048413614080
882266452572512256
882266477965058049
882266855041363968
882266892454346752
882266951497723904
882266982585741312
882267076244668416
882267185900658689
882267277747531777
882267537366560768
882267657617231872
882267657373970432
882267731835465729
882267751074672640
882267777003909124
882267825456513026
882268200477577216
882268214193000449
882268284191690753
882268287098290177
882268379746369538
882268499539881984
882268517013352449
882268633346560004
882268829044310017
882268897961009152
882268931779690496
882269069918994432
882269116500934657
882269249753972736
882269325201211392
882269373020483584
882269447402270720
882269569196449792
882269620023046145
882269850873339904
882269852362211328
882269927868125184
882269989558001665
882270061561397248
882270075448721408
882270117622665217
882270280412000256
882270316428492800
882270321180639232
882270386276241410
882270388532727808
882270443293552640
882270444535128064
882270445801795584
882270504329105408
882270530312818688
882270756440338432
882271046820175872
882271063371124736
882271184775237633
882271191192530948
882271278413041664
882271542834585600
882271724888313856
882271810003369986
882271888780734464
882271944825085953
882272041507991552
882272237910446080
882272253358071808
882272256017215488
882272591423184896
882272652202790912
882272667390423040
882272676571750400
882272890162491393
882272914204225536
882272942121517056
882272987692576768
882272999214374912
882273128986136579
882273132412895233
882273304710721538
882273349363171329
882273367352651776
882273499896844288
882273508327346176
882273533891674112
882273552958976004
882273642536722434
882273720282349568
882273805334437888
882273806156529669
882273976743075840
882273995147681793
882274053079412736
882274166845603841
882274265533304833
882274294885232641
882274299905794048
882274335213330432
882274392885145601
882274415425269760
882274570895491072
882274796503011329
882274971095007235
882275001658945536
882275072429391872
882275095602974720
882275134970753026
882275252558061568
882275318639321092
882275433303220225
882275508905541633
882275524978061312
882275598852378624
882275680276422659
882275682637815808
882275775055048704
882275913899155456
882276086222131204
882276130375565312
882276216643964929
882276366540038144
882276482428567552
882276533985042434
882276557087223810
882276791133581316
882276837337866241
882276918720114688
882277150476423168
882277206386454529
882277308140277761
882277347621208064
882277371562397696
882277424507105280
882277461131579396
882277630443171840
882277655877484545
882277669060190208
882277764870668289
882277792351694848
882277827348803584
882277833887895552
882277842591023104
882277931732652032
882278047621296130
882278059054960640
882278162197098498
882278193956360192
882278255436460033
882278296351899648
882278315595268096
882278367877373953
882278372620947456
882278394322276352
882278394578292736
882278400680841217
882278455446052864
882278691786678273
882278711457980417
882279050118672387
882279202103451648
882279282852147202
882279332865077249
882279395414724608
882279516776824837
882279517582233600
882279597693427712
882279612868329477
882279659160948736
882279747862106116
882279948567924736
882279978854952960
882280020428935168
882280034014199808
882280092172341248
882280243645612033
882280341876158465
882280498709639169
882280560730796032
882280771951763456
882280807355863040
882280884245716996
882280893112516608
882280905313857537
882280991661993984
882281009953349632
882281039003086849
882281049979539458
882281058460467200
882281070749679616
882281092073607169
882281158935015425
882281264035897344
882281293471404032
882281303558762496
882281324098318336
882281461243686912
882281529614979072
882281593494274048
882281698909704192
882281772758839297
882281802018283520
882281837669830656
882281871270330369
882281957803032578
882282008000561152
882282067534458880
882282106948333568
882282110521933824
882282167136468992
882282168952782848
882282189953486849
882282260791263233
882282324485865479
882282485098450944
882282655110369282
882282677864411136
882282769044443137
882282784374521856
882282804167548928
882282831120134145
882282867803308032
882282881112051713
882282886094827521
882282897515872256
882282971864104962
882283046736728066
882283067859140608
882283096858603520
882283148985479169
882283190987227140
882283230430416896
882283238378659840
882283545141665794
882283560857731074
882283800683843585
882283922255745024
882284012722671616
882284276175261696
882284322375520256
882284344441790466
882284344177504256
882284423277940737
882284490600722434
882284581986209795
882284605080031232
882284637040644098
882284694058008580
882284777075871745
882284776614494210
882284783061086209
882284791663652865
882284792540258305
882284812635185154
882284839885561856
882284865378541569
882284872009756672
882284927982686213
882285101253615616
882285186397999108
882285186792247296
882285215909130244
882285238944247808
882285650518704128
882285728889229313
882285757339246593
882285840923332609
882286062328061953
882286123384549376
882286155466760193
882286388879740932
882286410895679488
882286446522007554
882286495020847104
882286526213705728
882286631050498049
882286944067211264
882287010207191042
882287095485784065
882287251069317121
882287336658284544
882287345059450880
882287393491038208
882287410800992256
882287575347679232
882287664065544192
882287725243768834
882287750292045825
882287784731578369
882287841333714944
882287891988320257
882287899328339972
882287903484907520
882287926943641602
882288009873424388
882288020233367555
882288153352130561
882288190161375233
882288259891695620
882288311817187329
882288397850640384
882288562015805440
882288664881111041
882288679867355137
882288692051804161
882288834242891776
882288942258823169
882288949066158081
882289084403781632
882289227672821760
882289290646093825
882289528890949633
882289534888792064
882289540475518976
882289542287556608
882289568556494848
882289685061656578
882289704351256576
882289708163878912
882289819879190528
882289919309352960
882289922350211072
882289957867589633
882289987542278145
882289991954690048
882290029036539906
882290036007473152
882290111995666432
882290348747350017
882290411280248834
882290421019406336
882290443307843587
882290468179988480
882290580444913667
882290593891840000
882290984587079681
882291041952571393
882291075959980032
882291113280901122
882291124018327553
882291187452968960
882291261616652292
882291291517845504
882291342440894464
882291608871464960
882291674893910016
882291690215702528
882291697744584705
882291715041775616
882291731542233088
882291809334038529
882291829550583809
882291896139350016
882291970307219456
882292086111916042
882292204995301376
882292227560656896
882292286725423105
882292307831246849
882292320166715393
882292408628772865
882292425267568642
882292456045383682
882292457387548672
882292487481688065
882292502476316673
882292518678708224
882292534797643776
882292563973111810
882292593488482305
882292641647538176
882292670810513408
882292696571944962
882292700678172672
882292787722555393
882292801114951680
882292898825416704
882292948804792320
882292981562314752
882293011899666432
882293016165330945
882293101796216832
882293168078811136
882293215457660928
882293286483841024
882293292494401536
882293362648375299
882293372651790336
882293395275878401
882293401219215360
882293406957002754
882293445313908739
882293488053878786
882293489215586304
882293632669298688
882293804627263490
882293894393856001
882293900404072448
882293924160839682
882293966267236352
882293976056950784
882293980565651456
882294193791565828
882294248728653826
882294307255967745
882294311597072384
882294386113040384
882294407805927426
882294424105046021
882294576542879744
882294625058168833
882294711523737600
882294738698686464
882294739894026240
882294761545240577
882294773939404800
882294778553135104
882294780100825089
882294856110026752
882294940834942976
882294944400117764
882295044396503041
882295089120387072
882295117952032769
882295216455200770
882295297791201280
882295325205180416
882295353969713152
882295383615049728
882295392817356800
882295420587835392
882295427667775489
882295618085019649
882295640927162369
882295762352300032
882295872771547141
882295881474727937
882296046596091906
882296056888778752
882296068809121793
882296132927356928
882296178511155200
882296198224162816
882296210849247233
882296265320615936
882296274636197888
882296281246433280
882296321021022209
882296412356173825
882296447349264384
882296462729768961
882296492400267264
882296537690370048
882296585878724609
882296615666556928
882296638009692160
882296658050121728
882296694448193538
882296785657573378
882296799809212416
882296802304774144
882296823741898752
882296882919342080
882296901831446531
882296944990846977
882296947046068226
882296962363666432
882296978134245377
882297102960689152
882297188235313152
882297217813532673
882297251472605184
882297267356672000
882297284377145344
882297300684603392
882297369202761728
882297382574182400
882297498810888193
882297519790862336
882297555018633216
882297597817389056
882297624996577280
882297715220254722
882297731343167488
882297768181628929
882297778961043456
882297870061142016
882297910049865728
882297932317327362
882297940051542016
882297969747341312
882297970699448320
882298040710828033
882298057316028417
882298061455859713
882298065486565377
882298088026755072
882298094150406144
882298114861912064
882298137330806784
882298175717089280
882298177176686593
882298388523368449
882298566341009408
882298589011206144
882298612348334080
882298623773609984
882298656782778368
882298656854073344
882298703192760320
882298737275490304
882298787313713152
882298805814689792
882298812211093504
882298845505388548
882298941420826624
882298958260948992
882298973784084480
882299004893016064
882299014342770688
882299149726732288
882299182303895554
882299242630361088
882299356417736704
882299370233892866
882299401531781120
882299470846853122
882299575469584388
882299651101253633
882299673712746496
882299730042159104
882299730298064896
882299757745639424
882299759712768001
882299760077672448
882299761499484166
882299765022744578
882299781216952320
882299916403564545
882300092786585600
882300218930323456
882300274123186177
882300327139127297
882300369249882112
882300393933467649
882300432764284933
882300476724842496
882300477177647104
882300485310533633
882300491669135360
882300537009569794
882300547046543360
882300551161155584
882300685102055424
882300691586461697
882300706115506177
882300721370193920
882300728987058176
882300732048789504
882300814970302464
882300996050964480
882301002426310656
882301062765453312
882301087151161345
882301190595334144
882301216423895040
882301224762167296
882301230961348610
882301240851484673
882301247461761025
882301308652408832
882301331700158470
882301335059693569
882301379330658304
882301390911090688
882301392714706945
882301651176050688
882301679793844225
882301737964646401
882301736798613504
882301757514240000
882301764669657088
882301799700590592
882301817304096768
882301826397343746
882301864972349440
882301912418324482
882301993695531008
882302001169694722
882302112180445186
882302148461154304
882302154882654209
882302181289971716
882302223384023040
882302247601942528
882302275607293952
882302326073151489
882302340879060994
882302384600489987
882302387670716416
882302432096772096
882302462232862721
882302471359651840
882302479525974016
882302505388056578
882302577685262337
882302642730422272
882302751736307717
882302799727517698
882302825073659906
882302834481516545
882302850054926337
882302883752022016
882302896267722754
882303005466480643
882303022784753664
882303087469371392
882303089436262400
882303097070080004
882303188451213312
882303277550972928
882303717197926400
882303774974496768
882303913814360067
882304041790951424
882304116889989122
882304200478208001
882304252659499009
882304254115028992
882304259735289859
882304528598482944
882304543685578752
882304554884374530
882304609154367488
882304624644038657
882304624694349824
882304631661088770
882304678943498240
882304687319461889
882304810241994752
882304938260484097
882304967100465152
882304985043783684
882305055281614848
882305059681435648
882305089465188353
882305147950518273
882305309091483648
882305412753739776
882305424514584576
882305531427381248
882305620287901696
882305768824987649
882306085448802304
882306086644142081
882306096463048704
882306161978093568
882306176075128834
882306576886968320
882306618830008321
882306636777500673
882306712790855680
882306765731360768
882306774463860736
882306806705422337
882306846064869377
882306990172667907
882307023253237761
882307081050697728
882307135299866624
882307241398947840
882307301893226496
882307310437224449
882307328753709058
882307352216694788
882307472773586944
882307557372473344
882307566436458496
882307572224729090
882307620752814080
882307671692632065
882307686678880256
882307766257430528
882308024257437697
882308431943741440
882308465263247361
882308514030530563
882308602677137409
882308686139584513
882308753277800449
882308754464813056
882308919368065025
882309056735715328
882309151808008193
882309325288558592
882309352077570048
882309818781978625
882309883097473027
882309905109192704
882309956581695488
882309971727310849
882310211649843201
882310251537674240
882310278913957888
882310381082996737
882310386774618113
882310471151476736
882310475404517376
882310539078139904
882310564403449856
882310653037490177
882310822973788160
882310900249743360
882310926157959169
882310931807600641
882310932290052096
882310952011665408
882310961218170881
882310997725392897
882311005170266114
882311113399992321
882311123931983872
882311138070941697
882311216156352512
882311236528087042
882311247907233792
882311328806965250
882311335639261184
882311348046229505
882311493852725249
882311601055047684
882311699604414470
882311775382851584
882311780739022848
882311810313015301
882311829007081473
882311830227611648
882311849303314432
882311899970490368
882311918333169664
882312038755819520
882312079163752452
882312080749207552
882312105231351809
882312107257155585
882312176538705925
882312363399159809
882312390230110208
882312522463936512
882312595147026434
882312800890228738
882313000954335233
882313023204974593
882313028460531712
882313071099883521
882313210568855553
882313265845587968
882313306207383552
882313335294877696
882313418094637057
882313470145945602
882313731824287745
882313821532155906
882313837671845888
882313874556506114
882313937999589376
882313957985452032
882314114617540608
882314154811543553
882314187984302081
882314260948410368
882314263209152512
882314329575522304
882314352006758400
882314360022069249
882314454913892352
882314569309442052
882314589458669569
882314698754076675
882314702033965056
882314703913062402
882314750943797248
882314759886041089
882314793247531009
882314851938422784
882314911715610625
882314916127948800
882314946331234304
882314948755546112
882315108877086720
882315245917753346
882315288821280768
882315331645079552
882315359948349446
882315613401735168
882315623623217152
882315678975447040
882315703566598144
882315751289434112
882315795589496832
882315908684935169
882315936900026371
882316126490906624
882316177627897856
882316331751690240
882316463096385539
882316502766157825
882316531274788865
882316588271140868
882316658563584002
882316768974442497
882316815598321664
882316848368418816
882316864214503424
882316913786986496
882316928429289472
882316938432704513
882316953645457410
882317079537385472
882317092967649280
882317123565092868
882317226581270528
882317270185267200
882317284513067008
882317376947191808
882317527673692164
882317598637084673
882317633680543746
882317673408995330
882317737338515456
882317767348822016
882317863742308357
882317863389986820
882317872726503424
882317886622244864
882317962358779904
882318066817929217
882318111004913665
882318111181090816
882318207675224064
882318233570877444
882318302646857728
882318344019476480
882318354668703745
882318464119132160
882318489616306178
882318492866883584
882318642188300288
882318711486636032
882318735234748417
882318878457679872
882318887362146305
882318913752764416
882318976973508608
882319015288463360
882319186881638400
882319443069726720
882319453907824642
882319607675092992
882319615296241664
882319637060272128
882319693322866688
882319748058533888
882319756078055424
882319863049572352
882319869798121473
882320016628207620
882320041353650177
882320092993867776
882320140079124484
882320147557609478
882320199956955136
882320238641106944
882320359013351424
882320390596337664
882320418669035524
882320439590178818
882320443532869637
882320516543115270
882320618770898945
882320745925402624
882320746772656129
882320750102925312
882320780964622336
882320804658245634
882320817262034944
882320945012199424
882320975437721600
882321037840576513
882321099546963968
882321102554509312
882321155805241344
882321166328881153
882321427109736448
882321563026116608
882321751488835585
882321941335605248
882322019479670785
882322038995726336
882322053474418688
882322176732532736
882322204624605185
882322296358285312
882322312325988352
882322333234593793
882322433306439680
882322711963369476
882322742263115776
882322787435761664
882322801520234497
882322849565945857
882322868612329472
882322971167162368
882323143905488900
882323145650319360
882323214155862017
882323252063895553
882323306401198083
882323355008946178
882323367524802561
882323480691265536
882323597662007296
882323609343152129
882323657506336768
882323674812084224
882323675055177728
882323871449452545
882323911169462272
882323926436720640
882323946867183616
882323947706044418
882324023518138368
882324404348350465
882324490306416641
882324613413433344
882324698616524800
882324737858338817
882324769118486528
882324826995789824
882324956050272257
882325185000595456
882325366282518528
882325427200589825
882325469378555904
882325514458976256
882325523124420608
882325575884447744
882325705274646529
882325800283983872
882325914981367808
882325923206451201
882325927912460288
882325979561172993
882326430532734977
882326457476927488
882326527123259392
882326545955737601
882326549529276416
882326687605821440
882326759055798272
882326832447672320
882326881961463811
882326913058000896
882326993513193473
882327061725097984
882327067060207617
882327166763118592
882327184379183104
882327208911568897
882327236724043776
882327237017710592
882327245314043908
882327280562962432
882327294999769091
882327332182216705
882327407755235328
882327457847816194
882327462318936064
882327642845925376
882327653797175296
882327817459032068
882327827151978496
882327916851458052
882327919221145600
882328028881326080
882328178085081088
882328184632614915
882328184833888256
882328326135840769
882328337997336578
882328347967205378
882328360680128512
882328369131663362
882328371627216896
882328589294870528
882328636854079488
882328752621072384
882328769821908997
882328802835259392
882328925212377090
882328939838001152
882328966337572864
882328966832500736
882329073699229696
882329121342332933
882329167026675712
882329213663051776
882329220533415937
882329241186181120
882329251730649089
882329487765012482
882329492722765824
882329612881195008
882329665939152896
882329756263481344
882329757236572161
882329777612480514
882329865952923649
882329914514563072
882329930062852097
882329999793164290
882330175777669120
882330262645997568
882330263505825792
882330375653085184
882330484625338370
882330570298191872
882330607778398209
882330662749052928
882331261162975232
882331336400404480
882331473830977536
882331644891471876
882331683621666818
882331716286795776
882331721412333568
882331822616711169
882331845622456321
882331892477026305
882331922655043584
882332091073036293
882332104406827009
882332143304798208
882332223676010496
882332349329006592
882332456069758976
882332673536122881
882332740946976768
882332830151397377
882332935554248704
882332942596485120
882332961600937984
882333025492664320
882333052776665088
882333107797491712
882333142224449536
882333158385045504
882333202479804417
882333208255369216
882333245261717506
882333283811459073
882333293315858432
882333393299668993
882333598250147840
882333605674065925
882333610182889473
882333618248536065
882333667628134400
882333687668518912
882333818438516741
882333938034896901
882333969622151169
882334048521244672
882334202942935040
882334206671687681
882334334157508608
882334453888147456
882334548251508736
882334732020744194
882334990033399808
882335128248356864
882335229670805504
882335334578737159
882335424651440128
882336195983880192
882336212434001920
882336220826808320
882336910215086080
882336948840534016
882336952552480769
882336956310540288
882336974241136646
882336981765812225
882337001059606533
882337013646622720
882337286809157632
882337444854718464
882337602254376960
882337874477232128
882337953820946433
882338100051152896
882338109580554240
882338157462683652
882338227906105344
882338401344770048
882338490318561280
882338599844401153
882338722615873537
882338741683138560
882338842858205184
882338931693555714
882338940145061888
882339206869254145
882339457390739456
882339492702687233
882339618963808256
882339628845604864
882339932898971648
882340115451977729
882340243013328898
882340412433858562
882340437352206338
882340528918081536
882340599030059008
882340628167888896
882340638490075136
882340638477492225
882340801988222976
882340904933175296
882340945106227200
882341007102267393
882341255430242304
882341273277018114
882341295653519361
882341468723183617
882341741403275265
882341877672009733
882341972442320896
882341972303900672
882342184527310855
882342469412810756
882342803912699904
882342839237169153
882342857050402816
882342886699913218
882342962855907328
882343026038845441
882343041226465280
882343105793576960
882343110700871680
882343151528181760
882343264824774657
882343267953717249
882343515040219136
882343689313562625
882343809144815626
882344073662738432
882344282157219841
882344485895720964
882344524693082116
882344537754087424
882344582121390081
882345039392890880
882345207785807872
882345694035628034
882345999724929024
882346112916611072
882346474515963908
882346476470497280
882346504735920128
882346523987783680
882346582473150464
882346670331228160
882346697204150273
882347040528838658
882347377981575168
882347936172183553
882347997480222720
882348105819095040
882348291584741377
882348299361103872
882348507960672256
882348937897795584
882349053878702081
882349379838988288
882349710572490752
882349879959408641
882350063338631174
882350066610188288
882350334349389824
882350422102605825
882350534774202368
882350666160721920
882350952644308992
882351169603088384
882351266575286272
882351371982430209
882351754943377412
882351846089797633
882352213275930624
882352362567979008
882352402971729921
882352416406077440
882353126191353856
882353325131169792
882354117649289216
882354329059041284
882354942006177792
882354971840323584
882355160932110337
882355447465955329
882355509462003717
882355745806790656
882355871312998401
882356236494229505
882356408292954113
882356446238830592
882356642242633728
882356876536631296
882357077691289600
882357891986059264
882358365086638083
882358400348237824
882359366028054529
882361103870722048
882361302378786816
882361434084171776
882361491202224128
882361734102532097
882361786703523841
882361985240899585
882362053918420992
882362058637004800
882362246201999360
882363330681286656
882363532897112064
882363793933774848
882364133311643648
882364311980691456
882364936940384258
882365029760323584
882365114988597250
882365147209015296
882365232223580160
882365516953858051
882365520720392193
882365631571656705
882366231797485568
882366282699599872
882366721750953984
882366992916901890
882367149624492032
882367437852876801
882367513153220609
882367563522609152
882367636390256640
882367806444113920
882368209659285504
882368265967861761
882368284301111296
882368567802564610
882368823541866496
882369103020863489
882369711069069312
882369975314415617
882370137243791360
882370164905455617
882370345294016512
882370507651383297
882370706998210560
882371318401744896
882371574271225860
882371767716773888
882371770778615809
882372241853485057
882372278360604673
882372381033078788
882372604765634561
882372703428239360
882372880864088065
882373244279500800
882373373543800832
882373464098824193
882375098816233472
882375222783082496
882375730025422848
882376281689661440
882377406690013184
882377467952025601
882378363905744898
882379234517409797
882379263265169408
882379469129994240
882379829911453696
882379870298402816
882379927231893505
882379947519557633
882381021987180544
882381095580389377
882381459868266497
882383243487715329
882384469960929280
882387004939534337
