841544595112644608
841544668735242241
841544694819639297
841544729376509953
841544798599290881
841545011976114176
841545471311118336
841546108316860416
841546110791503872
841546420515684352
841546793758384128
841546976038662145
841547020200529920
841547066820165632
841547291697786880
841547537911840769
841547565074124800
841547644048687105
841547662142898176
841547679096279044
841548003206955008
841548283872968704
841548307012997120
841548451745792000
841548900414685184
841549015972007936
841549079482159106
841549116584927232
841549127536300032
841549133219524608
841549935191420928
841549955311513600
841550072953356288
841550259792818176
841550750140518400
841550901269712896
841551200092864512
841551350089601024
841551431526187009
841551440070004736
841551924352712704
841552097132871681
841552166288531456
841552621097930752
841553272909512704
841553500286910464
841553791967252481
841554033785634816
841554224743866368
841554532832301056
841554761816121345
841554937041543168
841555134995927040
841555238431670272
841555429196992513
841555607798874112
841555799495327744
841555832764542976
841556084766720001
841556100684107777
841556291457863680
841556442071072768
841556886847655936
841557042674438144
841557181921124352
841557362238464004
841558768865402880
841558837937209344
841559091625508864
841559448200052736
