819288293250580488
819288782100840448
819289061340889091
819289197462831110
819289303574544384
819289446319276040
819289489336135681
819289696836665356
819289769163243524
819289846812393473
819289878747893761
819289911748685824
819290103482826759
819290171279572992
819290175562010624
819290237520199684
819290322542989312
819290424816836608
819290556517978112
819290616316264448
819290647207280641
819290733844856832
819290875108982784
819290969141022721
819291266345213953
819291694323613701
819291775827382272
819292344323375108
819292346177257472
819292641418428431
819292695730470923
819292712159604737
819292866816131083
819293032654770177
819293049742311434
819293159230423041
819293327669526528
819293373530066944
819293545777479681
819293682675445760
819293902272348174
819294036737589248
819294065976033291
819294267424260099
819294326727577600
819294368318230529
819294410294837261
819294556982312960
819294758845743104
819294836159287296
819295135267692544
819295174979416064
819295373747437573
819295463639760896
819295515598815234
819295522544644096
819295575422156810
819295612931866624
819295741839556615
819295756880330759
819296005388664832
819296075173560321
819296192467177472
819296419760787456
819296608659632129
819296747642044421
819296848854876160
819297219216048129
819297666223980548
819298074229096470
819298355926941699
819298662501203974
819299132217114647
819299226094026772
819299504545525760
819299714822795264
819299948344786946
819300488923508736
819300688815603719
819300977400496133
819301210931036160
819301681200513036
819301715337953294
819301720924766208
819302118821597188
819302151210041344
819302275558543362
819302595718168580
819302722839134209
819302730313465856
