822761408706281472
822761456315863044
822762414563295233
822762788762374144
822762805405347842
822762923638591488
822762940470280192
822763344591548416
822763376732499968
822763954195853314
822764086056329216
822764848392142848
822764908429316096
822764943422476290
822765204329168896
822765244397289473
822765605572874241
822765626410287108
822765835165061120
822765897492393984
822766143068930048
822766281476767744
822766311302397952
822766408027213824
822766502638190592
822766902313385984
822767113509175296
822767239673815040
822767660802998272
822767661436305408
822767923383173120
822768297481564161
822768347527974912
822769034651385862
822769095527505920
822769736266162177
822770052718010373
822770172981379072
822770326853603333
822770408139214848
822770604965240832
822770662490173441
822770689954508800
822770863502217216
822770929088528384
822771107711352833
822771117685436416
822771139642556420
822771296580894721
822771409264975872
822771516731510784
822771584121368578
822771626949353472
822772328727724033
822772331768647680
822772522944970752
822772622966530048
822772648266579968
822772673067515905
822772769507184640
822772862914273280
822773098051145728
822773144276570113
822773155735302144
822773228380766208
822773361340248069
822773626965491712
822773725716246528
822773949595611137
822774004205359104
822774113739608064
822774192164786176
822774535598592002
822774662685949952
822774758169346048
822774761327652864
822774857213628416
822774858232823808
822774893225852928
822774985752252416
822775087933702144
822775095936462848
822775527681458176
822775636607586305
