891086880632176640
891088237044932611
891090876847587329
891091323197034496
891093173048668164
891096010948308993
891096564197883905
891098033731096578
891098362199642112
891098367526395905
891098573089239040
891098794602975232
891100967940358149
891101223285170176
891101225327964160
891102526300467201
891102535318216705
891104027588612100
891104163840626689
891108062827749376
891108083870687233
891108286333931521
891108383448805376
891108802895990784
891110973960052737
891111303439237120
891112360475283456
891114625080676352
891116068109930496
891116609863135232
891120603276742656
891122822474383361
891126679858556928
891130751323918336
891131678751698944
891132221603663872
891132224946548736
891132689994088448
891133236646223872
891136542416097282
891137094114045952
891138715170611200
891139540584419328
891140299183063041
891141759228461057
891143086394531841
891144066171371521
891144316214800384
891144403200487424
891146269565087749
891147029203873793
891147891741294592
891148263851786240
891148428813664256
891148489098493954
891149372448276480
891149647657525248
891150091527925761
891150099908222976
891150205621555201
891150552599605248
891150859513602050
891151295834456064
891151468627202048
891152786393583616
891152975737040901
891153533256466434
891153615188111360
891154864675467264
891154947726876672
891155347724881920
891155573600690176
891155764424953856
891156212674383872
891156330513285120
891157596891222018
891157598485000193
891158412406517761
891158801457479680
891158885771489280
891160100907491330
891160115231039488
891160644963123200
891161070550822912
891162118917107712
891162313230868481
891162389101645824
891162501362184192
891162549504397313
891162704261648384
891163155312889856
891163161277202432
891163198518431744
891163338083901440
891163377761964032
891163977560068096
891164082312794113
891164105343741952
891164132141039616
891164215960010752
891164315000213506
891164329025916929
891164409137164288
891165252381007873
891165301781405696
891165949323333632
891166402291355648
891167412489519104
891167482278551552
891167969136578560
891168105149419523
891168750229237760
891168834455052288
891169316766404609
891169737966858240
891170227375017984
891170540345597953
891171033104998400
891171168086052864
891171301045530631
891171423607279616
891171452216426497
891171466359693312
891171475108937729
891171647738302465
891171687030554624
891172695479635968
891172764433993730
891173164696391680
891173507056496640
891174035165413376
891174253596422144
891174434287099904
891174589669277696
891175018205515776
891175303753728000
891175362184585217
891175416316264448
891175477590753282
891175639004438529
891175681035468800
891175779933052928
891175835943743490
891175891732189185
891175941300527104
891175989136510979
891176116756656128
891176173174214656
891176234905980929
891176332801003524
891176416917770240
891176599923634176
891176608396173312
891176647608717312
891176660187459585
891176748523671552
891176756132143105
891177028971630593
891177096365707268
891177174086160392
891177187499552768
891177273403088896
891177292730335232
891177464134647808
891177711019991040
891177713066749953
891177721958498306
891178084640202752
891178488023142400
891178489151455234
891178552489635840
891178628293283840
891178767858761728
891178771772039168
891178800326881280
891178989041201152
891179060956680193
891179252934115330
891179336174370821
891179442667704320
891179540214685696
891179708578226176
891179708532101120
891179717310763008
891179760100950016
891179765792620544
891179940128993280
891180113886420992
891180386851729408
891180624320581632
891180881016229888
891180887550943232
891180995638157313
891181051682459649
891181198155943937
891181641049284608
891181658795384832
891182110479966209
891182538420604928
891182728644898816
891182788329611264
891182894185684992
891182893548044292
891182907355783168
891182944580231168
891183400052285440
891183619812839424
891183795994599424
891183803695333376
891183845076344832
891184018158440450
891184665733849090
891184849603702784
891184985247494144
891185379231051776
891185402811437056
891185481018486784
891185492368261120
891185505869737984
891185603383111680
891185613264826369
891185733976952832
891185741807661056
891185773336285184
891186053666807808
891186536972259330
891186636322725888
891186682564935680
891186843617767424
891187284535644160
891187799269027840
891187872509853696
891187888075014145
891188119730610180
891188313499021312
891188361611943936
891188420126617600
891188589488472064
891188709089005568
891188874394963969
891188997183221761
891189227198836736
891189351597703169
891189411291025408
891189458711740416
891189576437518337
891189719224258560
891189804490215424
891189875147505664
891189896941064192
891189958387650560
891189984451072000
891190187786719233
891190240693686272
891190245630373889
891190338198671360
891190700586536960
891190771361210368
891190893822308352
891190907822845952
891191048252346369
891191181270450178
891191194214162432
891191208890048512
891191470123884546
891191562671079425
891191567360311296
891191571990839296
891191720133709825
891191888493072384
891191916850819072
891191918511706112
891192055980077056
891192079547867136
891192627776716800
891192737713750017
891192747738189825
891192754059038721
891192833478197248
891193027859017728
891193222302765060
891193377441579008
891193528931504132
891193853730050048
891193932696215553
891194056717381633
891194369310633985
891194424331579392
891195261728563200
891195502980681728
891195528540770304
891195564863496194
891195634413432833
891195817784209408
891195842350256129
891195861513928704
891195876483502080
891196011091304449
891196132273139712
891196357826027521
891196411722817537
891196413601865728
891196448053891072
891196626286411776
891196632800284673
891196768871993344
891197043422756864
891197146766159872
891197171378388992
891197283542466561
891197461590679553
891197838738194432
891197862423474182
891197932707479552
891198184801931265
891198341719228416
891198544069238784
891198622100017152
891198784428007425
891198839402659840
891199000715677700
891199113173229568
891199123365519361
891199479361269760
891199593274261504
891199644969185281
891199809159385089
891199972493983744
891200100856451072
891200175376658432
891200193479233538
891200206531907584
891200416842752000
891200537412214785
891200633625292801
891200678277730304
891201008965124096
891201208781856768
891201256886345728
891201575951192064
891201612152283136
891201628421799937
891201638966448128
891201840104210432
891201947306516480
891202137409060864
891202154995777536
891202361867161600
891202750779936768
891202811622555648
891203012630384640
891203168318738432
891203259507068931
891203291106992128
891203416776728576
891203662793625600
891203672767692800
891203812496736256
891203891433545728
891203927152226304
891203997406826496
891204150696054784
891204173450162176
891204734488653824
891204800947396608
891204935588732929
891204942530306048
891204947252879364
891205171426054145
891205298450567168
891205398379757568
891205483570364416
891205493020143616
891205504516722688
891205571403288576
891205672792150017
891205798143168517
891205849665949700
891206024484487168
891206101416517632
891206661003784193
891206661867577344
891206674400366592
891206725835137025
891206829023350784
891206833578401793
891206848619188224
891206922497658880
891206933537050624
891207004668272640
891207033634029568
891207212420521985
891207225439641600
891207235673706496
891207267714052097
891207417857527808
891207451206443008
891207859874213890
891207874000674817
891207889737715713
891207962768941056
891207988689743872
891208059439239169
891208329174945792
891208392269860865
891208452252422144
891208721807888384
891208727147184128
891208983217815552
891209000083005440
891209138214248448
891209186360655872
891209252429287425
891209289297219584
891209412379115522
891209442200608768
891209574333784065
891209910574362625
891210442437267457
891210749367943168
891210765901996033
891210938061402113
891210941592985600
891211210829574145
891211280157097984
891211384150732800
891211458763272193
891211639885836288
891211667027234816
891211778146922497
891211851740192768
891211852952338432
891211886569676800
891211952109883392
891212021294923776
891212436694597633
891212598275866625
891212654718722048
891212962941284355
891213063050989568
891213105417596928
891213242713780224
891213245486424064
891213266789302274
891213323500433408
891213342215475200
891213385689440262
891213493717925888
891213732541587456
891213855837364224
891213881175154688
891214026633510917
891214041674379264
891214041921748992
891214212546138112
891214214492282880
891214274328244224
891214274315649026
891214335921594369
891214345371353088
891215130285023232
891215374913597440
891215386431160324
891215477795586048
891215582858792960
891215700689383424
891215712399872000
891215890347438080
891215990087970816
891216086540197888
891216139128369152
891216278966456322
891216287036301312
891216359799042048
891216429823000577
891216469857644544
891216496822759424
891216499251306497
891216505291108353
891216668789288960
891216728776220672
891216739362537472
891216786078740480
891216837131866113
891216972704354304
891217276611026944
891217476972945408
891217655394336768
891217695571664896
891217769903136768
891218024749047808
891218126062407680
891218296510570497
891218306493009920
891218343050584065
891218475192119297
891218562441981954
891218632730128384
891218654620209153
891218679844802560
891218764058021888
891218820009951233
891218937177878528
891219004563619840
891219113850306562
891219143634161664
891219240681959424
891219332994387969
891219342062485504
891219399708901376
891219628122361856
891219658996678657
891219762155585537
891219973766565888
891220019887079424
891220107153866753
891220159934980096
891220172102664192
891220197369106432
891220204260397056
891220238074859520
891220252914274304
891220330605416448
891220337010126849
891220408585859072
891220512516567040
891220564840468480
891220619492241408
891220771066007553
891220896765153280
891220923776466948
891220926498557954
891220960313004032
891221082048532481
891221139971878912
891221181528932352
891221192446808065
891221228106776578
891221248574984192
891221313288908800
891221420948287488
891221437079576577
891221506671431680
891221563931992064
891221573268512768
891221587759910912
891221613898862592
891221678864429056
891221684556099584
891221754311528448
891221768240644100
891221771537567744
891221889649082368
891221895219118080
891221916505317376
891222000483667969
891222015457316869
891222012902768640
891222051272486912
891222112890966017
891222133983985665
891222148907487232
891222609047715842
891222610931064832
891222654857957376
891222708947750912
891222788081676289
891222814811934721
891222940209094656
891223027861430273
891223070014414848
891223083876585472
891223193565974529
891223207990132736
891223333471223808
891223426987438080
891223514308542464
891223627101851653
891223673088217088
891223762498191361
891223774187663360
891223775823507457
891223944010903552
891224221636055044
891224276505956352
891224373654433792
891224454675746816
891224537123217408
891224901251715072
891225025956765697
891225163433488385
891225339053170688
891225420598849538
891225479059042305
891225584541368320
891225593559343105
891225648420851712
891225657866424320
891226041871716352
891226107885662212
891226207802535936
891226381597716481
891226493673766912
891226576586715137
891226794040279040
891226802307379200
891226818258374656
891226829331279872
891226885266472960
891226960512339968
891227025754775552
891227044696264705
891227222140485633
891227319767109633
891227558884372480
891227578371067904
891227676945547264
891227752858365952
891227769446834176
891227825625333760
891227864359727104
891228035860615168
891228383383883776
891228543954427904
891228737127276544
891228749030543360
891228759663288320
891228858057412608
891229178410020864
891229313579704320
891229320550785028
891229321356070912
891229342294052865
891229345188106241
891229383544983552
891229402012540929
891229604744241152
891229637220728833
891229753918853121
891229760554184704
891229947276251136
891230053664686081
891230125353652224
891230328714649600
891230438529912833
891230487016067072
891230739676770304
891231535621341185
891231826986942464
891231851632873472
891231931584610305
891231966892355586
891232114984849408
891232353942740992
891232359537934337
891232368945704960
891232412902076416
891232521442209792
891232727030280192
891232733913067523
891232774472048640
891232865048031232
891233072187936768
891233087224512512
891233092840697856
891233171370627072
891233284172206080
891233301649920000
891233366829400064
891233397988786177
891233422882070528
891233471204646912
891233491899297792
891233537520787457
891233585453248512
891233592914980864
891233641237553152
891233726478393345
891233866786029568
891234019173699584
891234405695406080
891234446984269824
891234509554896897
891234752665178112
891234809388969984
891234914284294144
891234925655056385
891234970957688832
891235125165527040
891235504502525952
891235526891720705
891235550245511169
891235954849189889
891235964269494272
891236071320805376
891236123783122945
891236516172886017
891236677460660224
891236770481922050
891236841550172160
891236866841649152
891236883862364164
891236960387444736
891237019833298945
891237020281995264
891237039999508480
891237127064780800
891237215673745408
891237376336547842
891237648962072576
891237803660587008
891238062935728128
891238098310443008
891238209405034496
891238247602548736
891238295652503552
891238305479745537
891238433292787713
891238553874726912
891238617418530816
891238670509916160
891238741054029824
891238750088564736
891238753200680961
891239068880842753
891239112614793216
891239161407176704
891239167019143170
891239177664253952
891239193770434561
891239208232333312
891239369859895296
891239369952120834
891239371432759297
891239387182379008
891239509853130752
891239569114505216
891239580221001731
891239692577984512
891239711502729219
891239766183866369
891239772336922626
891239797825654784
891240111203115009
891240217474199552
891240256443342849
891240544193720320
891240714406854657
891240723110137856
891240796690710528
891241000609468416
891241069156978688
891241127998783488
891241534208737281
891241568702783488
891241901873131521
891241993367683072
891242088997715974
891242150972805120
891242320544354307
891242360201388032
891242401964187648
891242466833301504
891242611490664449
891242696286904320
891242708836073472
891242711310905344
891242773353046016
891242814721343489
891242868630847488
891243110528942080
891243223494078464
891243631922876416
891243760612454401
891243957077893121
891244066133946368
891244411757121537
891244421349593089
891244530648965120
891244702120513537
891244837000892417
891245333736456192
891245374433832960
891245439781134336
891245533888688128
891245641682341889
891245675303886852
891245710166896640
891245915373273089
891245973938294784
891246062505259011
891246077600550912
891246245490159616
891246329682423808
891246373886210049
891246455192780800
891246511610355712
891246523396358144
891246715751329796
891246725821845505
891246850510028800
891247040851832832
891247221320015872
891247417416437760
891247531807604736
891247558999363584
891247686103519232
891247760355229697
891247915771076608
891247972012498944
891248101796827136
891248148093579264
891248206436331521
891248288091000832
891248432773509120
891248451668910081
891248523907411968
891248531884953600
891248561593233408
891248720628416512
891248724038561792
891248730753597440
891248747476385792
891248810734870528
891248823749795840
891248974367260672
891248982470656000
891249016218038272
891249072308457473
891249244480430080
891249257575051264
891249455240007680
891249682407723009
891249688053207040
891249998716964865
891250021206822916
891250253466394624
891250297716310016
891250422702329856
891250517745291264
891250588779859969
891250913373040640
891251171092049920
891251247726067716
891251260824879104
891251303430721536
891251767672946688
891251836124110848
891251968701861889
891251967116423169
891251973391101952
891252007482392576
891252044115390464
891252070422106112
891252406192885761
891252471829598208
891252482088861696
891252600418467845
891252666428477440
891253336116256768
891253385705476096
891253394131886080
891253404848328705
891253484368138240
891253718531932162
891253719077179394
891253835997511680
891253937147449345
891253971440087040
891254026905546752
891254065539231744
891254190722482176
891254247479758848
891254248368992256
891254466980302858
891254509686673408
891254638904827904
891254674111836160
891254751291113473
891254784862375936
891255314774982657
891255451970678784
891255495100686336
891255509860454400
891255641926492165
891255727393787904
891255731692994564
891255744217190400
891255940514811904
891255963193397248
891255964581711872
891255970634108928
891256030788583425
891256041400221696
891256064334757888
891256132081025024
891256547111821313
891257110578831360
891257119940456450
891257168518950913
891257250026856449
891257345040363521
891257350128054272
891257431216594949
891257432051257344
891257510572818432
891257511994683392
891257541350629379
891257548728401920
891257607540932608
891257873740812288
891257965642211328
891258260665315328
891258482569228288
891258499228987393
891258652312707072
891258742825734146
891258889966170113
891259041762115584
891259191733760000
891259326450593796
891259361909231616
891259514325942272
891259518427987968
891259565160976386
891259725987360768
891259797185712129
891259861484400640
891259943407505408
891260120147140610
891260124093976577
891260681831555072
891260760063717378
891260798428958720
891260878196281344
891260933720375296
891261043124690945
891261120387981313
891261190697091074
891261550979371010
891261571229417473
891261607212351488
891261820719202306
891261834925400067
891261957545885696
891261967905828865
891262026726522885
891262140094533638
891262306075672576
891262343325376512
891262347993649152
891262428725604352
891262516482932737
891262758897016832
891262835505991680
891262975964794880
891263033690816512
891263096534294529
891263151899115521
891263194836197376
891263268421066752
891263309403627520
891263600958074880
891263852721123328
891263977069694976
891264554600194048
891264707587444737
891264762608316417
891264841125593088
891264902433841154
891265309667151872
891265969305395200
891266023730671616
891266131360714752
891266405978566656
891266459535626240
891266691707027456
891266773416382467
891266823387217920
891266890902851584
891267035904135168
891267060524879873
891267068481462272
891267165977968641
891267308647137280
891267377530327040
891267648830529537
891267667897745408
891267680774356992
891268175492468736
891268187395936256
891268280517832705
891268630528372737
891268729044119554
891268823369871361
891269115104591872
891269159002099713
891269288803401728
891269317995757569
891269555913453568
891269786197471232
891269838202601473
891270032243793920
891270196442411008
891270323156463622
891270444107673600
891270660294684673
891270724949692419
891270831044775937
891270836820357121
891270844365885444
891270871251374080
891270874086637568
891270919699791872
891270949902962688
891270981569925122
891271033679998976
891271111488356352
891271119998779392
891271148234825729
891271223228944384
891271383711350784
891271910151118848
891271962554580992
891272102569013248
891272227781566465
891272412704235520
891273271844499456
891273358645628928
891273360742768640
891274365995823104
891274610938982400
891274619780571136
891274769030684673
891275168420691968
891275464282689536
891275954793791488
891275991598891008
891276020489367554
891276078853087233
891276319820001280
891276402196185088
891276404972826625
891276491748724736
891276716106276864
891276737170075648
891276746338836483
891276869588459520
891276894150287361
891277047078809600
891277135742210048
891277190339461120
891277218298679297
891277414533353472
891277695170031617
891278641111412736
891278702155313153
891278734967418884
891278736905129984
891278745490903041
891278810196451329
891278901229621249
891278939125157893
891279121686417408
891279421918859264
891279593721786369
891279618854068224
891279829378772992
891279836907540480
891280676753985536
891280749743230976
891280869931003904
891280886750171138
891280911974756353
891280925346148352
891281164450885632
891281358265470977
891281477035585537
891281631910268928
891281950870294528
891282041119145986
891282052464750594
891282159440285696
891282168588242944
891282233402818560
891282257486413825
891282311802736640
891282434389663744
891282704985141249
891282949492137984
891282995868520448
891283073945481217
891283079469432832
891283094485049344
891283422580273153
891283481879343104
891283746640539648
891283806761738241
891283827137662977
891283827401908225
891283836872663040
891284101524795392
891284245443903489
891284308132081664
891284600449884160
891284841572032513
891284861369151488
891284912568971266
891284965949833217
891285040491057152
891285095683948544
891285136490336258
891285245567406080
891285259752484865
891285666511892480
891285822535860224
891285839300485120
891286036394979328
891286102505656320
891286256126234624
891286326879846402
891286375869427712
891286584305344512
891286587023216640
891286606375788544
891286699048873984
891286769525809152
891286876509884416
891286975369674752
891287068386742277
891287070206984192
891287159285706752
891287202830962688
891287240462172162
891287310192529409
891287328676864001
891287658823077891
891287843930345473
891287969042239488
891288009127186432
891288057168769024
891288105717772288
891288129184964608
891288154296262656
891288274295238657
891288465136119808
891288489236582400
891288494936600578
891288561793855488
891288609877348352
891289053873754112
891289067966668801
891289105623113728
891289496939098112
891289566606479361
891289594418929664
891289708575289344
891289712911990784
891289716561248261
891289722424786944
891289753462681600
891289766410506240
891289889962065920
891289972774490112
891290049576394753
891290052713750528
891290121898647552
891290167364988928
891290241994285056
891290260839288832
891290295341641729
891290444403027970
891290527114682368
891290744262082560
891290789422170112
891290870393262081
891290920863375360
891291039943753728
891291278981218305
891291301127143424
891291309926961152
891291401799053312
891291746054934528
891291779957391361
891291821489500164
891291946257448960
891292037563252736
891292110242140161
891292288575561728
891292301263286274
891292308515303428
891292313275834369
891292367592009728
891292379222855684
891292435241984000
891292555253620736
891292721163489281
891292737080840194
891292862469550080
891292951241994240
891293109451202560
891293360803151872
891293491288002560
891293520501387265
891293536578088960
891293559122530304
891293671378825221
891293697828106241
891293839826329600
891293847988428800
891294044256702466
891294069800009729
891294108538589184
891294269499031552
891294279552843777
891294373513658368
891294537452277761
891294764829691904
891295029741989888
891295192908800000
891295698280472577
891295985871323136
891296008742862848
891296114925764609
891296582976638976
891296703705427969
891296815613693952
891296973051113472
891297263628279809
891297270032994306
891297359732387841
891297474203328512
891297785483452416
891297795658797057
891297828810752004
891297869659025408
891298149721092097
891298272500908032
891298356152201216
891298636994367488
891298677125414912
891298850954248193
891298904918175744
891298971863437313
891299012317515777
891299102209781760
891299160070270976
891299841271136256
891300059786211329
891300111510368260
891300173988724737
891300311809363968
891300711753019393
891301065571926016
891301071628492801
891301100858593281
891301630569828352
891301732080287745
891301777303326721
891301780801409024
891301784576241664
891301931121086464
891302188563169280
891302297770360836
891302307622785024
891302741334786049
891302802462568448
891303420350480384
891303485932797952
891303735380647937
891303753491591168
891304000326426624
891304104756219905
891304121134796802
891304225413763072
891304272658407424
891304282376556544
891304300957364225
891304392426737664
891304482348380162
891304513415634944
891304810154147841
891304821197864964
891304927972163584
891305028300013569
891305201579302917
891305676013699072
891306230408511488
891306292400332800
891306433924534272
891306587918413824
891306600614551552
891306707967778816
891306801496510464
891306963316998149
891307177452765186
891307229055471616
891307232780066816
891307325939527681
891307344516308997
891307849980289025
891307943580377089
891308075562479616
891308360334798849
891308361504968704
891308396762116096
891308430908108801
891308454526300160
891308566145007616
891308593479389184
891308636735242240
891308664941944832
891308831208243202
891309058485092353
891309111572287488
891309211937894402
891309270918209536
891309316610850816
891309423574044674
891309498727620609
891309541811474433
891309655426838530
891310245422739456
891310313454358530
891310808344428545
891310827613147140
891311301971988481
891311334058369024
891311445715161088
891312351080837120
891312360065032192
891312363424497664
891312368843620356
891312368705183744
891312554789621760
891312617880473602
891312618752925697
891312624700346370
891312662071582720
891313033452171264
891313108639199232
891313156399804418
891313254789767168
891313427171487745
891313641336844290
891313725914918912
891313825022177280
891313965946388485
891314020522881024
891314048154951681
891314139368501249
891314185333870592
891314292540231684
891314395632082944
891314403223777280
891314454973042688
891314504730112001
891314577467555845
891314751766188032
891314756702875648
891315140674678785
891315608889024516
891315640702824448
891315667693076480
891315905812148225
891315993049526272
891316005217107968
891316055271976960
891316112339677213
891316136624738304
891316723105837056
891316749521563650
891316876156047364
891316951946940416
891316974105485312
891317256772300800
891317391480815616
891317913940045824
891318069385195520
891318086393090049
891318374839586816
891318594201681920
891318658038976513
891318819125374977
891318999765725184
891319293631229953
891319304158838785
891319316393721858
891319351755890688
891319447239229441
891319695269257216
891319907534516226
891320149839622145
891320158903468032
891320191082168321
891320193263206401
891320218034872320
891320382862569474
891320612152627200
891320697582231552
891320804088197120
891320975555481600
891321005582450689
891321113669767169
891321223447289856
891321507569336320
891321733982060544
891321895202762752
891322154918326275
891322288288694272
891322332257673220
891322358501228544
891322419507597312
891322427141009409
891322534372626432
891322595651538944
891322842670931968
891322950238040066
891323134455840769
891323244338454529
891323278152916992
891323372650549248
891323701161062400
891323712045281280
891323902378610689
891323924549689344
891324120763441152
891324129462431745
891324129210748928
891324327672639490
891324364674801667
891324584473112576
891324594967150593
891324783916445696
891325090062888961
891325298893103104
891325312423821316
891325330421673984
891325358246686720
891325469743874050
891326003888492547
891326004467187712
891326075304894466
891326101213130753
891326231664263168
891326305505087488
891326569364561922
891326691309748224
891326861309083648
891326923665809409
891326970625228800
891327211738890242
891327383818711041
891327458426933249
891327459605454848
891327466517790722
891327661435482112
891328279411662848
891328328677773312
891328646811705344
891328707461226496
891328771764219904
891328800532967426
891328849480474625
891328921718980608
891329109380542464
891329413429723136
891329417456345088
891329471592239106
891329472804343809
891329812572364801
891329892683526147
891330071201550336
891330175870349313
891330182937812992
891330291075354624
891330315012120578
891330458084143104
891330462047772673
891330484927700997
891330777769799680
891330787051753472
891330892609634304
891330897928003586
891330999552012288
891331093055582215
891331258881638400
891331317736124416
891331324602179586
891331663472582656
891331904154345472
891331914568802305
891332154193399808
891332379876491268
891332492396908544
891332502471692288
891332631769612292
891332671749672960
891332716054052865
891332775713832961
891332839463157760
891332941086953473
891333069369729024
891333505581449216
891333614943817728
891334220290904065
891334382694391808
891334557043113984
891335012561412096
891335017829412864
891335141636878337
891335426488897537
891335440934064128
891335476065427456
891335583976624129
891335701677170691
891335796942413824
891336025435492353
891336272559697922
891336335520346113
891336875146964992
891336984349769728
891337199907737600
891337340161056769
891337392052895744
891337409610350592
891337489985794048
891337524576169985
891337526706708482
891337637658714112
891337703220027393
891337860292509696
891337862045605889
891337963346554882
891338117394780160
891338407976198144
891338948945076224
891339004125347842
891339010899136513
891339228939866112
891339265157758976
891339504824537090
891339557203058689
891339929875357696
891339946509844489
891340291822800900
891341065831276544
891341077143330816
891341237533511680
891341402948456448
891341414411403264
891341438641987584
891341465275826177
891341565939109889
891342561633345536
891342568730091521
891342567412867072
891342576300773376
891342620747812864
891342661822664708
891342679379988481
891342704940077057
891343026760683520
891343181887004673
891343283137519618
891343572624166912
891344100628328450
891344545778204674
891344775617495041
891344878512332806
891344945163980800
891344964910800900
891345075111948290
891345081512452097
891345097660534784
891345172591771649
891345193785589760
891345407120470018
891345578680102914
891345779348164608
891345797291356162
891345901171744768
891345981672960000
891346000329273346
891346130268762112
891346431646330881
891346737696317442
891346770768404480
891346886044430336
891347127959515136
891347244598874113
891347269978652672
891347319379165188
891347551605194752
891347594328371204
891347640033484801
891347784628154369
891347814491586561
891347852701700099
891348032381440000
891348291715301378
891348335679983616
891348419230433281
891348452067737600
891348690434240513
891348864955011073
891349192429510656
891349252848447488
891349365536817157
891349719305289729
891349722715361280
891350071731781636
891350116099076097
891350130007388163
891350209569193985
891350243790475268
891350407569604608
891350754707075072
891350923192279040
891351135323381760
891351244626956289
891351374981726211
891351414630490112
891351659800133632
891351693736243204
891351856563314689
891351904722321409
891352025002323968
891352253424128000
891352353256988673
891352615430352897
891352625240838144
891353205556301825
891353500596269056
891353691386769409
891353813512310786
891353920827789312
891354044186472448
891354211857858560
891354274462134272
891354323057332224
891354380502536192
891354497217437697
891354526388715521
891354540284542976
891354609528320000
891354653371371521
891355005806104577
891355230767599616
891355285998252034
891355727079624704
891355777197367296
891355842167152640
891355865319694336
891355871632125952
891355942272602112
891355999772266496
891356030474616833
891356354576764928
891356562320531457
891356819674812416
891356871885500418
891357014751936513
891357049979797505
891357061128355840
891357164714971136
891357236727099392
891357624582758402
891357664382509056
891357677410021377
891357711467782144
891357967634886656
891358108601241600
891358145699876865
891358283612729344
891358653235777537
891358668012351488
891358749595750400
891358826569637888
891359054135742465
891359295308255234
891359473377447936
891359504385880064
891359523071557632
891359758543966209
891359859043684352
891359880736641024
891360174572744706
891360195946958849
891360231678107649
891360311315492865
891360425236975621
891360465598771201
891360524717502464
891360639582654466
891361426601897985
891361665291354112
891361673717706753
891361883294486528
891362022587330564
891362042673848321
891362071253839873
891362345448079360
891362574247362560
891362641142308864
891362675611009024
891362689129119744
891362789738110976
891362818464894977
891363160552349696
891363211584385024
891363357760073729
891363481177534465
891363547015516163
891363627680370689
891363679324831744
891363774762012675
891363784429899777
891363843594735616
891363864314613764
891363943137984512
891364007319392256
891364056715730947
891364396856954880
891364466079780864
891364464364335104
891364732116008960
891364751929901057
891364847350362114
891364892430741504
891364919387590656
891365032738435072
891365215991975936
891365407545843713
891365469801902081
891365540656287744
891365727625728000
891365797326729216
891365830742745088
891365966550106112
891366477177204736
891366492142436354
891366579828609025
891366679535640576
891366727870820353
891367014735937536
891367093941280768
891367124962344960
891367445382004739
891367617809743872
891367836807036928
891367847221485568
891367982064181249
891368068089344005
891368291960270848
891368314508857346
891368496311009280
891368837882490880
891368906857873408
891368962696634369
891369007311466497
891369289294516225
891369400372211712
891369403970977797
891369404805656577
891369476914106368
891369545780281345
891369949427634176
891369963717627904
891370037449248770
891370156684955648
891370242311688192
891370347966205952
891370412361338880
891370826221711360
891370853966983168
891370940550053888
891371230158344192
891371267957411840
891371360445976578
891371518848106497
891371738960977920
891371787514241024
891371865301807104
891371891944030208
891372097523646464
891372393050099712
891372681542721536
891372915492618240
891372920991354881
891373032744386561
891373113543446528
891373413306183680
891373585155194880
891373671130038272
891373820677726208
891373831612387329
891373918728200192
891373951951273985
891374023573200900
891374028757368834
891374119840821249
891374230029381632
891374366746959873
891374409667268609
891374469620523008
891375483140616194
891375659452334080
891375668726046720
891375773126467584
891376199859154946
891376247435128832
891376333380620288
891376433498648578
891376591468625921
891376688906612736
891376745768726528
891376887490117632
891377063654957056
891377106256613376
891377246451183620
891377582951854080
891377822169804801
891377961617809408
891378154895441921
891378561092911107
891378571494785024
891378591748898816
891378829578702854
891378840819445760
891378949523214336
891379129840488451
891379166314188800
891379302159323137
891379347365523456
891379361861033984
891379371923181570
891379399530078208
891379434980356096
891379681588649988
891380076109074435
891380084682129408
891380172863266817
891380315750531072
891380565894627329
891380601013628928
891380990249238528
891381027247202304
891381079025823744
891381469578395652
891381660004081666
891381689662009344
891381708813152257
891381715318583303
891381775125151744
891381829957283841
891381863880765443
891381874148462592
891381905400135680
891381909036691456
891382008018083840
891382036505735168
891382070773256192
891382136523108352
891382300247773185
891382438252949504
891382691056291840
891382915816357888
891382944966864897
891383196717285376
891383303995105280
891383399092539393
891383831298748416
891384040120619009
891384302394642432
891384466396020736
891384767312257030
891384951555444736
891385092232409094
891385410403917824
891385899988246529
891386214259068930
891386366742933504
891386402008686592
891386493255766017
891386645202731009
891386778812284928
891386902384857088
891387019796111360
891387059222573056
891387378107117568
891387424818962433
891387737688993792
891388216808493056
891388222701490176
891388364343083008
891388398656774145
891388509407203328
891388626927529984
891389031812038657
891389085960548352
891389152775725056
891389331671220225
891389485463875584
891389589012844545
891389682315079684
891389732076310529
891389911760330752
891390025723768832
891390122079465473
891390153998176257
891390322487570432
891390394067537921
891390569523687425
891390778844512256
891390795709919233
891391083875373057
891391181698945025
891391733249884160
891391777948798976
891391837914660864
891391912925704192
891392061672488961
891392100192972801
891392127191658496
891392309870419968
891392420222574594
891392479429308417
891392608408358912
891392721792978944
891392884804657152
891393153042743296
891393159837622272
891393304948092928
891393491888111619
891393536716926976
891393645202608130
891394048115826693
891394233562804225
891394389200732160
891394419085254656
891394537968586752
891395657159901189
891396336372899840
891396528174247937
891396543579901953
891397452129083393
891397477320011778
891397483695415296
891397946369093632
891398290390093826
891398719224107008
891398884915793920
891398954616803328
891399130823753729
891399292476379136
891399507669372932
891399580121804802
891399641887068160
891399704868728832
891399900394643457
891399999388569601
891400022591500288
891400357666062336
891401126792318977
891401668532850688
891401818344968192
891402130006921216
891402138110349314
891402205969993728
891402262039474176
891402349780008960
891402513181798400
891402652701122560
891402963071225856
891402971300409345
891403058084794378
891403387807334400
891403552463220740
891403572151189504
891403834693750786
891404033935765504
891404514472980480
891404886541303808
891405145443053572
891405433440800769
891405828112216064
891406668097040385
891407208696741888
891407224404365318
891407384811372544
891407608590077953
891407612264230917
891408137118515202
891408239962673152
891408576446705664
891408676120121345
891408706306494465
891408752167063553
891408922384490497
891409194494164993
891409546215919617
891409663631261696
891410031832334336
891410334497615879
891410403145777153
891410425753071616
891410468664991745
891410504664707073
891410580300595201
891410964817596416
891411095646347264
891411504666472449
891411714750783488
891412010507923457
891412075712524288
891412314481721345
891412454407786496
891412894092546052
891413018072014848
891413021859266560
891413025865048064
891413028624900097
891413313653010432
891413655639732226
891414266955390977
891415827756593154
891416225603096577
891418058505539585
891418078617239552
891418416317386753
891419355891859457
891419478889811969
891419532602085376
891419702702075904
891419726748024832
891419771253792768
891419805252812800
891419927990743040
891420384570077184
891420620688424960
891420792579379200
891420848241987584
891421023526170625
891421405539074050
891421497906126848
891421659311329280
891421750432366593
891422157380648960
891422175017807872
891422179694227456
891422413157793794
891422433219162112
891422475246084096
891422572423860224
891422819090878466
891422989769637893
891423026587336704
891423088335826945
891423119537307648
891423201288388608
891423239712501760
891423591807553536
891423610241302528
891423681112678400
891423913644769280
891425227019886592
891425709910102016
891425865778724864
891426189113520129
891426507175886849
891427207670882306
891427586835873792
891428020543684613
891428121257299969
891428417324888070
891428529786814464
891428734334619654
891428815930609668
891428944955703296
891430645712506881
891431092074541057
891431121325576192
891431315823878144
891431831303856129
891432152063238144
891432432595070977
891432794718654466
891432820920336384
891433067688202244
891433134318866436
891433595394441217
891433699044208640
891434684017778692
891434719614824449
891435211661225984
891436412670574592
891436717693128704
891436863789117440
891437486450278400
891437578351673344
891437743003271169
891437893125885953
891438001137627136
891439087445520384
891439214977482754
891440244796661761
891440378007695360
891440706149113856
891440995396706304
891441477603262464
891441477867503616
891441659011051520
891441901215203328
891441937005383680
891442168484605953
891442537663221761
891442653870645248
891443005827293184
891443221246742528
891443500641730560
891443878888394752
891444008488128512
891444525159395328
891444533254209536
891445287960674304
891446498101043200
891447295845314563
891448221708554240
