915003464899428352
915003747771781120
915004838416699392
915006739640209410
915006894271602688
915007959222112256
915008030579847172
915009459910561792
915013928538841088
915015234120765441
915017368618831872
915018525193965569
915018575009779712
915019181027979264
915022858648252416
915023109752807424
915023706447126529
915025512107466753
915033296861581313
915033669378510849
915033923138277376
915034457429614593
915037004173336576
915037229621420032
915038709757759488
915043500239986688
915044286323941377
915046678109065216
915047245472522240
915048028712476673
915048692339679232
915048767891677184
915049054849191937
915049895983185921
915050332496986112
915052061493944322
915052620254994433
915052634037456896
915053796333690880
915054506391621632
915054643063005185
915054917890568192
915054965898534912
915055018633506816
915055303456063488
915055563939164161
915055594716921856
915055631870066688
915055681279062016
915056360903053312
915056567212326913
915056717389582338
915056739497766914
915056808267526144
915057745279242240
915058357706227712
915058636480708608
915058828890210305
915059676466827265
915060145788305411
915060352072781825
915060769972211713
915060811374239745
915060851161419776
915060891921604616
915061168032624641
915061344772255745
915061507079249921
915062045707571200
915062416936984577
915062576035311617
915062605332537344
915062607450537985
915063118589554688
915063457652887554
915063583863721984
915063870443495424
915063866308018176
915063940358508545
915064024076898309
915064121355309057
915064293921521666
915064540882141184
915064669353779201
915064924581351425
915065080852750336
915065300642668544
915065400026578944
915065539143389187
915065606327676930
915065900709146625
915066052777840641
915066443468824583
915066850144346112
915066967328985089
915067267456651265
915067277954994176
915067637951995905
915067708949123072
915067801043382274
915068014306918400
915068016588713984
915068052592619520
915068088009285632
915068185484853248
915068196876640256
915068575081222146
915068790668480514
915068969467486208
915069117799047169
915069128179945473
915069153974865920
915069234761408512
915069240012673024
915069309000482816
915069464638640129
915069568338452480
915069766955683840
915070007457013761
915070027132436480
915070120980045825
915070186402844674
915070223014924288
915070838864535552
915071085288312833
915071095044280320
915071366684119040
915071413052047360
915071423177269249
915071425177903104
915071419549208576
915071543000092674
915071572016340992
915071592257875968
915071631260872705
915071929224179714
915071992411410433
915072177648672769
915072370167177217
915072391243497472
915072548827750400
915072576904364032
915072579337105408
915072593954193408
915072626762108928
915073147216506880
915073152832692224
915073230486065153
915073326007144448
915073567221481473
915073597202366464
915073624138244096
915073909111656448
915073965076262912
915074075424378880
915074121096138752
915074139559481344
915074236838014978
915074246770085888
915074384171274240
915074394011074560
915074454174224386
915074514685431808
915074800082735104
915074813462540288
915074876712669185
915074921914650624
915074936024248320
915075069755392001
915075130115727360
915075189444026369
915075278153682944
915075315994628096
915075352506064896
915075466419154945
915075522018840576
915075642705825792
915075647525056512
915075807458025472
915075870490025985
915075942262857728
915076005844406277
915076216088121344
915076243640418305
915076446250569728
915076574797533186
915076666623512576
915076718905487361
915076910866141184
915076981414416386
915077042764476417
915077156396568578
915077174880882688
915077208053571584
915077709834932224
915077711500103681
915077714566172672
915077802805923840
915078115600289792
915078210827771904
915078259481694208
915078344982564870
915078478013153287
915078488998084613
915078634695688192
915078765478338560
915078766652743680
915078766216531968
915078804028248066
915078831823781888
915078834235506690
915078851977412608
915078901424062464
915078910563495937
915078912908173312
915078963327840258
915078974962880513
915078976086843392
915078978813100033
915078997347848193
915079056957288448
915079077480058880
915079160695083008
915079253196144640
915079296493989898
915079298456985601
915079541063696384
915079647955750913
915079868769034240
915079908170354688
915080156368326657
915080189561982977
915080236886355968
915080359783563264
915080406998896642
915080441589252096
915080528142983169
915080538985320448
915080729222107136
915081090813046785
915081096165052416
915081144504344576
915081327900282880
915081453490380800
915081552287207425
915081675436122112
915081692691550208
915081733736947712
915081736714903553
915081778825744384
915082018643415040
915082053691084802
915082176013766657
915082205805858816
915082251293126656
915082248084389889
915082326614396928
915082370486820864
915082406608228353
915082433678254081
915082533049655296
915082617485185024
915082622958751745
915083018296889344
915083029751533573
915083241488400386
915083319544631297
915083499417296896
915083526516744192
915083633463001089
915083851088764928
915083886631243777
915083954801258496
915083997650157568
915084000938663936
915084002792542208
915084060971749376
915084345186164737
915084511750295552
915084523028795393
915084556419698688
915085019294650368
915085037904830465
915085069651447809
915085375231741952
915085432186163200
915085568534564864
915085589510270976
915085616353873920
915085705285701633
915085780728639489
915085848462462979
915086001369964544
915086058035040256
915086289841659904
915086304047747072
915086329628758021
915086399132590081
915086527469932544
915086611301437440
915086657463910400
915086673930805249
915086736484651008
915086791845253120
915086835637981184
915086864960417797
915086930316070912
915086956882796544
915087130430406658
915087144007405574
915087183513604096
915087208981385216
915087269350002689
915087274920030209
915087281190522881
915087291508391936
915087303638343682
915087315004821504
915087326698762240
915087500674240513
915087541728157696
915087731478482944
915087832988909568
915087857496281090
915088061666611200
915088148862001152
915088198723932160
915088233746354176
915088261915299840
915088277367132160
915088290453344256
915088312179871744
915088401296183297
915088419201667077
915088719362785280
915088817702522882
915088877618114562
915088979581636608
915089021528928257
915089178777571328
915089198683697153
915089263603208192
915089315230814209
915089414342180864
915089477684666368
915089543350636544
915089563542048770
915089583318224896
915089620118974464
915089641258274816
915089648225062913
915089918321455104
915089938097610753
915089979734417408
915089983958110208
915090094159273990
915090130012078080
915090294831501312
915090296421175296
915090328281059328
915090556216332288
915090639909523456
915090752077778944
915090756225961985
915090814648426501
915090853324054528
915091091564658688
915091140814233600
915091505097986050
915091525494886401
915091597196447744
915091796580904961
915091819360280576
915091831163035648
915091839744581632
915091843074928640
915091889308782592
915091931734081536
915091941825630209
915091952672149504
915092058100109312
915092108557635584
915092349801377792
915092393333972992
915092637375492097
915092659244556288
915092730065416192
915092736281387008
915092849837969408
915093055266488320
915093086405058560
915093242684813312
915093321860681730
915093360976760833
915093488374571008
915093490517909504
915093570046038016
915093572445196288
915093677277696000
915093710152577025
915093713193447424
915093773570514944
915094019914424320
915094066572009472
915094068480311296
915094073651941377
915094074281070592
915094284185083904
915094290614890496
915094392754593793
915094448840855553
915094487537537025
915094542369648640
915094818887553024
915094880686411776
915094958150995968
915094989306236929
915095023561134081
915095056985423872
915095072575754240
915095124283183104
915095194755911680
915095198497214464
915095218705354752
915095237248323585
915095277970870272
915095336582041600
915095342852591616
915095417041440768
915095533999525894
915095581462339584
915095596796715008
915095773435564032
915095815454158848
915095967174668289
915096109365657600
915096120375873536
915096275334369280
915096321878581249
915096360432685057
915096398651101185
915096447330193408
915096565559255040
915096586371452928
915096588523057153
915096607254810624
915096637504094208
915096655711674368
915096842664325120
915096870086684672
915096958443941888
915097032452444160
915097114694356992
915097162844864512
915097245728559104
915097251382472704
915097262056988673
915097403795099648
915097480349540352
915097541678702592
915097558506246144
915097745089814529
915097754917056512
915097836450123777
915097862031147010
915097876904251392
915097923691610113
915097945585930240
915098056550469632
915098228022026240
915098244467838976
915098287581143040
915098353066799104
915098391289516032
915098414353920000
915098505525547009
915098560047304704
915098575704674304
915098706076160000
915098915640356865
915098929678700544
915099065737674752
915099111325442048
915099209908523008
915099316364169216
915099385398202368
915099418659033088
915099458207191041
915099542575607808
915099700851855360
915099771412545536
915099843252629504
915099866371706882
915099910101520385
915099978619654145
915100102103932928
915100249580097536
915100285919547392
915100334846021632
915100380303826944
915100392966541312
915100451707768832
915100518153904128
915100562592550912
915100844944654336
915100849281650688
915100887848308736
915101043771498496
915101126831280128
915101143738355712
915101175665610752
915101227742121984
915101360370192385
915101366577717248
915101405454700544
915101576594907137
915101621901778944
915101674846507008
915101680827551744
915101824545378305
915101847295287296
915101854136225793
915101890597343232
915101910268555264
915101931504357377
915101969580265472
915101994557362178
915101996767698944
915102123863535616
915102169430454272
915102175977787392
915102190800338944
915102204494848000
915102217799110656
915102220181438464
915102271859560449
915102343292768256
915102495298539521
915102568115826688
915102581260734464
915102591398371328
915102779135361024
915102804523483136
915102825398579200
915102869531058178
915102877105958917
915102879005990914
915102893358936064
915102940356124672
915102966339784705
915102973465899008
915103059860164608
915103087907491840
915103166034841601
915103349300752384
915103384432234497
915103406318026752
915103505987272704
915103556025319424
915103847789613056
915103948046036992
915103985446551552
915104039028785152
915104128119971841
915104128367517696
915104133266526209
915104138035425280
915104187385511936
915104268348280832
915104312023449601
915104346798424065
915104394143846400
915104400867291136
915104414213574657
915104416788860928
915104434673287174
915104447654760448
915104491497775104
915104502025539584
915104542211047424
915104622574006273
915104659211038720
915104718996811776
915104774458085376
915104791394754560
915104882524393472
915104886433468416
915104900920614912
915105094374449152
915105135667245056
915105187953594368
915105282904268800
915105347060289537
915105364957331456
915105398084046849
915105399333965825
915105404371251200
915105387174612992
915105446888865792
915105550626693120
915105572122501120
915105582411067392
915105584176869377
915105644868521984
915105650639802374
915105659489832962
915105851186274304
915105860044644353
915105894773542912
915105919540789248
915105953678282752
915106019197546496
915106167063531520
915106172859973632
915106182003609600
915106192233566208
915106193768615936
915106235493601280
915106358684520448
915106358785138688
915106384856961024
915106411566288896
915106486761771012
915106622111928321
915106684493864962
915106725035900930
915106736251555841
915106782799900672
915106815221882880
915106877914181632
915106904866787328
915106929877422081
915106945341825024
915106949993201665
915106953315209216
915106952912543744
915107016561106944
915107256164929536
915107260866682880
915107312402145280
915107386452582401
915107389375991810
915107583790387200
915107658574770176
915107729995436034
915107847108792320
915107860585025536
915107883846701056
915107907632431105
915107988565872640
915108082405007360
915108096179146752
915108153188143106
915108355286405121
915108398445850624
915108422139424769
915108423792037888
915108428632162304
915108431450836992
915108494570921984
915108507103498240
915108534823669760
915108555212062721
915108583368470528
915108589919928321
915108607322095617
915108619351461888
915108767204827137
915108790311227393
915108813556142081
915108821424594944
915108824901660673
915108882925662208
915108889225564162
915108899958779904
915108945248653312
915109118549078016
915109126296018944
915109152061521921
915109164598382594
915109172970180608
915109175411298304
915109280147296256
915109347633586176
915109382668668930
915109598788546561
915109602102054912
915109683488272384
915109693273645056
915109694590603264
915109727457116160
915109753013129216
915109929618427904
915109937432469505
915109955094577152
915109988179304448
915109989072678912
915110112766971904
915110121663008768
915110261631025153
915110283873538048
915110419517382656
915110430024052736
915110436219101184
915110442669920256
915110484352872449
915110511561277441
915110551654723584
915110628020416512
915110671351713792
915110828906598401
915110859541753856
915110888356614145
915110974734110721
915111105013436417
915111137993207808
915111244289454080
915111285909524481
915111366037590016
915111415459008513
915111439433633792
915111545281097728
915111622204706816
915111686633345024
915111686780178433
915111710532435969
915111777456844800
915111833098444800
915111876656234496
915111928153935872
915111978473050112
915111980800847873
915112039433072642
915112202507603969
915112217393102849
915112309227425792
915112339560714240
915112385748324352
915112422096154624
915112489637072897
915112554762031105
915112588261957633
915112669899878401
915112740196319233
915112753169346561
915112847667077120
915112937152491522
915112978277597184
915113087207866368
915113123425775616
915113176932417536
915113221022924802
915113257521876992
915113351935594496
915113491228495872
915113501324185600
915113512678158343
915113527702106112
915113621411307520
915113642319863808
915113678307020800
915113763992330240
915113804874354688
915113816438054914
915113835270475776
915113868329996288
915113880325689344
915113905613131776
915114009942257669
915114078800138245
915114096374222848
915114142771683328
915114197108666368
915114199013085184
915114199587672064
915114200728350720
915114371566772224
915114452139339777
915114452063842305
915114461706489856
915114601750069248
915114637527539712
915114676459106304
915114876447723520
915114908357988352
915114917040132096
915114926288465920
915114999164624896
915115021025316864
915115039006355456
915115074653696000
915115101866332160
915115108405321728
915115212646346752
915115302320590848
915115419429679104
915115456284966913
915115525201698816
915115563738963968
915115607779106816
915115614364143616
915115667510177792
915115692847980544
915115699303051265
915115719641190400
915115766462238720
915115797495902208
915115805041467392
915115820321316864
915115837840801793
915115890106093574
915115916106588160
915116019517214720
915116051972706304
915116092586110976
915116089247453186
915116095723458561
915116101180280832
915116106678980608
915116149305741312
915116166288470016
915116207082135553
915116207019315200
915116222005485569
915116253072822272
915116358005817345
915116364716806144
915116389962305536
915116589195853824
915116617662681089
915116680870850560
915116719965921281
915116726517473283
915116731252842496
915116833010798592
915116859120340993
915116941186097152
915117042084270080
915117042466000896
915117137341140992
915117150767075328
915117203749507072
915117232790876160
915117259944738817
915117270459809793
915117298574331904
915117299719434240
915117487678791680
915117744957169664
915117756013531137
915117759238897664
915117759612067841
915117790436188160
915118040727080960
915118079285370880
915118130518781952
915118185195671553
915118253021831168
915118293417152513
915118497734291457
915118555515015168
915118582803177472
915118594438189058
915118620279234561
915118674448650242
915118749967093761
915118803960332288
915118835304452096
915118838097829890
915118894431571968
915118973204692992
915119136363155456
915119172883025920
915119217195790336
915119228251914240
915119236007284736
915119323508813825
915119374469681152
915119383730671616
915119449056989184
915119462810050560
915119542648664065
915119589851324416
915119654875668480
915119686068658176
915119700820004864
915120112197410817
915120130773929984
915120152647266304
915120155377758208
915120163879571462
915120198272856065
915120323984592897
915120400081801216
915120452472852480
915120483145744384
915120490087317504
915120491937042433
915120601966268416
915120611348934656
915120668852834304
915120750566273025
915120799534796802
915120842073415682
915120937456021504
915120948176703488
915121249826873344
915121417955528704
915121444610244608
915121489095151616
915121503355768833
915121572792422400
915121589364183040
915121743030763522
915121757358624768
915121761435492352
915121781073162240
915121795077898241
915121919644467200
915121926582030336
915121959070990336
915121995569807360
915122039123513344
915122055078711297
915122155553214465
915122403075919873
915122418921955328
915122424219361280
915122434285752320
915122572450246657
915122585846808577
915122632969932801
915122634647642112
915122664003514368
915122687550291968
915122903418642432
915122975430594561
915122979423555584
915123004711079936
915123024956919808
915123053092274176
915123067902398464
915123071987650560
915123075179479040
915123074248429568
915123225549557760
915123256776101888
915123348031574016
915123384111058944
915123425689120768
915123425433325568
915123444550955008
915123452243333120
915123470148816897
915123508992147456
915123738550718465
915123775301193728
915123789264035841
915123919304175616
915123921019637760
915123949188640768
915124031749328897
915124035876478977
915124072102625280
915124177740402690
915124222397173761
915124227803631617
915124268316405760
915124500701810688
915124515239165953
915124515520286720
915124528929374209
915124585544192000
915124589591764992
915124647406063616
915124668088094720
915124732521000960
915124782710042624
915124789165031424
915124833104666624
915124862213087232
915124876016541696
915124965023903744
915125011429588992
915125057172762624
915125058011586562
915125103557533696
915125148109459456
915125189926637569
915125246805585920
915125261976395776
915125293383331840
915125324756738048
915125352640466944
915125388346580993
915125403932643328
915125407480983553
915125422366523392
915125467669307392
915125474157834240
915125480663273472
915125487386718208
915125487764164608
915125530034352130
915125537517047808
915125570144481280
915125575764779008
915125598892314625
915125637605658624
915125651866361856
915125655079092224
915125675543195648
915125722674614272
915125732527017984
915125793487024129
915125850336583685
915125944137998336
915125997007237120
915126048555114497
915126059871354881
915126105425825792
915126110886793216
915126120021921792
915126149545676800
915126175701323776
915126196907773952
915126208018468864
915126215626952704
915126233381441536
915126384833339392
915126426013175808
915126454840684544
915126485626867713
915126486465687554
915126519390986241
915126586248228865
915126602337521664
915126676513853440
915126703571292160
915126706314280960
915126713180413952
915126772877979648
915126816079269888
915126867711201280
915126874237538304
915127011487682560
915127026243264514
915127057679552512
915127075572510720
915127119704985600
915127211673440256
915127215733579776
915127225523073024
915127235883003904
915127271668817920
915127276450324480
915127282582392833
915127325724958720
915127345673068547
915127346046304256
915127375674970112
915127448580345856
915127474136154112
915127482638045185
915127792962072576
915127808363462656
915127849820016640
915127862734331904
915127871533928449
915128032179949569
915128042690945024
915128045127766016
915128093819404288
915128162547314688
915128309008273408
915128332370497536
915128403451408384
915128454890360832
915128468110749696
915128590416568321
915128653033418752
915128746201534465
915128748147642368
915128835758202880
915128863994384385
915128867345616896
915128958152212481
915128972505174016
915129042428239873
915129078256201729
915129155922141184
915129257604546560
915129297823711233
915129427767578626
915129431504670720
915129460214702080
915129469047902213
915129544952049664
915129568398397440
915129587755077632
915129607875170304
915129698983858176
915129773529198592
915129818001367040
915129835596533760
915129845067259904
915129847617343488
915130001477050368
915130031936086017
915130064433504257
915130075368054784
915130145790414848
915130159258316800
915130188593287168
915130205915795457
915130252640309248
915130325885272064
915130547944529920
915130547986419712
915130589652688896
915130701393072128
915130803276918784
915130810235281408
915130832460943361
915130873170808832
915130886764589056
915130992150663168
915131068918980608
915131081313198080
915131093183008768
915131283218542592
915131324498890752
915131372154564608
915131392970936320
915131478111064064
915131491562160129
915131760870031360
915131762497466368
915131818768240640
915131868684652544
915131889433837568
915131981633122304
915132006203379713
915132055855534081
915132128546914304
915132301171884032
915132321082302464
915132407719825409
915132409653420032
915132410211250176
915132421493919744
915132424484474880
915132434190143488
915132437046362112
915132499927461888
915132523365191680
915132558375038976
915132597596049408
915132696485089281
915132702797348864
915132794296299520
915132852370632704
915132856447520768
915132905298579456
915133004170846213
915133034491498496
915133042334863361
915133076908453888
915133094604283906
915133108026052609
915133187189346304
915133271972904960
915133295372926976
915133299651170304
915133353581584384
915133367334694919
915133377304567808
915133388486569984
915133411316158464
915133426784772096
915133504744251392
915133598717632513
915133690639998976
915133697485131776
915133902653722624
915133935100858369
915134008224354304
915134145805914112
915134223194968065
915134253297520641
915134279696490496
915134331617710085
915134333324808192
915134373191651328
915134390581301248
915134487821942784
915134490682515457
915134514812346368
915134524979384320
915134581283672064
915134600128663552
915134602167164928
915134610517803008
915134626623926278
915134638875664384
915134643954843649
915134647083954177
915134657980715008
915134743821389824
915134744307929088
915134768177696769
915134769779937280
915134830966435840
915134862398558208
915134863702884353
915134897530064896
915135042480955393
915135052949934080
915135067747430402
915135238048813056
915135301571502080
915135323872677888
915135335516004352
915135370131591168
915135386153865216
915135409763516416
915135447323602945
915135477531004928
915135591620255744
915135596468817920
915135649958817792
915135663867092992
915135712806219776
915135853206409216
915135877961089024
915135891491958785
915135903311556608
915135910068580352
915135913503723520
915135928817119232
915135967169835008
915135973075415040
915135994394968064
915136002561323008
915136015274299392
915136080147558400
915136108261933056
915136112695312384
915136203812253696
915136281562222593
915136439469449217
915136461502074880
915136614527008769
915136691756830720
915136705866485760
915136739089534977
915136784576675840
915136845154938881
915136930198802432
915137091062915072
915137123354804225
915137315101708288
915137352498114560
915137355182419968
915137389504421888
915137433976614912
915137476230045696
915137490507493376
915137587421032449
915137596866613248
915137827003883520
915137862349328385
915137940275245057
915138035779596288
915138064439226369
915138101714014208
915138108567511040
915138109192462336
915138148904177664
915138190704508928
915138313509642240
915138379582509062
915138472427614209
915138569093738496
915138612345307136
915138783020044288
915138857049444353
915138883083530240
915138995742543872
915139126994903040
915139139032494081
915139152978386944
915139155163795456
915139158347325440
915139165368483840
915139169072054272
915139171395817472
915139172121366528
915139182753980416
915139201137561600
915139244355719169
915139275540353024
915139359162142720
915139362777653248
915139390711660544
915139439478886401
915139452900724736
915139551340978176
915139597667045378
915139709025873920
915139728206385157
915139890236526592
915140010336296965
915140105618300929
915140133447446528
915140187717586944
915140219871154178
915140308786180096
915140332362354688
915140376851304448
915140421084381185
915140444371193861
915140449198845952
915140488553947136
915140527800143874
915140638022275073
915140732234723328
915140747103494149
915140772227371008
915140807585406976
915140916289130496
915140917501325313
915140928733577216
915140943518584832
915140967610687488
915140969040924672
915140992268988416
915141234032877569
915141334373150720
915141436957478912
915141547661910016
915141596122841088
915141683993604096
915141699588018176
915141720840523776
915141886553333760
915141958477152256
915142008641114112
915142057110405120
915142208092860417
915142254397927424
915142281468022784
915142293379846144
915142405623513088
915142409360519169
915142468533915648
915142478365364224
915142481976659968
915142745827704832
915142789238796289
915142823707594752
915142882163613696
915143142910906368
915143145226145792
915143196371505152
915143231654055936
915143352428965889
915143484071464960
915143488680943617
915143556326621184
915143572424404992
915143625771757568
915143679941140481
915143909889765376
915143998657921024
915144068933521410
915144139049709568
915144340053401600
915144354779496449
915144355521974272
915144366573924352
915144383552475136
915144394218643456
915144453962137600
915144466520006656
915144475709763584
915144497574633473
915144532760678400
915144575894867969
915144602021134336
915144729934823424
915144789795930112
915144807873482752
915144810633334785
915144879990349824
915144887070330885
915144970071355392
915144983287496704
915144992229695488
915145046365802496
915145072215248896
915145257297248257
915145361815203840
915145460142231552
915145485983371264
915145498222317569
915145546062553088
915145643986911232
915145690690572290
915145697816645633
915145712656093184
915145997889818624
915146013257715713
915146026876592128
915146104051847168
915146372256542720
915146431631171584
915146609012461573
915146609721270272
915146664767303685
915146713320615936
915146727048515584
915146746837204992
915146769582915584
915146780458840064
915146815791616000
915146867264114689
915146870640578560
915146934880489477
915146935870410752
915146956221091840
915146995865735168
915147044406398982
915147071048552448
915147099074961408
915147143001845760
915147198857383938
915147277056045056
915147305887698944
915147347755225088
915147406748061698
915147436838006784
915147556363145216
915147722243690496
915147787691544576
915147801016897536
915147803919347712
915147818989481985
915147879647412224
915147908994994176
915147933829550081
915147938489405440
915147952192086016
915147988527333376
915148004834684928
915148023126269953
915148064675057664
915148177971597318
915148216257138689
915148233193684992
915148344015642624
915148454673993728
915148481861423105
915148578330431488
915148802465697793
915148899727405056
915148906941607936
915148957092900864
915148997467279363
915149006870892544
915149074093035520
915149163184234496
915149254599041024
915149427156881408
915149433263869952
915149435717513219
915149471515803648
915149497793204224
915149619079909376
915149755101204482
915149850374803456
915149850555109377
915149904074461184
915150025721819136
915150188515414017
915150188527931392
915150254529499136
915150453096222720
915150499208417280
915150535296200704
915150561938468865
915150644733870082
915150712425893888
915150761482432512
915150935353159680
915150996074123264
915151052017668096
915151077305126912
915151086096470016
915151202681262081
915151208393924608
915151301293625344
915151384617668608
915151537009315840
915151550875660289
915151679942688769
915151698074710016
915151713241370624
915151739514441728
915151780455092225
915151861522542592
915151952295710720
915152009174626304
915152028355133440
915152040107626496
915152108239900672
915152239479713792
915152283096305664
915152289459040256
915152296442462208
915152309646131200
915152483860860928
915152495113994240
915152510360240129
915152627381473280
915152653759471616
915152672948391937
915152673544003584
915152687284572160
915152700563652608
915152714308505601
915152729265319936
915152831602098176
915152834018074629
915152840594771968
915152883649323009
915152908257255424
915152913726623744
915152914536071168
915152925894340608
915152947935432704
915152949013368837
915152983456874496
915153063878516736
915153073869385728
915153116907089920
915153216073080838
915153248637652992
915153276999471104
915153311715725312
915153315360632832
915153326462980096
915153361053286405
915153429688979456
915153462379319296
915153530750726145
915153537050476544
915153548404514817
915153580805332992
915153656835657728
915153685688324097
915153748497981440
915153770631266306
915153922393870337
915153965607718912
915154026609639424
915154026983038977
915154108805459969
915154115247902720
915154190502174720
915154205870092288
915154232600342528
915154267983446016
915154410719907840
915154419083350016
915154469788282881
915154469255565312
915154469926481922
915154472187367424
915154474775175168
915154565678419968
915154571927998464
915154581713227776
915154640211193856
915154736898363393
915154882818117633
915154889260490753
915154954452656129
915155003194642432
915155020525522945
915155030105296896
915155101907587072
915155109277048833
915155198342987776
915155307621490688
915155525351936000
915155566271574016
915155724317192192
915155725978099713
915155783368704001
915155857788293120
915155909403402240
915155937417138177
915155957877022720
915155977682526209
915155989414006784
915156054517927936
915156055713370112
915156062206078976
915156097127911424
915156111338156032
915156124587962368
915156130996867072
915156139431616512
915156143864938496
915156146935214080
915156257165672448
915156448933548032
915156463353565184
915156508089843712
915156521356484608
915156523038461953
915156525362053120
915156790958071808
915156849024028673
915157016427024386
915157056742674432
915157068226662400
915157116314427392
915157183565910016
915157248204328961
915157297420132354
915157308757413888
915157308958789632
915157402042978305
915157471655858176
915157576245026817
915157649586577408
915157828360376320
915157856042864640
915157862854352896
915157873486913536
915157919406149632
915157993825718272
915158243772653568
915158288987312128
915158310210490368
915158529534722048
915158656395698177
915158741498068992
915158800054804480
915158831067475968
915158940413030400
915159015058964480
915159162216173569
915159184013963264
915159192209633280
915159222538637313
915159316209983491
915159372703072256
915159554387795968
915159606736941056
915159659174035456
915159847091531776
915160082714955777
915160193297731585
915160523116867584
915160737957412864
915160749990957056
915160803237543939
915160899085832192
915160940680814592
915160952756092928
915160964760252416
915160989737324544
915161003318489093
915161003704414210
915161054191243264
915161067436761093
915161069965987841
915161114048176128
915161167143763970
915161180813086720
915161249251545088
915161296756252672
915161456974450691
915161669801824258
915161695932338177
915161705281413121
915161733655916544
915161841264885762
915161887481966592
915161890040500224
915161927495618560
915161996902961152
915162018197524481
915162016192528386
915162031623372800
915162166575140864
915162250759086080
915162261991419904
915162393998712833
915162469802192896
915162514396196865
915162543890616320
915162552169934850
915162792516308992
915162860975779841
915162892160430080
915162963606212608
915163028517216257
915163073031344131
915163203285417984
915163211275567105
915163274441838592
915163391651647489
915163538083254274
915163601920561153
915163949515071488
915164073280589824
915164073322586113
915164096391258112
915164122530156544
915164135658278912
915164156101382146
915164198413520896
915164401036079105
915164433076424705
915164470825058304
915164517583261698
915164525804081153
915164527414702080
915164536029753345
915164580489383937
915164635036340225
915164663163351042
915164943951040512
915164962737262594
915165053682376705
915165164202348544
915165285182787584
915165311065903104
915165319160668160
915165372608864256
915165487142723584
915165534278254592
915165710774620160
915165718806753281
915165742798180352
915165751161577472
915165757843132416
915165765799759873
915165884175568896
915165890429292544
915166014530351104
915166019899060224
915166045266173952
915166046453157890
915166200660992000
915166236740407296
915166237096861696
915166388003753989
915166540735090688
915166583936438273
915166595206582272
915166785254588416
915166856796884992
915167104038572032
915167112032870400
915167296338972672
915167314244460544
915167362801917952
915167372142682112
915167447996682245
915167506041581569
915167548332806144
915167594667282432
915167829460123648
915167845784473601
915167880219643904
915167973819731968
915168016073097217
915168054757093376
915168139603738624
915168272311619585
915168277546094594
915168289688637440
915168310894919681
915168309053722624
915168328188137477
915168335536558080
915168361088258049
915168432022343680
915168612540911618
915168768866816001
915168967756582912
915169002032435201
915169109817663488
915169112388722688
915169297911177216
915169384934633473
915169402563284992
915169551901437952
915169566711586819
915169571585368064
915169573648953344
915169574965907457
915169567026139138
915169590597914624
915169645526683648
915169663276941312
915169751638446080
915169796404203520
915170041561255937
915170085274361856
915170204598067201
915170228027437057
915170383896154112
915170416959852544
915170443199483904
915170500766306309
915170595293270016
915170631628582912
915170712897368064
915170727418109952
915170731893420032
915171029282148352
915171096839811074
915171137566408709
915171162837090305
915171213542088704
915171239035056128
915171266616856577
915171277152940033
915171283482087424
915171299512717312
915171310623436800
915171376927051776
915171378571153408
915171535509426178
915171650169114624
915171680288419842
915171729567289346
915171786081390593
915171813520441344
915171908999577600
915171931208470529
915171949151768577
915171976054001664
915172021239255040
915172069092069376
915172123257294849
915172207982084096
915172235379445760
915172398995054593
915172467215388672
915172510823600128
915172601709912072
915172624120078337
915172670957850626
915172678927028224
915172680516632576
915172758836924416
915172789254066176
915172998902108160
915173073170595841
915173123791695873
915173170944122880
915173212291465217
915173258470809601
915173267568316416
915173279991783424
915173300485095424
915173345745874946
915173387521142785
915173406512963585
915173474804609024
915173497743269890
915173559932260354
915173572930351104
915173651300933633
915173684389842944
915173728459378688
915173767185395712
915173818347380738
915173859669790720
915173871208292353
915173887629029376
915173906461237248
915173916955611136
915173922554904581
915174018772295680
915174090717192192
915174141157928960
915174177149214720
915174278588485632
915174301304856576
915174367511822338
915174374419894273
915174376143589376
915174389682982912
915174426282512384
915174541118361601
915174559170617344
915174593651916800
915174617182015488
915174620034162688
915174630549311489
915174765597470720
915174806340947969
915174825810956293
915174827908050944
915174858589446144
915174896476540928
915175097685524480
915175197522714624
915175212047585280
915175294046294016
915175447624904704
915175460769861632
915175483930742786
915175577853849600
915175669922967552
915175752139763712
915175800797827072
915175805633880064
915176058055544832
915176142981795840
915176146572062720
915176189656002560
915176238272204800
915176292911403009
915176346099290114
915176392517615616
915176533626585088
915176548835176448
915176697670094848
915176833083158534
915176849759760384
915176857846214656
915176866239143936
915176887055417344
915176933725556736
915176966600478720
915177021277396992
915177058719944704
915177070484971520
915177109055733760
915177114684608512
915177118274920448
915177119780622342
915177121307381760
915177116458774528
915177156187181057
915177164424847361
915177164273790976
915177265591406592
915177309455384576
915177320859799552
915177348361834497
915177373468958720
915177423276298241
915177425415401473
915177428351365120
915177441680904192
915177519762026496
915177597079834625
915177776428322816
915177850080198656
915177954812026880
915178050740015105
915178154041454592
915178209578233858
915178220097560576
915178223704649730
915178247813521409
915178278977179648
915178300175155200
915178314628812801
915178349089234944
915178425006084097
915178513271070720
915178526327713792
915178539204304897
915178598033653760
915178634951974912
915178811632873472
915178915450245120
915178978494828547
915179022509887488
915179034631376896
915179135462465536
915179362458198017
915179367151611904
915179416413712391
915179454959378432
915179509715959808
915179554435686400
915179606524743681
915179624790937600
915179636891537408
915179647880519680
915179660211867649
915179676884246529
915179708769292289
915179723495559169
915179724514762752
915179739874316289
915179751597379586
915179761747546113
915179777664921600
915179786582011904
915179790566592512
915179803300548615
915179811210964997
915179855771258880
915179877308948481
915179917893095424
915179935135932416
915179951971807232
915179955750887424
915179984909565952
915180007114383360
915180050261135369
915180183577120769
915180237071245314
915180381166620672
915180385709035520
915180433381498880
915180503216656384
915180584598634496
915180623144374272
915180648301776896
915180699690438656
915180707265351680
915180718967410688
915180770989363202
915180817101541376
915180816648503296
915180840514150400
915180901654581248
915180891521081344
915180909439143937
915180928976216064
915181022937042944
915181065228218368
915181077471404032
915181080415805440
915181118441345024
915181138687270913
915181184707174400
915181196635770880
915181226964733952
915181313858113536
915181316643196929
915181388160208897
915181421215567872
915181427452411905
915181446834327552
915181775424561152
915181864423428096
915181867984355329
915181966240223232
915182058972033025
915182099824553984
915182119445499906
915182174458040320
915182256326610944
915182271136661504
915182301067259905
915182302791159808
915182331635347456
915182332000260096
915182346353172480
915182376845824001
915182457330298881
915182527622647808
915182641284096000
915182639132413952
915182744241676288
915182792690061312
915182855067766784
915182927486476288
915182927901872128
915182939452973057
915182959925366785
915182974542413824
915182979986657281
915182993853034496
915183033438765057
915183093597818880
915183103097925632
915183204428066816
915183263605551104
915183294127398914
915183331884568577
915183400448872448
915183406039920645
915183407717584898
915183411374981121
915183445323735040
915183482480947201
915183522410893312
915183536268771328
915183553410945025
915183571693957120
915183599254720517
915183622755438592
915183738706939904
915183967657218049
915183970421231616
915184148142329858
915184323267096577
915184325024468993
915184379114254337
915184426421751808
915184436660097025
915184444318810112
915184445203845120
915184583032885248
915184654956810240
915184665899782144
915184668546347009
915184674359726081
915184674149773312
915184717787488256
915184830794616832
915184851430633472
915184935786483713
915185040811790336
915185065608515584
915185120826576897
915185166317948928
915185318294360064
915185340683603968
915185419700097025
915185428034129921
915185434992496646
915185485160632320
915185609270071296
915185611539144704
915185626139516928
915185628085719040
915185638873485312
915185644044980224
915185758700474368
915185769949667329
915185855383396352
915185876749176833
915185902275743745
915186192831926272
915186281306558464
915186358771224577
915186408612036608
915186426408468480
915186510986661888
915186544075472896
915186574232604672
915186635721072640
915186679475970048
915186855947198469
915186856475680768
915186878294499329
915186882090213376
915187191420035072
915187193718689797
915187206699888641
915187215118069767
915187385570353152
915187553308995585
915187640869298176
915187642878349319
915187691079241731
915187702412259328
915187716463169536
915187742996418560
915187759509393408
915187788147982337
915187819068428288
915187843902922753
915187867172950016
915187895362883584
915187920075714561
915187932365017088
915187942141730816
915188225014222848
915188448151130114
915188527972995073
915188592183570432
915188609191473152
915188628229410817
915188734815014917
915188989367324672
915189178081665024
915189182200451074
915189361204977664
915189440707997697
915189531657326593
915189696451481600
915189700922626049
915189698812944386
915189727728488448
915189744170160128
915189754479726593
915189798058504192
915189831197757440
915189892564602880
915189897127919616
915189969756532738
915190327996305409
915190568526938114
915190647145091072
915190690166067201
915190699959529473
915190908093689856
915190914951340032
915190917673504768
915190990344003584
915191051006046208
915191085231742977
915191201778855936
915191591635181568
915191722497515520
915191723982245888
915191948989825026
915192001800351744
915192101939433473
915192128908734465
915192136404013057
915192170554040321
915192225058971648
915192235779649536
915192254918258689
915192264737021952
915192284915929091
915192337474650112
915192386409713664
915192398388584453
915192415379709952
915192507029475328
915192561823821824
915192612830793728
915192670422749184
915192684372951040
915192763683102720
915192880020455424
915193009058320384
915193020202369025
915193054331629568
915193191040798720
915193249966575616
915193305645928450
915193318199500805
915193320309182464
915193332174921730
915193366375276550
915193392950280193
915193492497997824
915193536412311552
915193610085322752
915193620092850176
915193623989321728
915193656025534464
915193701542060034
915193750728642560
915193887911800832
915193890910670848
915193972506718209
915194084821803008
915194125821071360
915194306461302784
915194373897424901
915194374132297730
915194513676816384
915194597965533185
915194699840983040
915194725266788352
915194800990801920
915194805256429568
915194866237345792
915194873002758150
915194887292801024
915194893299044352
915194920582963201
915195018381545474
915195042658177024
915195095414165504
915195248720187393
915195374591205376
915195390462513152
915195504551714816
915195512885858304
915195515284758528
915195517461770240
915195540383555586
915195561602699264
915195572835033088
915195697514852353
915195863034744832
915195986519224320
915195990679924737
915195992374423553
915195993917984770
915196012070887424
915196129662423041
915196288328765440
915196341135069184
915196383161929729
915196474396471296
915196485238738944
915196486924865536
915196501172813824
915196651769352192
915196683218276353
915196801225035776
915196829096169473
915196836322922497
915196869265035264
915196876009426945
915196899208163333
915196907517022214
915196926945054721
915196987988955137
915197016938106880
915197018859036673
915197069815697408
915197150199521281
915197295293009920
915197309599797249
915197348741046273
915197378969444352
915197419251519488
915197438662778882
915197449475674113
915197461286834178
915197477741109249
915197503691161600
915197579973005312
915197584272130049
915197622608113669
915197717869195264
915197749301272582
915197826698792961
915197964410392576
915198066235408384
915198116718170117
915198173571878917
915198204093894656
915198309593223168
915198354430316544
915198412093558785
915198461905178624
915198513096663040
915198582357098498
915198611545366529
915198721364774913
915198831645663232
915199021886689280
915199066119852033
915199071920508930
915199079143141376
915199117311258626
915199147820638208
915199298224222208
915199316767199240
915199357674192898
915199427475906560
915199495700348929
915199508186898437
915199518756368384
915199558115786752
915199641284747267
915199696171339777
915199730032037888
915199778501296130
915199852400775168
915199860986564608
915199868620214273
915199914451329026
915199939898171392
915199994243710978
915200019686461440
915200022161043462
915200044235493376
915200055438479361
915200062212390913
915200082126962688
915200082466701312
915200082617753600
915200283218726913
915200331671318529
915200395881992192
915200418531201024
915200504346693632
915200519920144384
915200527696310273
915200528023527425
915200759112851456
915200815849230336
915200849718251520
915200895033462784
915200948548640768
915200980467171328
915201105025486848
915201216614928385
915201279361724416
915201311330766848
915201599060037632
915201616571256832
915201618966138880
915201673190100992
915201825300733957
915201856879710208
915201893072359425
915201973456134146
915202088329777152
915202139575734272
915202281171283968
915202283222310912
915202280613449728
915202314193051648
915202338477965312
915202403334594560
915202437019045889
915202525736906752
915202595735658496
915202599456043008
915202642858659840
915202711599108096
915202714497413121
915202729286537216
915202745463967745
915202827936522240
915202863349075968
915202865953738752
915202930055241731
915202955875426304
915203046770176001
915203135022538754
915203175120084992
915203221110607872
915203223505555456
915203231084576768
915203371728031749
915203487239229441
915203515571736576
915203541928677376
915203543841288193
915203539080744960
915203575285997569
915203661546082304
915203686737072129
915203740537442305
915203766273658880
915203798062260224
915203880966918145
915203901376393217
915203934129725440
915203934280720385
915204013502734336
915204067885903875
915204076706570240
915204103252381696
915204108285603840
915204219954753536
915204225398910976
915204320546705409
915204321742065670
915204332097851392
915204332190085122
915204339337236480
915204366201651200
915204368194048000
915204479187869696
915204493494583296
915204500549439488
915204504622157824
915204513518190592
915204637858426886
915204651020161024
915204712877772801
915204722285596672
915204751771529216
915204793043443712
915204793454546949
915204848991326208
915204883917262848
915204886924578817
915204919971500032
915204970449956865
915205235580252161
915205273022865410
915205277464633345
915205290315911170
915205303154675712
915205371983220737
915205416904265729
915205577005027329
915205626258698241
915205877405233154
915205930450595841
915205957289996289
915206006803660800
915206221413720066
915206228426608640
915206233916936192
915206247967846401
915206283653009408
915206394592268290
915206447037861890
915206833442258944
915206974635151361
915206992263876608
915207067664883713
915207095158497282
915207159645900801
915207175697465344
915207199428894720
915207311861235713
915207317859250176
915207369507794945
915207398800986112
915207431814307840
915207504069619712
915207571811823616
915207671955025921
915207686295351297
915207760878473217
915207867749273600
915207922036232192
915207960401498113
915208035001303040
915208076684414977
915208188559069184
915208303180992512
915208433971994624
915208522228469760
915208572308295681
915208571956146176
915208574418202625
915208576704098305
915208588494286848
915208615513993217
915208601244979200
915208623441055747
915208628486975489
915208665308831744
915208782875103232
915208813485150208
915208886994513922
915208900424724481
915208972751208450
915208989331378176
915209008503492609
915209019681394688
915209026476154880
915209039365251072
915209040912887808
915209115844128768
915209117899399168
915209181669593089
915209209029029888
915209250972078081
915209274409840640
915209307909771264
915209346849677317
915209350108639232
915209366713880577
915209387882553344
915209389069529088
915209426130391041
915209574453436416
915209628140687360
915209775369080832
915209824958259203
915209864242188289
915209888095248384
915210034019225600
915210141829619713
915210150943879168
915210240433508353
915210366581342208
915210436886265857
915210532994654210
915210602661982208
915210601697284096
915210661193543682
915210663043174400
915210831528386560
915210888453480448
915210923329105920
915210990526124032
915211062714208257
915211069085413377
915211092175015936
915211103558361089
915211148974313472
915211150018711552
915211163906035712
915211216963981312
915211506710646784
915211658913619973
915211667973304321
915211699602550784
915211713095626752
915211766593986560
915211872114180097
915211927961444352
915211960211394560
915211998521995267
915212114368876545
915212144093908992
915212209487323136
915212213358661633
915212356967428101
915212390001672195
915212443177058307
915212452777873410
915212544326979586
915212573817151494
915212575578755074
915212585590513665
915212594138542080
915212597812711425
915212604540424193
915212745485758464
915212748346335232
915212803941834754
915212877438390273
915212891543945216
915212954479550465
915212969784610818
915213021311619073
915213065548894210
915213267848634368
915213400384393216
915213415056060416
915213425999040512
915213468843769856
915213524565200896
915213524263202816
915213501517504512
915213742815809536
915213778182180865
915213819609255936
915213851356024832
915213974442004480
915214015751737345
915214099465764865
915214188145979392
915214219280306177
915214228075765760
915214275928522752
915214317095673856
915214396028268544
915214479025205251
915214500705525760
915214527884660736
915214556812730368
915214627662958593
915214633866207234
915214644792393728
915214652677779457
915214690720059392
915214706603954177
915214767995973635
915214771481321472
915214863202443264
915214865928740867
915214913131425792
915214929883525123
915215017364115457
915215026092478466
915215149677596673
915215188755976193
915215350987415553
915215406683615232
915215421053243393
915215423817244675
915215484534083584
915215560123797504
915215670157172737
915215672199794688
915215686791811073
915215784640700416
915215838327734273
915215859110629378
915216035262935040
915216048458215424
915216099851071494
915216135863308294
915216226523238401
915216240892944384
915216262938099712
915216300619726849
915216326016290817
915216409835327488
915216413136220160
915216444216020992
915216567335604225
915216570481332226
915216584716816384
915216596179865600
915216625292455939
915216682465013760
915216801105170433
915216848609738752
915216949734445056
915216975424626688
915217065996320769
915217084501647360
915217102591717376
915217107079634944
915217119737815040
915217120325197824
915217127291965440
915217129594429442
915217152227008512
915217235546968066
915217244921237505
915217305994502144
915217335027474433
915217340471668736
915217392518787072
915217401469374464
915217428812005376
915217479739346945
915217506125697025
915217613097185280
915217725546524672
915217735684157440
915217754067804162
915217878647001090
915217943600001024
915217995558944768
915218128803688458
915218196550078466
915218228795846656
915218232176410625
915218244843266048
915218277672083456
915218283309273088
915218288162017280
915218329400463360
915218335473766400
915218352129413120
915218353391849475
915218379627167745
915218445590986753
915218455569342464
915218565564915712
915218662277214209
915218741776060418
915218752928669696
915218779528933376
915218812479434752
915218825800450049
915218862324486145
915218907451072512
915218971950850048
915218986991620097
915219034483970048
915219048228622337
915219070320021504
915219136489410560
915219153518305281
915219217670164481
915219295415742464
915219328127193089
915219338096971776
915219362629419008
915219379297636353
915219379951894530
915219406401261568
915219430505959424
915219489377144832
915219547896066048
915219556758679555
915219645027713025
915219741823963136
915219791681609728
915219891912810496
915219900192444417
915219958350667779
915220033684606977
915220043356672000
915220057944416257
915220069692723200
915220238907723777
915220301578981378
915220517543653378
915220538246737921
915220558924668929
915220575584444417
915220601551425536
915220608534933505
915220626436186113
915220659290165248
915220728420687872
915220829314670594
915220839234228224
915220965927325696
915221022588141568
915221037700276224
915221070403252224
915221155191119873
915221155610492930
915221157892300806
915221163210665984
915221224384598016
915221355112648704
915221379594715139
915221434561028096
915221446346948611
915221472074977282
915221531139198976
915221570616004608
915221583580614658
915221589016399872
915221603922907136
915221648801959936
915221674601140224
915221705190264833
915221743261962241
915221820823015430
915221830352474112
915221865639157761
915221911487033349
915221936799715328
915221985919164417
915221989077471234
915222059046797313
915222089208143872
915222167826178048
915222208313774080
915222210926792704
915222239536144385
915222243613036545
915222257978535937
915222282301247488
915222318871449600
915222358008442880
915222419014656001
915222527537905664
915222583561375744
915222649709592577
915222657649577986
915222682651598848
915222758778376193
915222769608032258
915222772368003074
915222815829348352
915223170596130817
915223265525854208
915223325374337026
915223326389411840
915223352616382465
915223369884291072
915223548838412288
915223550939795457
915223613963415552
915223672352321536
915223790451339266
915223821770043392
915223856608169985
915223877839736834
915223888103137281
915223890049323009
915223936161533952
915224013185613824
915224023956688896
915224059482378241
915224073688449024
915224076888805376
915224134803697664
915224161387188225
915224208854183936
915224327599083520
915224424936173568
915224423208292352
915224436021882880
915224484579291141
915224854848253952
915224887840657409
915224892919951360
915224924104593410
915225000243851267
915225052467093505
915225079147061251
915225079843311617
915225206100316161
915225226899808258
915225234969636864
915225453249667072
915225489576484864
915225513391771650
915225885384560640
915225929277952000
915225968331038720
915225986932682758
915226093946380288
915226184241127424
915226200565587968
915226258203660288
915226425581608960
915226430287597568
915226564446605313
915226606783918080
915226622764208129
915226701235355648
915226817505775616
915226890209808384
915226920786132992
915226938582749184
915227100625416192
915227287846563840
915227448945647618
915227451298598912
915227451936133121
915227500728471553
915227573935886337
915227649009704960
915227941239447552
915227988991578112
915228130452934657
915228158827343872
915228251391488001
915228321046253573
915228469566599168
915228562118017025
915228629021466624
915228637900759040
915228771652968450
915228866247036931
915228993674252291
915229059596025856
915229060095266817
915229246292979712
915229331835822081
915229402421710848
915229419748372480
915229485498281984
915229485498273793
915229521850146816
915229689605738498
915229733025173506
915229853624016896
915230138287235072
915230144691830784
915230183635988480
915230181585022976
915230211041525761
915230359960342529
915230389203034113
915230391283437574
915230451220049920
915230488301842432
915230547470843904
915230763985047552
915230794238570496
915230865067782151
915231047016738816
915231074401255429
915231160787140611
915231207532711936
915231292228239360
915231295848030209
915231404988014592
915231431504400385
915231456271765505
915231469785595904
915231500542541824
915231506578145280
915231625843286016
915231810019221504
915231874800373760
915231990504357889
915232248798031875
915232428503048192
915232652571152386
915232741695852544
915232853239173120
915232959170478080
915232981765279750
915233031794851841
915233066901282826
915233132735078400
915233133372506113
915233310414180353
915233382249975809
915233385316016128
915233388931555329
915233399421489152
915233443717541888
915233660042915840
915233683573035016
915233684235673602
915233859381407746
915233916793098241
915234046787117056
915234063245627393
915234149744693249
915234159991427072
915234166446411777
915234174990213120
915234211426160643
915234248830980096
915234260726009856
915234275703767040
915234286151778304
915234309543309312
915234325255163905
915234568751460353
915234614477836289
915234635839352836
915234913602981888
915234994771042304
915235072164364290
915235154653827073
915235154704072705
915235169711337472
915235219514433536
915235270987051010
915235745044078592
915235805446262785
915235864674029569
915235892318613505
915235919963332608
915235983544786945
915235993573363712
915236104357470209
915236254446481408
915236256635899904
915236267155214336
915236305734336512
915236315695915008
915236331449614336
915236452732153856
915236500467585025
915236546579697665
915236615970283520
915236635524071430
915236731867234304
915237007399505920
915237028035485696
915237149967970305
915237162337148928
915237206343766022
915237265474854912
915237267492368385
915237441522556928
915237591070511107
915237609051447296
915237790547398656
915237831311630338
915237842376310784
915237987620917248
915238158656184320
915238253875175424
915238268538691584
915238273777377282
915238311769378816
915238401003180032
915238555873574913
915238635980689408
915238754503335942
915238757145747456
915238775256739841
915238787722211329
915238828004298752
915238922833276928
915238937496571904
915239025954426880
915239072637050880
915239104035639297
915239122188595206
915239229843804160
915239258797035520
915239292879949827
915239306578452481
915239377814671360
915239418520367104
915239424853716992
915239540155088896
915239558618451969
915239661093744640
915239705775616000
915239728009662464
915239769671692288
915239838617673728
915239872922836993
915239964727799808
915239996130545665
915239996549926916
915240024970375168
915240079924322304
915240354332495872
915240359814451200
915240443029393410
915240487468007424
915240536977502208
915240596721295366
915240629717934080
915240727411601408
915240760919887873
915240848861908992
915240858244517889
915240900682485761
915241150579200000
915241174964883456
915241224658972672
915241246976770048
915241342787293187
915241423166951425
915241433501720576
915241597922574336
915241993936281601
915242029763977218
915242096730230784
915242102480670720
915242198941052928
915242339060391936
915242364817608704
915242545524936705
915242546036707328
915242547630440448
915242573760831488
915242586394284033
915242585555222528
915242628928729088
915242738156752896
915243006978031618
915243041417461766
915243046555586560
915243050309423105
915243056705744897
915243071100645377
915243079363424257
915243088984997888
915243123047059456
915243227757924352
915243442166468610
915243476178128898
915243479143460865
915243490275184640
915243536718729221
915243609183617025
915243664502337536
915243685759078401
915243743749574656
915243863094300674
915243931830554624
915243947924041729
915243983869165568
915244001825091584
915244136780980225
915244160965386240
915244317496762368
915244333623889920
915244386522423296
915244534216495104
915244635257262080
915244638683967489
915244826769190913
915244867688812549
915244891873083392
915245072614133766
915245083045138436
915245085264138241
915245092243476480
915245178071523333
915245180587999232
915245306773671936
915245333013319680
915245369046519814
915245418111492097
915245531298975744
915245555256832005
915245585485189120
915245598902816768
915245645459542016
915245654250835968
915245679924137984
915245710341234691
915245795301117953
915245950251171840
915246038528741376
915246122117074945
915246134427357184
915246313423491073
915246314144792577
915246316715954176
915246322172809216
915246327201779714
915246480214110208
915246497121411073
915246578675437568
915246655963848705
915246847467307008
915246860595425280
915246864290729985
915246872695996416
915247060357730304
915247074781876229
915247076899983361
915247119874822146
915247378843791360
915247391124721670
915247436880334848
915247564752121857
915247573451120642
915247641226649600
915247797145829376
915247816741654528
915247857757810688
915247865156505600
915247903140130817
915247986405527552
915248014171803654
915248091539886081
915248100335288321
915248240110526464
915248358163468288
915248504762707968
915248509217071104
915248534852653062
915248558558806017
915248575264825345
915248683649785862
915248779133112320
915248838251819009
915248841305329664
915248841842143235
915248925816365056
915248978337452032
915249013296914433
915249022704787456
915249145564270592
915249232419934209
915249278867689472
915249277328338945
915249360899903488
915249401572069377
915249404260552704
915249531805163520
915249534233665536
915249613757648897
915249621299089409
915249675682316288
915249694711975936
915249848974233600
915249982411804676
915250091614720000
915250365519589377
915250437368041472
915250493777203200
915250537972604928
915250583199784962
915250649255858176
915250663793336320
915250692503240709
915250784912199686
915250830126780422
915250875073024001
915250917959782401
915251040043327488
915251149560786944
915251154933682178
915251249515294720
915251381073797121
915251621688479744
915251648691298304
915251666684801024
915251721156349957
915251847497240577
915251864110862336
915251911577657346
915251980183973888
915252078112632833
915252100745097216
915252143522766848
915252269855248385
915252355666448385
915252399970951168
915252438189449222
915252487115993088
915252585287897088
915252595484237824
915252620662640641
915252617298690055
915252889278349313
915252924477042689
915252999202770945
915253004894441474
915253066768764928
915253076428279809
915253086687506433
915253156480737280
915253206090780672
915253210234998790
915253226945089536
915253255852187650
915253256753864705
915253264970600448
915253288496504833
915253434391105538
915253477764419584
915253539731120128
915253691141251073
915253795822678021
915253796640559104
915253880925044738
915253927918145536
915253986080563200
915254021174284288
915254100312383488
915254217836761088
915254220252700672
915254233179582464
915254400461000704
915254488956534784
915254498951663616
915254546863190018
915254556669415424
915254638793945089
915254832952414208
915254954666942465
915254957703618560
915254961990225921
915254974942195712
915254989550948355
915255010870652929
915255123412242432
915255129313546240
915255133738536960
915255214936137728
915255222334902273
915255267172012034
915255304287289345
915255343588020224
915255429034364928
915255511968288768
915255524630855681
915255620554690561
915255713710137346
915255798757855232
915255839686045698
915255865980211200
915255881868234752
915256027385384960
915256087242297344
915256138945433601
915256170570326018
915256190413737984
915256247590555648
915256334181978112
915256396500922369
915256479845937153
915256529632268288
915256541267316736
915256636481998848
915256723170107392
915256800022339584
915256963294023680
915257023738105856
915257321705656320
915257402387320832
915257427322445824
915257509300011008
915257589155467265
915257626027593729
915257650002116608
915257739835842560
915257755132465152
915257760333344768
915257799013228544
915257846199148544
915257883620708352
915257908811767813
915257930768945152
915257937114918912
915257956257734657
915258013757460480
915258071278129153
915258100906692609
915258109714685952
915258181458251776
915258235434790913
915258259363254272
915258286190071808
915258439999291393
915258442364936194
915258541186875392
915258598543917056
915258657629143040
915258711698010112
915258778869796865
915258844091215873
915259010265358336
915259031194882049
915259055056224256
915259147721035776
915259169875341313
915259207892570114
915259220790005760
915259258077368324
915259381079519233
915259452114300929
915259480404824070
915259544141537281
915259570901176321
915259833007394816
915260172775198721
915260189011533824
915260309065125888
915260405253058561
915260544478826497
915260696232734720
915260711978254336
915260748238082049
915260760200286208
915260789166141441
915260948243415040
915260987112087552
915261130691538951
915261132440469504
915261230738272256
915261254058614784
915261299524820995
915261308060229633
915261324120219648
915261370697961474
915261419221811201
915261423063830528
915261495277244416
915261497474916352
915261535303454720
915261628869939200
915261652509093889
915261668925550592
915261785774706688
915261803411763200
915261841529556993
915261861809065985
915261895191465984
915261905945681920
915262041232994310
915262052301705224
915262075819237376
915262087114428416
915262199593127938
915262218257731585
915262217511194624
915262331722063874
915262485774655488
915262489360830469
915262501838888960
915262754822475786
915262766944006144
915262789924671489
915262818726891520
915262823210668033
915262881159053312
915262983089147904
915263015955587073
915263154208337921
915263224416755713
915263285825548294
915263370139508737
915263427756650496
915263482718593024
915263541271199744
915263589887377408
915263687476293632
915263702097711104
915263740718788610
915263810184908801
915263847480676352
915263852408864768
915263974563774466
915264012966866946
915264054947696642
915264067920646144
915264159830478848
915264534096568320
915264652761796608
915264773595463680
915264970530656266
915265016869396482
915265031520030721
915265036364414977
915265091842580486
915265220230164485
915265219043008513
915265227226152960
915265498606129162
915265594005639169
915265698804486144
915265749136048128
915265832665665536
915265842354454528
915265944280293376
915265957777551360
915266091877793792
915266127936331776
915266238552723457
915266289664393216
915266405586444288
915266487958560769
915266524839063552
915266530044243969
915266553528164352
915266566027128832
915266593642475521
915266692594438145
915266748894650368
915266965719195648
915267130899206144
915267153980542976
915267209366253570
915267226902646786
915267234150387712
915267293332037635
915267444813516800
915267452128387077
915267562329518081
915267660551741440
915267713936879616
915267716566650880
915267719561330688
915267746925043712
915267786993209345
915267810833702913
915268117663756288
915268161204826112
915268205895176192
915268227227357184
915268232906465280
915268347104768000
915268380495663105
915268403677601792
915268493548953601
915268551170195456
915268626369916931
915268646154440705
915268735316955139
915268822831116288
915268850928820224
915268890594332672
915268958525313024
915269002334801920
915269077588955136
915269397794689024
915269431894401024
915269498206326785
915269756847931392
915269955037343744
915270226337583105
915270279055765505
915270383489703937
915270569611931649
915270742262022144
915270798901940224
915270887116541952
915271034101731328
915271049020928001
915271062031667206
915271239970820096
915271261181415424
915271268391202816
915271400675569664
915271445936209921
915271610524999680
915271749427695616
915271801554575366
915271824434491392
915271825977954304
915271871490224128
915271940964790277
915272044220223488
915272160981155840
915272165502717953
915272186289688576
915272201858879488
915272213548462080
915272442804707328
915272470302744576
915272541505245186
915272623445209089
915272631666053120
915272647042363392
915272767251075072
915272841934905344
915272948197584898
915273008280948737
915273317489238017
915273369012105217
915273451912531968
915273610771738624
915273611161870336
915273699045060608
915273700622159872
915273783061118976
915273784885641221
915273972564070400
915274004331626496
915274006105870337
915274011730485249
915274032206970881
915274042462019585
915274063089516544
915274362160336896
915274519593521153
915274561654050816
915274640578236416
915274645426884608
915274778189221890
915274821403136000
915274857285390336
915275082536189952
915275252703383558
915275256104964103
915275258856386561
915275261066825729
915275286316486662
915275320483295232
915275369112096773
915275415362600960
915275422971068416
915275454235529218
915275484900069377
915275609617653760
915275626734608387
915275636196995072
915275684322451456
915275736801570816
915275767466070016
915275774604832769
915275828317097984
915275845085941760
915275918645612544
915276159021133825
915276297529634821
915276329779638272
915276397672910849
915276445857062917
915276462143545344
915276574521417728
915276585447469056
915276688761720833
915276776762478592
915276783703949313
915276900934852609
915277133659992064
915277201532211201
915277269119246336
915277300442304513
915277364854222850
915277410135879680
915277504528740353
915277708694818817
915277727174979585
915277943546540032
915277958067163139
915277963943346177
915277999762702336
915278038929113091
915278205589876736
915278238691315712
915278360166756356
915278368060399617
915278442160984064
915278459211059200
915278485651906560
915278509181997057
915278589502902272
915278700765212672
915278977702531078
915279036842168320
915279091103825921
915279484437303298
915279494163963904
915279503638835200
915279567845249024
915279624443236352
915279683788386304
915279695016599553
915279765036306433
915279993260920832
915280148873859075
915280225226936320
915280290502848512
915280296387448837
915280298652381184
915280315832262656
915280357947248640
915280442496077824
915280493695860736
915280562964893696
915280583978291202
915280591620395009
915280769588846592
915281002028822529
915281025298812929
915281082785894408
915281085524832257
915281102130081792
915281113609900033
915281179808604160
915281249886928896
915281317855719425
915281329557786624
915281600803426305
915281689022263296
915281754449170432
915281786309087235
915281825391681536
915282056069959680
915282116598009857
915282126433550341
915282216112001029
915282236395655174
915282305740103680
915282376854589446
915282386501406721
915282391849193473
915282460669341697
915282502239051782
915282563245146113
915282582375366656
915282819001315329
915282834780299264
915282859216207872
915282864165572608
915282865721675776
915282888781856768
915282945597956096
915282998198665217
915283071418687488
915283084928536577
915283095577780224
915283108714364928
915283110660583425
915283124774465536
915283148069588994
915283154306465792
915283395588050944
915283520150437889
915283536780959745
915283570360508417
915283621010866176
915283628623646720
915283683925520385
915283687134175233
915283693413027841
915283876355956738
915283964914552837
915283982471876609
915284185593589760
915284196679147520
915284231072501760
915284239800766464
915284336815017984
915284341227446278
915284377948565504
915284404125216768
915284414954909696
915284466276368384
915284489772978176
915284729208991745
915284738746798081
915284748041424898
915284890157027328
915285070008786944
915285124085927936
915285142914158592
915285150346465281
915285161771663361
915285322115596289
915285361022128128
915285471122612227
915285590714802178
915285665369145344
915285686990884864
915285691545899008
915285753604837376
915285763490766848
915285837360791553
915285860119121920
915285861394247681
915285979879165959
915286062263619584
915286069217808384
915286151958814722
915286216131645440
915286226772643840
915286284750524416
915286326190182405
915286588468363265
915286591572205568
915286599025512448
915286628087795718
915286679421964289
915286767628095488
915286778508140545
915286780886339585
915286966853423104
915287002618236929
915287010197348353
915287344315617280
915287349118033921
915287361746903040
915287371565850624
915287377756721152
915287391358849025
915287683425013760
915287802304229377
915287912526352386
915288140511875073
915288200444354563
915288302038732800
915288378983272449
915288773361094658
915288893875998720
915288910078595077
915288952164282368
915288971936239617
915289045017726976
915289184524537857
915289234298343424
915289266556669957
915289289868627968
915289327999029248
915289345858433030
915289515417325568
915289520941256704
915289617640906752
915289647672172544
915289664805842945
915289748360622080
915289755415392260
915289893944856576
915290144629964800
915290209335615489
915290211575369728
915290239081598976
915290249965768704
915290335655464960
915290338071367680
915290349567926272
915290452185804800
915290626719145985
915290691055554560
915290717723021314
915290948824965120
915291005389344768
915291092467187712
915291129557504000
915291156057067522
915291164823171072
915291216304050178
915291250852601857
915291308960477185
915291330343047169
915291409212522496
915291413255946240
915291418557632513
915291554918617088
915291619666034688
915291624162430976
915291785932541952
915291915993731074
915291992019673089
915292115382538240
915292145828982784
915292255031881729
915292348501905408
915292491217293312
915292492865708032
915292576630140931
915292659647950850
915292717541990400
915292843241017346
915292877449760768
915292879723155457
915292964909404161
915293021037629445
915293052167696384
915293187954135040
915293265594916866
915293326986891264
915293546177024002
915293777392279553
915293806966267909
915293843301568512
915293857490796544
915293899643609088
915293972079276032
915294101918175233
915294125947277312
915294243404513280
915294398518366208
915294416239304706
915294496262426624
915294554928160768
915294839914328064
915294862634881027
915294889008607235
915295008118407168
915295049579139073
915295177174118400
915295200934793216
915295288293822465
915295353259397120
915295398541119490
915295461711532032
915295665634160640
915295675327197184
915295685582348288
915295709116715008
915295861080494080
915295878923112448
915295929648984064
915296064026107910
915296182456504321
915296278564786176
915296289604202496
915296447221858305
915296648607264768
915296708791341056
915296771299057664
915296927507501056
915296938232287232
915297096634454018
915297116855193601
915297330139721729
915297406417240070
915297523400609792
915297604317204480
915297626911907841
915297779743850497
915297802791645184
915297840166993922
915297841391837184
915297862279450624
915297918059450370
915297958685478912
915297991975677953
915298094442582026
915298296591261696
915298318833594369
915298357383503873
915298365151301632
915298371837075456
915298487595651074
915298532130721797
915298572467343361
915298686187507713
915298689442136064
915298698619346944
915298711642636288
915298889611268096
915298955231154178
915298965607911425
915299038743932930
915299068309536769
915299158675861505
915299165340659713
915299171942445062
915299173779558400
915299206411296768
915299543205466112
915299611060957186
915299635501109251
915299676668260359
915299714320539648
915299825452814337
915299935641366528
915299942637416453
915300083742191616
915300165069737984
915300209332244487
915300267821867009
915300304597536770
915300402819682304
915300422427934720
915300513306071042
915300518439915520
915300647246974976
915300676615524352
915300682030252032
915300705870794753
915300835948728325
915300915866894346
915301055671480321
915301100529553408
915301197917061120
915301213872193536
915301232734085120
915301238539014146
915301381606662150
915301402339086336
915301585093369856
915301593586835456
915301615510450176
915301706010947584
915301892703563776
915301906817458176
915302171431841792
915302217040711680
915302218286460929
915302382812237824
915302468204072961
915302509966692352
915302579978035200
915302620469874688
915302669568294912
915302699503165440
915302971449249792
915303060175548416
915303131763941381
915303257572036609
915303371309031424
915303414149648390
915303524073951233
915303591879077889
915303606986973190
915304026740285441
915304036659843077
915304038664679424
915304044834455553
915304109808476161
915304175189286912
915304236778508288
915304566446592001
915304856331702275
915305202802216961
915305371304124416
915305459162152960
915305459896139776
915305460818948097
915305529718820864
915305603282726917
915305696937340935
915305830358114304
915305830513246213
915306000298758144
915306628450316290
915306703020797952
915307189933428736
915307224913850368
915307335295303680
915307345504284674
915307360045977600
915307412403273728
915307472864280576
915307668469886976
915307842034442241
915307981771862016
915308150676496384
915308187192045568
915308307983798273
915308572585676801
915308618819481600
915308661685280768
915308708976087040
915308743214080001
915308753263534080
915308813640716291
915308821119213571
915308857592774656
915308912156581888
915308994629160960
915308997414129666
915309013000212480
915309055589195776
915309082013261825
915309092591296517
915309111050457088
915309171817484288
915309248564928512
915309319171842048
915309351220412418
915309392467197953
915309402487427072
915309456585641985
915309480929349632
915309550890291200
915309651251605504
915309713012740096
915309782038384640
915309785418915841
915309869670047744
915309915123732480
915309988402352128
915310000830078976
915310171093700611
915310490556915712
915310596572291073
915310597176217600
915310598606508032
915310613420703745
915310638670413825
915310692026261505
915310722539769857
915310878924443649
915311139361316865
915311163910520833
915311163549896704
915311166313902083
915311286149373953
915311545055313920
915311592887214080
915311613913260033
915311750542741504
915311753273184258
915311814388408322
915311996815527936
915312072539426818
915312171906715649
915312219000381440
915312232174678016
915312387464548352
915312687092989952
915312695167062018
915312695276179460
915312700162547713
915313050521145345
915313080367755267
915313081261215746
915313311830495232
915313443414081538
915313510627803137
915313696091582464
915313807102238727
915314039231787009
915314120810999809
915314268454694913
915314747318423552
915314980332933120
915315052424646657
915315124919050248
915315150495862785
915315218112286722
915315225238409217
915315386429710336
915315426539769856
915315687366823936
915315720027803649
915316390378266626
915316517696413696
915316680536018944
915316828691484672
915316857158144000
915317004537655298
915317095923101698
915317173823959045
915317288307486720
915317457597997056
915317550111772672
915317582802145285
915317701563879424
915317837388029952
915317868841054211
915317870904664064
915317885903495168
915318044704067584
915318047472316416
915318241966399488
915318378344087562
915318404327907328
915318457138327554
915318654023143424
915318808600031232
915318967014699010
915319042516426758
915319081301135363
915319548152352768
915319671729086471
915319874142064640
915319913883013120
915319978655657986
915320072717180929
915320109874520064
915320193487970304
915320559977795585
915320632052731906
915320834591424513
915320997728915456
915321051265028097
915321055501307910
915321101844131842
915321524386746369
915321526496448514
915321610805981184
915321862594363397
915321913081307137
915322343454593024
915322557213106176
915322766617989122
915323032385867776
915323242394595328
915323400465285121
915323645685387264
915324183080513536
915324264366116864
915324477642280966
915324510815031297
915324697449058304
915324800444305408
915324959525937153
915325095693783042
915325100362256384
915325145497075712
915325290422906883
915325295779090432
915325570682146817
915325634771079168
915326342127849473
915327020405489666
915327103448616961
915327895383498752
915327917781118979
915327960042831874
915328085670719494
915328103647342593
915328141543034881
915328249282088963
915328407260598273
915328805266485248
915328875021905920
915329003258564615
915329093331247109
915329236415733765
915329361372426242
915329500229054466
915329547381481472
915329599692771330
915329681062277120
915329887917035521
915330253001650176
915330623052664833
915330701502959616
915331119947624448
915331906568441863
915331927904841728
915332859191324674
915333344375853057
915334094346756096
915334330859302913
915335092544745472
915336867125571584
915337604748447745
915337949222498304
915338089886879744
