818155311882244096
818155573992685568
818155588802805760
818155643576188928
818155671107600394
818155859834441729
818156148243238912
818156201338949632
818156368091869187
818156394029400066
818156491920343042
818156566612480001
818156717225758722
818157097372291073
818157225512407040
818157351987544065
818158058534801409
818158189963255808
818158217557577728
818158246380847105
818158345551052800
818158357324431362
818158692411576320
818158905012453379
818159283980345344
818159630949945345
818159914090643457
818159931383836672
818159998979178500
818160496830533632
818160670973788161
818160770898952192
818160879791378432
818160902314848257
818161036230590464
818161083009658880
818161881974239232
818161925859241985
818162099935444992
818162182286405632
818162302205698050
818162393054265344
818162414483075074
818162636885987328
818162799436242944
818162945033170945
818163244057722880
818163341474594816
818163412136034306
818163545561006082
818163588300992512
818163634505453568
818163966597861376
818164236815925248
818164478999138305
818164600172642305
818164648897867776
818164685673558017
818164772139102212
818164880125624321
818165163203432448
818165239862689792
818165401582469121
818165509338308608
818165690213552130
818166387692736512
818166482383372288
818166596103471104
818167077454356480
818167778721071105
818167804960632832
818167868235911169
818168138483269632
818168352262803458
818168444017328128
818168495393349632
818168971111399424
818168985812398085
818169063406977024
818169251571834880
818169468123774976
818169508577812480
818169580354936832
818169689440456708
818169702950191105
818169843899895808
818169898354569216
818169937122369536
818170201334304768
818170224075739136
818170292648505346
818170361019777025
