853322041025548289
853322052949946370
853322054845833218
853322192297357312
853322724269109248
853322931988045825
853322961750773760
853322968570744832
853323224708517888
853323295621513217
853323297370537988
853323523112226816
853323899102212096
853324262773534720
853324591263100928
853324854342365184
853324889016721410
853324940577255425
853324958092734464
853325021871304706
853325350838947841
853325458691289088
853326247362998272
853326271371247617
853326707176222720
853326810293186560
853326888835657730
853327020381667328
853327402033872896
853327433256357888
853327840414236672
853328154613739521
853328373585780736
853328449938784257
853328606621315072
853328781846740992
853328932682293248
853329050131193857
853329152077967361
853329313726418946
853329349851971586
853329527153590272
853329575408959489
853329583143239680
853329639456083968
853329725170864129
853329849221611520
853329877310865408
853330018554060800
853330100791767040
853330362218532864
853330374394605569
853330420192215041
853330429319020545
853330641303347201
853330676766171137
853330801429270528
853331400627539973
853331444017582080
853331880216854528
853331985867177984
853332049444425728
853332251886669825
853332573778522113
853332614446493705
853332676102770690
853333429840211971
853333483137228800
853333695792656385
853333838801629185
853333893646340096
853334136911785989
853334209255153664
853334274908577800
853334417045159937
853334562398720002
853335483669250051
853335554586488832
853335595107717120
853335629203165186
853335638673956867
853335683703943169
853335882371403777
853336190363291648
853336292784046080
853336371137835009
853336593599520768
853336648905625601
853336842573410304
853336874915696646
853337044126498817
