872966475782303744
872966514793627648
872966574378016768
872968370924036097
872968586104582144
872968742338273280
872968979014275072
872969110250016768
872969652858535937
872971036186206208
872971477796126721
872971732889595906
872972453265391617
872973302393851904
872974618612465664
872975553606897665
872975861753856001
872976711574446080
872977197174333441
872978090636345344
872979061064306688
872979064096780288
872979153871491072
872980909758087169
872981445987491840
872981573649309696
872982943815180289
872983046785564672
872983261856882688
872983671363457025
872983721355431937
872983889127514112
872986007901159425
872986008647847936
872986305357066240
872986549985529857
872987215441215489
872988772756897793
872989383552618496
872990336422789128
872992348958883841
872992725892825088
872993056886095872
872993835889995776
872995206517235712
872996680039313408
872997396422066176
872998489730334720
872998634693906433
872998950965354497
872999616156884992
873000077341716482
873001189037797376
873002504270696448
873002812254408709
873003361301352448
873004181275131905
873004602664206336
873006164446818305
873006274530521088
873009464378482688
873010243491561472
873010249275408388
873010432272769025
873010697231151104
873011778027958272
873011793744023552
873012367725965313
873013285511208960
873014235479126016
873014557463031808
873015197757198336
873015568240001025
873015651023106048
873015763686305792
873015818090553344
873016564731084800
873017038553350144
873017116164804609
873017927670403072
873018114128138240
873018206750945281
873018249834790912
873019020265615362
873019194262130689
873019319701037056
873019321357938689
873019567018311680
873019666553335809
873020313835118596
873020413034598402
873020845685223424
873020929730908160
873021342936780800
873021508997718017
873021588882415616
873021646403194880
873021729089527808
873021736739983360
873021863592644608
873022151539871746
873022208003551232
873022416380764160
873022545364082690
873022555967307777
873022633880584192
873022639786385408
873024058778034178
873024145331703808
873024185257254913
873024353818095616
873024736090923008
873024840487157765
873025290456285184
873025505959723008
873025992800915456
873026767417556993
873026878004617216
873026913479966720
873027030400376833
873027196222189568
873027676537094144
873027694836948995
873027870196514818
873028292084768768
873028797565513728
873029021948289024
873029187992395776
873029386928181248
873029510458818562
873029693917716480
873029711554723842
873030108038156288
873030394911662081
873030592903786500
873030987243900931
873031293298106369
873031400299024385
873031682340802560
873031841761984520
873031902688677888
873031909500006400
873031991335178240
873032270336086016
873032456462520323
873032667830173699
873032847015071751
873033224980537347
873033339841662977
873033427427049475
873033438143455234
873033502702227456
873033542954909696
873033569639178244
873033771087310849
873033861139120129
873034311158472704
873034383556399104
873034467543179264
873034480566452225
873034491438145536
873034501546418176
873034545804615682
873034701300146180
873034721860636673
873034745080238080
873034976081489920
873035228582862851
873035382178299904
873035385063915520
873035449329045506
873035770788958208
873036087291027457
873036440229167107
873036529127399425
873036679686234113
873036842496425989
873036937506041856
873036937761665025
873037376079003648
873037395855155207
873037439358558208
873037484858331136
873037997205106688
873038074174873601
873038200108744704
873038199903342592
873038203065819136
873038249761021953
873038478052777984
873038541143515136
873038593790431233
873038698304028673
873038826410721281
873038842374176769
873038871746838528
873038907251675136
873039001355026433
873039011224313856
873039032992776198
873039064068366336
873039160805736448
873039459301838850
873039465903603713
873039756258549760
873040020940050434
873040237848444928
873040281850920960
873040315900280833
873040390877609985
873040712270438400
873040757413650433
873041069264429058
873041071726514178
873041245819486208
873041281861079040
873041336458395648
873041782040285186
873041876567195649
873041972570849280
873041982305652737
873042157140983809
873042302372945920
873042321759125504
873042461072932864
873042483894075392
873042516865503232
873042633240621057
873042653025157120
873042918440710145
873043224364855296
873043252814860288
873043422302527491
873043663974039552
873043750401921024
873043971966083076
873044030459793408
873044209736884224
873044495306182657
873044497625604097
873044530349563906
873044581729697792
873044619805708288
873044763498299393
873044790421499905
873044969589690370
873044989118472192
873045106877620224
873045319574888449
873045423983689729
873045431986540546
873045433743949825
873045468342702080
873045531232133121
873045563343753216
873045604431044608
873045713147510784
873045744369909761
873045751357624321
873045759129640961
873045931066761217
873046092065120256
873046118040457216
873046314300325890
873046395632013312
873046477148307456
873046476951175168
873046559004303362
873046561965563905
873046600662237185
873046751535431680
873046930019852288
873047003839709185
873047003843895296
873047012437925888
873047027596132352
873047045350727681
873047302671171586
873047394199281664
873047529365020674
873047539666214913
873047584759140353
873047715902443521
873047786790371329
873047939651731456
873048124645703682
873048210880593920
873048274843742208
873048293743382528
873048381383258113
873048489227296768
873048821281964033
873048976794075136
873049005218906113
873049150077587460
873049164271177729
873049214619484160
873049335432224772
873049362900828161
873049385969385474
873049518442459136
873049581189079041
873049774697496578
873049922131578880
873050055892025348
873050206568198144
873050228890320896
873050358095912962
873050430888058880
873050484046569474
873050502673481728
873050630100733952
873050672962207744
873050697008242688
873050720500568064
873050775668219904
873050785478696961
873050788028743682
873050787835817985
873050802675269632
873050904437510144
873051033110364161
873051032841986048
873051312245452800
873051324073377793
873051374316953600
873051522925338624
873051555603169281
873051582593552385
873051768736800769
873051789481754625
873051834792820736
873051849703604224
873051883903918080
873052036652163074
873052041811156992
873052043023233024
873052177060712449
873052194760605697
873052202880847872
873052214838779905
873052218915672065
873052246040166401
873052286183890944
873052310703751169
873052312377344000
873052478383603712
873052488668073984
873052532196515840
873052588115017728
873052772047798273
873052790599303168
873052812942352389
873052907964309506
873052911273517056
873052957939388417
873053032438571008
873053081256185858
873053098922487808
873053104375177216
873053150109851648
873053179142823943
873053301222252544
873053343412649985
873053362958123008
873053379362029568
873053395015188481
873053529249767424
873053532923940864
873053554834939906
873053565471698945
873053707616657414
873053711668465664
873053717087436801
873053760070721537
873053770740977664
873053812935675904
873053841645686784
873053843168219141
873053864957681665
873053954564775936
873053961221058560
873053998000910339
873054048210927617
873054143107158016
873054176279896070
873054292025819136
873054445092839424
873054473307828225
873054475128160257
873054500306599938
873054560939417600
873054561950326784
873054621207363584
873054617180848128
873054638441766913
873054701477953536
873054731580489728
873054827323899905
873054915425218562
873054938183618561
873054964427268097
873055072975863809
873055155876356096
873055227154268164
873055239393300481
873055336868925440
873055422285926401
873055638087024642
873055718714126339
873055838948122624
873055901506195457
873056088899309570
873056204171337730
873056213814071297
873056229475483648
873056256835018753
873056468240551936
873056473747603457
873056512767172609
873056527837315073
873056758930984962
873056796398698496
873056875612262400
873056896571195393
873057040058302464
873057068550242304
873057070131458048
873057074397159425
873057076439728128
873057078637506561
873057085553950724
873057087642783745
873057159277289472
873057215220924416
873057279142121497
873057311668830208
873057480183488513
873057488777564161
873057519966474241
873057569471840257
873057570201587712
873057630620598272
873057728947671040
873057854038482944
873057856714489856
873057867602968576
873057929712156674
873058000155451397
873058128299835394
873058265835241472
873058340267474944
873058424786870275
873058568768966656
873058644065001477
873058670447280132
873058696128897024
873058890648137729
873058894146187264
873058898596384768
873058942615564288
873058948479188992
873059127299198977
873059263693824002
873059293351653376
873059307897540609
873059326675505152
873059330353881088
873059471433490436
873059494544068608
873059522578751488
873059546134069249
873059555155951616
873059597526851588
873059642720403458
873059674634854400
873059683409420290
873059734277939201
873059830801416193
873059874409558017
873060039371612162
873060066277998592
873060249313222657
873060255390769152
873060440766423041
873060493082087425
873060574405443584
873060592642162688
873060605669724168
873060658971004928
873060664662568965
873060767309766658
873060796116238336
873060862700933120
873060909551206401
873060966719606784
873061066913206276
873061182009098240
873061202221334529
873061227177459713
873061263009390593
873061343867281408
873061422174945282
873061475136319489
873061522603294720
873061549136519168
873061682012069889
873061722348593152
873061723053244416
873061794914250752
873061828837859330
873061921238298624
873062102096805888
873062146199830529
873062235207221248
873062257139134466
873062263657078784
873062272049872896
873062336952532992
873062338714230784
873062354262478848
873062581790883840
873062609452277762
873062744831926272
873062862431805441
873062903938596864
873062910276231168
873062929062445056
873063111875411969
873063366796890112
873063368772403201
873063397155151873
873063396047896576
873063410325274632
873063413315809280
873063611790278657
873063631230976001
873063892238213120
873063970168389635
873064069086855168
873064072706576385
873064077630652418
873064095628513281
873064110853726208
873064186938441729
873064285252886528
873064294107107328
873064415909642241
873064480602599426
873064629114519553
873064660139823104
873064787915055105
873064974632878081
873065001556164608
873065026369732608
873065104173957120
873065145752104961
873065152077119488
873065156439187456
873065196499066881
873065211476889600
873065228249972737
873065265470124035
873065319337676800
873065340447608833
873065386018717696
873065429924696064
873065443510046722
873065461583237120
873065513487712256
873065686091743233
873065921572503556
873066013625012224
873066091689279488
873066093933346816
873066130075774976
873066133179334656
873066219045138432
873066227853176832
873066256387063809
873066356177895424
873066415602909185
873066420162011136
873066474297937921
873066529247576064
873066573447053312
873066587359657984
873066613989187585
873066628354678784
873066751331672064
873066756293533696
873066775658643457
873067136935243776
873067266815832066
873067461540630532
873067481832738816
873067527038918656
873067574497427456
873067623340056577
873067636887666688
873067763933233152
873067910364774402
873067941297700864
873067987393101825
873068098080788480
873068110940561409
873068399793848320
873068464218423298
873068595877564418
873068627003555841
873068642589589505
873068682607382528
873068699279695872
873068982315630592
873069149135699968
873069253670207488
873069269583396864
873069447384150019
873069515227021314
873069622945210368
873069626610954240
873069657841729536
873069657569099776
873069660349931520
873069930702282752
873069933009096706
873070012608651264
873070036348420097
873070101070663680
873070125905174528
873070136864808962
873070165939732481
873070207140470789
873070428268371969
873070436136894465
873070773878931460
873070798205992960
873070830929846272
873070844087422976
873070864270368773
873070876329091072
873070916447617024
873070926820122624
873071103505072131
873071199663804416
873071214410977280
873071294224281603
873071386075385857
873071414374391808
873071454559940608
873071482955382784
873071493474689025
873071631366737921
873071897558241280
873071932668641281
873071947453616128
873071980617936898
873072015149641728
873072016227618817
873072029838172160
873072048418938881
873072173350518784
873072173660766209
873072175221178368
873072178748465152
873072227977056256
873072355274178562
873072456222638081
873072582433488896
873072592642424833
873072643640967169
873072679309279232
873072704588402688
873072706660450304
873072789153959936
873072804890984448
873072803695677440
873072830379839490
873072920897003520
873072923648573440
873072965989969927
873072969550929926
873073017261182977
873073156348452865
873073184030904321
873073227815202817
873073292030038016
873073317665689600
873073369461030912
873073402466127872
873073415292207104
873073445717671936
873073532053315586
873073552265588736
873073740694773760
873073779353673732
873073961323479040
873074133290033154
873074221622018048
873074223035461632
873074265922224128
873074340098564096
873074353616732161
873074401943494656
873074419647655938
873074460512747520
873074520659173376
873074562463801345
873074681401589760
873074694127198208
873074783885316096
873074801941688321
873074910733582337
873075006636412929
873075015188492289
873075206499164161
873075277349363712
873075439702605824
873075615770923009
873075616018382848
873075820570361860
873075919056916482
873075951218835456
873075953609482240
873076014233993216
873076032227524608
873076039307493376
873076043774439424
873076064561451008
873076079413542912
873076135105511425
873076140625117184
873076147579375616
873076225446522882
873076228772712448
873076255993675776
873076291229986817
873076301682270208
873076309814984710
873076354891173889
873076402756534273
873076440517890050
873076452463304704
873076507022737410
873076549691383809
873076587054252033
873076615445487616
873076655584980993
873076739605274624
873076745984909312
873076780877336576
873076837114445825
873076842206380032
873076846849441792
873076886254923776
873076929674436609
873076935974244352
873076951237492736
873076971386716164
873077188773396480
873077202555781121
873077208062885888
873077241172811776
873077242250670080
873077275637334019
873077349616541696
873077357933809665
873077438300905476
873077544332832769
873077585688772609
873077587400024065
873077603766198274
873077645361033216
873077666382884864
873077685932630016
873077710024712193
873077779473981441
873077829570711553
873077850173095936
873077955575988225
873078004573917186
873078119824932864
873078261491744768
873078287865479168
873078343897235460
873078388126240769
873078394996441088
873078486268694528
873078514768953344
873078576949493761
873078581332549637
873078671694745600
873078685695328256
873078746986590208
873078801223139329
873078834895114240
873078869493817346
873078963010129920
873078992944807936
873079066861031425
873079092974821377
873079124486635521
873079310587789313
873079346386223104
873079371686264832
873079376627159040
873079420633751556
873079473746321409
873079538036621313
873079604805722112
873079690985996288
873079725429620738
873079815133315075
873079823945449472
873079871278272514
873079876697300992
873079947761377282
873080006930423808
873080022885466113
873080029797769216
873080034398842881
873080095954452481
873080135259271169
873080138883190787
873080214389014529
873080329078153216
873080367422492672
873080403749294082
873080427174440960
873080478542082049
873080483050954754
873080499412938752
873080621748305920
873080636734554113
873080723548258306
873080725590818816
873080740606484481
873080791172960258
873080818389852161
873080848416776194
873080860177645568
873080998623232001
873081041115783168
873081102964883456
873081219247882240
873081382993395712
873081417688784897
873081506775744514
873081507111292928
873081518385635328
873081713118781440
873081731175370752
873081761130991616
873081792286277633
873081869662773249
873081910808817669
873081920120279040
873081979058638849
873082012906565633
873082074227294208
873082106749911040
873082141432664065
873082171451359232
873082183342104576
873082233858347008
873082235586465794
873082243027054592
873082245396873217
873082289143521280
873082322412642304
873082411315154948
873082490763657216
873082522783014913
873082566798065664
873082568211431425
873082594023284741
873082666354040833
873082706690625536
873082746452627456
873082795182116865
873082836852416512
873082955458945024
873082971330195456
873083010823749632
873083016196661248
873083137181470720
873083327913185280
873083350700802048
873083408125120514
873083463980556289
873083476781563905
873083497363025920
873083499800018944
873083500198481920
873083636903403521
873083652934033408
873083659175075840
873083668788502528
873083771725135873
873083877484511232
873083974855180288
873083980517482496
873084043931271169
873084091683360770
873084135803305984
873084166920781825
873084187527356416
873084298953281536
873084347481325569
873084413906636800
873084563806838784
873084595196919808
873084684485312513
873084770833448960
873084772171390977
873084809970462720
873084949225590784
873085157950898176
873085171129475072
873085308346155012
873085364482723840
873085519134998528
873085608515653634
873085611661377536
873085617378217985
873085673531621376
873085785381130247
873085786354180096
873085890637123584
873085947813875712
873085988507078657
873086023609204736
873086024091484160
873086372818468866
873086380070510592
873086386001240066
873086460299157504
873086484823195649
873086525931573248
873086582424608768
873086650355666944
873086764197588992
873086806274605056
873086966861930500
873086969009520641
873086974155816960
873087027364876289
873087135326150657
873087165466529792
873087268927414272
873087269133070336
873087301852684288
873087326448082945
873087337114120193
873087393493991424
873087432723316736
873087503414173696
873087560083316736
873087564269240323
873087844880863232
873087920499970049
873087924073410561
873088080248360964
873088082181996544
873088157171843072
873088209952972801
873088333626327040
873088433035501568
873088524420907013
873088532125859840
873088534059425792
873088533937836037
873088571049099265
873088626212524032
873088638036332545
873088650195517441
873088668218531840
873088670290411520
873088684307828738
873088696525795328
873088718239801348
873088735482593280
873088776909737985
873088790792818688
873088799072411653
873088854902820865
873088887043665920
873088886469046273
873089136315346946
873089207572471813
873089232574701573
873089249632960514
873089262861799424
873089264145256448
873089508614393857
873089527610355719
873089532740067330
873089570845245440
873089611563548672
873089775191838720
873089791994191873
873089871132278784
873089899661991938
873090004297187328
873090095699574785
873090101835780096
873090101290479616
873090153509601282
873090253979926529
873090286057959426
873090436423757825
873090458552999936
873090465985216513
873090559212109826
873090569295220736
873090570641592320
873090573678256128
873090658277367809
873090710961913864
873090761478201346
873090774165893121
873090879916875776
873090986519298048
873091018635096064
873091061660307456
873091064613056512
873091236734750722
873091238219493376
873091254401118210
873091408319586304
873091446068330496
873091457380253703
873091509716869120
873091515387596800
873091662733430784
873091745814241280
873091810192637954
873091860289306624
873091992334417922
873091996079931392
873092011754102786
873092081475928064
873092227643330561
873092302062764032
873092303027437571
873092331062181889
873092338960130048
873092456119652352
873092478592704513
873092577695748098
873092586797383682
873092598096777217
873092604723814401
873092650185785344
873092655978168320
873092718594998273
873092884605542401
873092977421303808
873093096044544000
873093216505012224
873093368531648512
873093446134710275
873093458096824321
873093467525660672
873093577718374400
873093582827147264
873093604515880960
873093684547297280
873093811089616896
873093826558046208
873093889556529153
873093904928620544
873093922003734529
873094185355624449
873094222336860161
873094258974105607
873094295527407617
873094334165286912
873094601900384258
873094653171580929
873094666933096449
873094700676165633
873094734226481152
873094822403362816
873094824160772097
873094824823365633
873094862538653696
873094890615209984
873094905362399233
873094916066336769
873095005568589824
873095017723699200
873095035474006018
873095048971210753
873095050334322689
873095072207618048
873095147306721280
873095148825059329
873095182207467521
873095184875012097
873095204047273985
873095253539946496
873095284334579713
873095368900100096
873095360343719937
873095463389413377
873095497791053824
873095511133216769
873095550567985152
873095713197932545
873095824921600001
873095829287878656
873095868332650496
873095889148985345
873095901496999936
873095955893018633
873096052588425217
873096062461894656
873096113632428034
873096113456168960
873096114467069953
873096167671816197
873096284999098368
873096309091123204
873096339562745856
873096494521266177
873096526356021248
873096531674517505
873096606416908290
873096667997757441
873096676528898049
873096732191543298
873096741431656448
873096746590547968
873096749451063297
873096753381163008
873096769923538946
873096781264900096
873096805235408896
873096835979632640
873096838240284672
873096886202228736
873096954191921152
873096955986968576
873097029748051968
873097080863997952
873097085138096128
873097103819513857
873097108970012673
873097121024495616
873097317674475520
873097333822681088
873097339732279298
873097392958062593
873097460599500801
873097510151086080
873097522306203648
873097543508402176
873097690313236483
873097782097190913
873097790049591297
873097919922003968
873098003820695553
873098006186217474
873098069012762624
873098075874541568
873098094501535744
873098342758088705
873098381098221569
873098399498641408
873098478821359618
873098485465100288
873098584576610305
873098605287976960
873098653379866624
873098696216289281
873098717707948032
873098742324264961
873098764667334656
873098784196091904
873098832644419585
873099070541185025
873099095681847296
873099114648555520
873099177479127041
873099289244741632
873099373462249473
873099446707396613
873099460552687616
873099716325556224
873099778942357506
873099834177146880
873099840128827395
873099868142620674
873099877760221184
873099993321623557
873100015186583552
873100061843963904
873100210712363009
873100220321505281
873100298386001920
873100354107441152
873100384327278592
873100422285623296
873100430208753666
873100460621676547
873100537016627200
873100595900497921
873100602493984769
873100606134792192
873100635746385920
873100748527067137
873100755485380608
873100847273488384
873100851207745537
873100896468574208
873100919751057408
873100923597344768
873100924335472641
873100961123680256
873100962650505216
873101043986448385
873101109103009792
873101109321244672
873101115272814593
873101117176987650
873101122336022528
873101160940425219
873101181777625088
873101229089370113
873101254422953984
873101313969504256
873101332051238912
873101359712657408
873101382080806912
873101424179126272
873101458190721025
873101540587782144
873101615405817858
873101617431588865
873101645738950658
873101648813449218
873101661824139264
873101678173503489
873101703674871809
873101704153124866
873101747148865536
873101752865705984
873101851234770944
873101887725199362
873101938216148993
873101938199416838
873101945984081921
873102014611243013
873102127106674689
873102140352241664
873102160724074496
873102297261195265
873102331977412608
873102402290761729
873102421412560899
873102474801856512
873102532515577857
873102564476067841
873102580464754688
873102651910635520
873102734890631168
873102792478478336
873103121324560385
873103128245157888
873103201330843652
873103237938724866
873103264887132162
873103302749179904
873103447360286721
873103456805855234
873103562368180224
873103657973170176
873103681549344769
873103754853203969
873103819193761792
873103904715685888
873104068788363264
873104223742828544
873104293615640576
873104307742060544
873104538403721217
873104556858593280
873104579927228417
873104598499602434
873104605676093440
873104704531685376
873104787591503873
873104973835280384
873104991552061440
873105051631239169
873105152588120064
873105184464830465
873105213640417280
873105322193190914
873105334750986240
873105396122046464
873105524220284930
873105608269889537
873105628994060289
873105637390950402
873105642516434946
873105695809298434
873105805343510529
873105808086646787
873105811718848516
873105965679124482
873105982842298368
873106088240988160
873106136781668352
873106176115826691
873106355145457665
873106374804160512
873106414687838208
873106418596851712
873106505666514945
873106527724347392
873106575556173824
873106606518554624
873106632070152192
873106643835170816
873106678429777920
873106809833246720
873106843702181889
873106886844833793
873106933930106883
873106954675040257
873106975352954880
873107028264198144
873107065513705474
873107096245420032
873107139140534272
873107150704230400
873107172237877248
873107198359945217
873107242173702145
873107256346267648
873107328932880385
873107338189651968
873107351292657664
873107372343828480
873107372259987459
873107402123378692
873107408129712128
873107410386165760
873107414999900160
873107415868125190
873107418057592834
873107430015614977
873107445001797635
873107447677820930
873107544943714304
873107557883170817
873107613445103618
873107686480531457
873107760174342146
873107832446435328
873107934581882882
873107938910420997
873107972204843008
873108002198265857
873108110075768832
873108147195346945
873108200098156546
873108267706097667
873108390754500608
873108495691796480
873108528939978759
873108548183404544
873108572393005056
873108623064420353
873108648548900868
873108696347287552
873108704584908800
873108764487856130
873108784993914880
873108826999840769
873109084060360704
873109084832112641
873109125135179776
873109195725262853
873109197004591104
873109216264806400
873109318723289090
873109399019036675
873109405390196736
873109410909790208
873109512311287808
873109726325755905
873109749956345856
873109812439007233
873109815484076033
873109845477539840
873109917749694464
873109941652828165
873110017863327745
873110091955707905
873110140232138756
873110215972888577
873110233404407809
873110287494160384
873110324466958337
873110352262610946
873110493136699393
873110495649071105
873110561969418241
873110563600990210
873110631481622529
873110817591382017
873110834020364290
873110890727460864
873111186551709700
873111464034222082
873111495344660481
873111767404101632
873111834340933632
873111834831630336
873112078306770945
873112100821909507
873112106844905472
873112124507119616
873112159902773248
873112184493977601
873112238093082624
873112256585678848
873112416044830721
873112433887387649
873112434101424128
873112444259848193
873112497682698244
873112502376189952
873112574212034560
873112598245289985
873112601776889858
873112659599556609
873112680835436544
873112725571772419
873112732379127808
873112752507633664
873112770320793602
873112773286285312
873112847642796033
873112888600281090
873112907172597761
873113006367883265
873113066900144128
873113166418296833
873113216531939328
873113234747793408
873113411877351424
873113419158704128
873113425907392512
873113443208908800
873113531020746754
873113541732999170
873113571701411840
873113578512850944
873113616941068289
873113631008870402
873113693776519170
873113699396886529
873113701536092161
873113707139575808
873113741994229766
873113758670831616
873113772537200640
873113791914942465
873113815923122177
873113888778182657
873113951084490753
873113974723690496
873113991379173376
873113996345212929
873114062086848512
873114103195160576
873114139966586880
873114204932161537
873114248439668737
873114365460795392
873114410520264704
873114443302883328
873114576912384002
873114589839237122
873114612098412544
873114616250769408
873114619769794560
873114681744867329
873114729056681984
873114834543419392
873114905787777024
873114914117767170
873114970799591425
873115013065490432
873115102983069696
873115119554670592
873115142501801984
873115270109253632
873115322378625024
873115406499631110
873115409536368643
873115556290875392
873115647676264448
873115675379720192
873115730077667329
873115860268851201
873115957727608834
873116032952549377
873116043434053633
873116182290735104
873116215056584707
873116223663255552
873116244307656704
873116407252238336
873116442752729090
873116450164137985
873116458653437952
873116465188151296
873116490530144256
873116585099116544
873116757526953984
873116778733355014
873116794000625666
873116820403666944
873116822723149824
873116912858800128
873116913269784579
873116944974528513
873116953707032578
873117046774480896
873117082614759424
873117116580233219
873117237074317312
873117273497624576
873117409359544320
873117443664642048
873117468721463298
873117468889427968
873117472592769024
873117508726685696
873117511083991041
873117516410650629
873117554323013634
873117596928757761
873117637445689346
873117648296353792
873117726423658497
873117737647611906
873117751182675970
873117762658353152
873117774129659905
873117793348009985
873117923245645824
873117938781257733
873118047380295680
873118263223267328
873118272677228544
873118432333516804
873118523647639552
873118567046066178
873118575472459777
873118582376353796
873118619680423936
873118747367690240
873118780007694337
873118852049059844
873118880683630592
873118985109217281
873119034325164032
873119045733687298
873119151715344385
873119259651563524
873119260515500034
873119369961758720
873119405869195266
873119406770892800
873119440551821312
873119510366011394
873119581803397121
873119590649221124
873119602737258496
873119613323689986
873119669615378432
873119713634664448
873119726288777216
873119869792735232
873119969646489600
873119990236405761
873119992740323330
873119994225115138
873120007068172292
873120030094798852
873120066849480704
873120111481151489
873120274790596608
873120394139492352
873120418202214400
873120420072902656
873120426183892994
873120537840459777
873120598133579777
873120667880771584
873120718921228288
873120783731523584
873120857840693248
873120886039093249
873120999054622720
873121040804626432
873121052674605056
873121195842953216
873121223198167040
873121251274899458
873121279959683074
873121510784761856
873121551335399425
873121556049739777
873121628590178308
873121658122362880
873121751181303808
873121753760911360
873121805841481734
873121876477829120
873121986565689346
873122017502937088
873122030199033856
873122045663379456
873122054299541504
873122076604772353
873122099048529921
873122120674320386
873122171693879299
873122189502894080
873122209690075137
873122223661252608
873122500850229251
873122569263620100
873122571708911616
873122613198954497
873122680806924289
873122786968911872
873122796259299328
873122803813203968
873122868934004740
873122878534819841
873122911044812801
873122940652367872
873123054859075584
873123261092999169
873123368689573889
873123450646286337
873123496766853120
873123511518109697
873123527318151168
873123551880003585
873123614882529283
873123652501360641
873123671514112004
873123677662990336
873123732801282048
873123763843244033
873123887482941441
873123900057559040
873123908379066369
873123960342233089
873123972937687040
873123988251189250
873124035097264128
873124097781227523
873124363406458880
873124458109607945
873124482403057664
873124508705542147
873124513428496384
873124527215001600
873124549511979009
873124557279772674
873124579501260801
873124622404730880
873124696014725120
873124728076029953
873124782736158721
873124842521870336
873124900071890945
873124990488465409
873125029197660160
873125042707603456
873125182650556416
873125253823709184
873125383243128832
873125448653209602
873125514529038343
873125517167214592
873125539615170561
873125574440493056
873125600038240256
873125612520525828
873125720259608576
873125775469236226
873125792288391169
873125825121468416
873126023117897728
873126032965943297
873126038313631745
873126085310820353
873126282569039873
873126284523470848
873126309907447809
873126311836827650
873126332070109185
873126460843622400
873126634563411968
873126693002657792
873126741937602565
873126766059044865
873126837731213313
873126926025498627
873126967817650176
873127049950486533
873127064185954306
873127121735917568
873127213222084608
873127229793816577
873127422287384576
873127469175513088
873127533910269952
873127619876626433
873127668316766208
873127683093274625
873127816388149248
873127870209548289
873127975020969984
873128033242275840
873128036190781440
873128075130576896
873128077231968256
873128090024558592
873128277547896832
873128439498252288
873128472721235969
873128576102649856
873128605894815749
873128680087732224
873128764326203392
873128799965069312
873128800485126144
873128844164595713
873128878335823872
873128882995638272
873128885440978944
873128981142228992
873129023450337280
873129042970587137
873129063618977794
873129109253009409
873129187091111936
873129245093920770
873129302857875456
873129306108469249
873129341735116800
873129388736466944
873129539093708801
873129690604720128
873129812038221824
873129848977444864
873129878597419008
873129955072278529
873129994603692032
873130034445287425
873130096185417729
873130135905599488
873130162602168320
873130164628193280
873130266105176064
873130274556694528
873130336904937473
873130428848369664
873130441481478144
873130454462984198
873130491888775168
873130521332764672
873130553406496769
873130584511463430
873130585832669184
873130596976873472
873130659967115264
873130680150106113
873130696881123328
873130697581613056
873130961323642880
873130994269798400
873131035139203072
873131138767872002
873131370280865793
873131372277366784
873131489373892608
873131533053382656
873131534034849792
873131542025031680
873131566607859712
873131584693653506
873131698543833089
873131830119202817
873131835970211840
873131945047281664
873131988852645888
873132057232384000
873132063423029248
873132141047164929
873132170788962304
873132237788762112
873132322895298561
873132355871002628
873132523479601152
873132558917226497
873132567054000128
873132571978326017
873132571797934080
873132574520094720
873132575316992000
873132578710196224
873132743584096256
873132848500355073
873132889944281090
873132986237157376
873133023478337536
873133042587623425
873133085797339137
873133097511989248
873133183734341634
873133209558687744
873133228256841728
873133257889636352
873133292266151937
873133356879314944
873133360243240960
873133368132718592
873133479264956419
873133510856454145
873133511338799104
873133530049544192
873133536064274432
873133598660055041
873133632050868224
873133640405966848
873133708412321793
873133730621206528
873133752272248833
873133811151888385
873133830051418113
873133879569272832
873134094909153280
873134097132134401
873134174789566464
873134178438610945
873134188081315840
873134246268993536
873134270721687554
873134390754332672
873134427328720896
873134467245895682
873134548464304128
873134597671989251
873134629234061312
873134640780988416
873134641808629761
873134654978748416
873134649131880448
873134697005682689
873134699782299649
873134772314419200
873134789028700160
873134829277249536
873134862613565441
873134865163497472
873134982730002433
873135077982654464
873135089475092480
873135203627282433
873135210879176704
873135248422436865
873135285965656064
873135336162959360
873135343448596480
873135365552349184
873135479797035009
873135483114725376
873135544741572609
873135611389104128
873135712132100097
873135750862303234
873135825315397632
873136045788979200
873136046468452352
873136066999590912
873136163279785985
873136216434245632
873136260562530304
873136314199277568
873136352421982208
873136396139147266
873136437130129408
873136444323352576
873136482978082818
873136524048703489
873136532361801728
873136540339380225
873136558035140608
873136580386488321
873136645163425793
873136683486773248
873136687383293952
873136698322034692
873136702482731008
873136738981621760
873136784942780417
873136804366618624
873136842824142849
873136856061399040
873136867536973825
873136908423004160
873137058335870977
873137248614719488
873137255245807616
873137259163377665
873137276041166848
873137290750701568
873137301861408768
873137393683050497
873137447164682240
873137458426376192
873137495403253762
873137498314113024
873137498360303616
873137601107992576
873137634524229633
873137979010809856
873138000707940352
873138010409381888
873138040243445760
873138085764136961
873138114860134400
873138187136356352
873138247215566848
873138263464304641
873138313158434816
873138342019420161
873138342983909377
873138354660835328
873138484520923136
873138533405528065
873138558005018624
873138577860907008
873138753518223360
873138856014565376
873138863115513857
873138865242034183
873138915380736000
873138931033919489
873139037854466049
873139174391545856
873139192783671298
873139303446179840
873139546166263808
873139573752201217
873139674981781505
873139688554586113
873139717126148097
873139863645716482
873139964011319297
873139998945619968
873140145960218624
873140195302010880
873140214323191808
873140299601780736
873140313535254528
873140341683228673
873140376319774721
873140406493622272
873140495253372928
873140534411501569
873140576732024832
873140704020750336
873140747326959617
873140750904700930
873140884048674820
873140899152375808
873140918337122304
873140964055035904
873141097786204160
873141109647659008
873141133672673280
873141210612985856
873141241734729728
873141295660883968
873141314145144833
873141384311709696
873141389500051456
873141407720124416
873141548359266304
873141643481952259
873141660020068352
873141814722560000
873141845869694976
873141936282095616
873141962211303424
873142130172153856
873142135998042117
873142143531003905
873142145993125889
873142177471266816
873142308849541121
873142454752612354
873142598352994305
873142633505464320
873142678736715776
873142685892304896
873142698319982593
873142763587592192
873142849944133632
873142901424967681
873142905384218628
873142910237245440
873142943309340673
873142992147693568
873143142773665792
873143186289442816
873143224537419776
873143321304158212
873143367894478848
873143383245574144
873143405274116096
873143515743649792
873143521980674048
873143548895481857
873143641065234433
873143693540298753
873143778286194688
873143810045423616
873143819075760128
873143881969397760
873143909437886464
873144023225126912
873144203492167680
873144234848776194
873144277689397250
873144299311046657
873144360388485120
873144400171474944
873144461425074176
873144686801813505
873144709128089600
873144724118548480
873144742179209216
873144774987055105
873144821485109248
873144887197282304
873144898492485632
873144926149718017
873144982290526208
873145154814844928
873145156614094850
873145332087107586
873145486680739841
873145513763274754
873145558655021057
873145659167318017
873145697104691200
873145700586053632
873145807108792320
873145993491042305
873146018212311040
873146041775869953
873146055667404800
873146154376155136
873146253152063488
873146260232044546
873146425370169345
873146533520322560
873146708422742016
873146729943547904
873146737908756480
873146832762933248
873146901666955264
873146909279571968
873147001298440193
873147064858947584
873147168286285825
873147195905724417
873147218550718464
873147323815256065
873147356933480448
873147391561654276
873147399618912257
873147420527538177
873147423471935489
873147434599362561
873147456464101377
873147470498471937
873147565289635840
873147598990913536
873147613876453376
873147625666510848
873147638048272384
873147656301928449
873147657665073152
873147667257466880
873147671460159488
873147672244494336
873147672370323457
873147673762684928
873147676698783745
873147681765552128
873147810358726656
873147844370345984
873147867065614337
873147889081618432
873147961269735424
873147991577722886
873147991703662593
873148014247936000
873148045810126849
873148141675139073
873148171031126016
873148209576763394
873148450350739456
873148470911270913
873148496429199361
873148524199911424
873148565815779331
873148598711713792
873148639916457985
873148727388774400
873148749832499200
873148777540050945
873148812633755649
873148817457152000
873148859622592518
873148929931661312
873148936520945667
873148997355155456
873149004770664448
873149079026577408
873149125130424321
873149152884076544
873149215085649920
873149349156597760
873149447999545344
873149497873977344
873149729768697857
873149747485437953
873149766355615745
873149785666203648
873149820839579649
873149839164534784
873149915408551941
873150093368709121
873150160423006208
873150231772360704
873150249061298176
873150264181764096
873150323375968256
873150470243532800
873150555010609154
873150620127113216
873150649445359616
873150696962392064
873150698417934337
873150701370843136
873150707951702016
873150822342938625
873150828856590342
873150828785303553
873150846829301760
873150891410542592
873150904102522880
873150908670111744
873150965477761024
873151037804347392
873151122323714048
873151245355282432
873151437664124928
873151445817798656
873151447910764547
873151451140427776
873151598054211585
873151687221030913
873151688110223360
873151712231555073
873151755021950976
873151823946952704
873151896109944832
873151907677777920
873151914850095106
873152045875961857
873152149953413120
873152186611617794
873152277003083777
873152326445477890
873152359605694465
873152474189889537
873152535888105473
873152564086353921
873152679891042306
873152700329766913
873152701353381888
873152763861094400
873152794894757888
873152820639412225
873152861991047169
873153006170238978
873153040815095808
873153073706934272
873153194293157889
873153233447006208
873153371385016322
873153389760303104
873153414343122944
873153478432096256
873153565002534912
873153688105361410
873153836667600896
873153868661751809
873153877230616576
873153941017677825
873153963847286785
873153972802113536
873154206097657856
873154224560930818
873154230630174722
873154251794657281
873154383340589057
873154391007801346
873154452513067008
873154535145050115
873154759984910336
873154815416823808
873154851894644736
873154923566948355
873154968064339969
873155040382504960
873155081448849408
873155227087761408
873155273892016128
873155307148541952
873155342582067200
873155344234672128
873155527416717312
873155585830768644
873155593770594306
873155621272420353
873155738046214144
873155753615523840
873155843553931265
873155865439870976
873155994737676288
873156069522120704
873156089503780865
873156092443885569
873156136064749569
873156222995750912
873156219363627008
873156479305560065
873156479800496128
873156481620860928
873156661292273665
873156678744670208
873156704451559429
873156739234881536
873156740627406848
873156741944328192
873156772466479104
873156807346331650
873156890968170497
873156981636386817
873156990872289280
873157133075918849
873157153934241792
873157259634900993
873157263296536578
873157337745432577
873157527629955073
873157538384154625
873157608236044289
873157623578800129
873157734325133312
873157737148018688
873157738691534848
873157740667035648
873157778680029185
873157948457005056
873157959391555588
873158107752476674
873158207723667456
873158239529119745
873158271175188480
873158283120586752
873158285712658432
873158363642822656
873158451530264578
873158571873140738
873158717025513477
873158859619270658
873158913063100417
873158913700581376
873158921392934912
873159001042812928
873159008693219328
873159017941540866
873159074627637248
873159068940161025
873159085985812484
873159100300918784
873159098996580353
873159177732059136
873159376072298496
873159466329550849
873159601105104896
873159623578181632
873159649549320193
873159665101807616
873159719166279680
873159721213198336
873159755409367043
873159842763898880
873159945625128960
873159953216700416
873159986054144001
873160022670405632
873160033550422017
873160054480007170
873160058619674624
873160070284136448
873160243672481793
873160261523386369
873160286143995904
873160338774126592
873160461281140738
873160535327600641
873160657830629376
873160722133508096
873160870049837058
873160878010413059
873160915537068033
873160935309021185
873160980037079040
873161011158671361
873161027243962369
873161279875289089
873161318743912448
873161330676682752
873161509144317953
873161658272800768
873161782772334593
873161788245913601
873161791106420736
873161811473960960
873161993573863425
873162017259106304
873162070925213697
873162133273546753
873162234234626048
873162250303021058
873162255717859332
873162328291905536
873162742022029312
873162751379734528
873162771239710720
873162772728754176
873162773894762497
873162776478326784
873162843926953985
873163059904294913
873163170134851584
873163242817957889
873163537006424064
873163628115054593
873163691256143872
873163790426230785
873163901520818176
873163953593102337
873163992289734656
873164026192252928
873164032135528449
873164034048176128
873164140155633664
873164201367392256
873164302676635648
873164308913561600
873164350453927937
873164544125874176
873164615399731203
873164667857842177
873164683276156929
873164767820746752
873164770605772800
873164807989538816
873164840155709442
873164947131428866
873165047933095936
873165064626475009
873165066933239809
873165090425622529
873165097870426112
873165291370549250
873165348295417856
873165384718966784
873165418462150656
873165428641722368
873165443871145985
873165514843066368
873165553577349125
873165636301709312
873165659429109760
873165674750898176
873165706501685248
873165784670973952
873165790152970240
873165832691515392
873165906305835008
873165908876840960
873166025541505025
873166044663361536
873166071725006848
873166185008959488
873166219393847298
873166266864996352
873166276742565888
873166289812025344
873166499091009536
873166546050441216
873166551393988608
873166594637279232
873166631677161473
873166634546077696
873166739634360320
873166768419872768
873166803794632705
873166807665745920
873166832668205058
873166862959489024
873166907725295618
873166938389725184
873167052210663424
873167158963982337
873167225187958784
873167249401622529
873167259979665408
873167330431438848
873167377596329984
873167439160266752
873167549487239168
873167559406870528
873167634447118337
873167639975276544
873167725534773248
873167763283599362
873167798326906880
873167879155396609
873167890891116545
873167928635609088
873167944116830208
873168065302843392
873168093203361792
873168114757849089
873168287957491716
873168478727004160
873168545609330689
873168575326015488
873168620469268481
873168719622680576
873168793769586688
873168801273196546
873168805857566722
873168841727029249
873168848215605248
873168853181767680
873168853630676992
873168859829641216
873168890142089218
873168975680741381
873169016503898115
873169034208047105
873169060132999168
873169268334047234
873169396314845184
873169398911160325
873169436945129472
873169517400215552
873169734484848641
873169760732798976
873169809772511232
873169820140937216
873169972196933632
873170070582722565
873170118821502976
873170227902676994
873170323570667520
873170323012812800
873170325357441024
873170345867587587
873170358693744640
873170388880171009
873170470216007680
873170583135162368
873170587627249665
873170591213375493
873170685107081216
873170865088811009
873170877537538049
873171062690852865
873171064997728258
873171064804790273
873171082110545920
873171116625448960
873171213090263040
873171290672304129
873171324834897920
873171473887789057
873171504288210944
873171519643561988
873171539126079488
873171550920466434
873171771691806720
873171774732730368
873171806840127488
873171905368535040
873171981927055361
873172062189215744
873172064303185920
873172105638158336
873172142317293569
873172164257751040
873172179403370497
873172191038275586
873172232062808064
873172300136407040
873172354477719552
873172445720715264
873172521541136385
873172584921272320
873172594870104064
873172655620460544
873172681562181632
873172798377783296
873172867130773504
873172915377844224
873172937431552002
873172964971343872
873172971329814531
873173049083822080
873173115446190080
873173144110067712
873173146152710144
873173157154344961
873173209440538625
873173252138512384
873173255280091140
873173300838617091
873173320698654722
873173414722367489
873173493403275266
873173529059102722
873173564366745602
873173663868170240
873173739931873280
873173757824831489
873173840720928770
873173872761286656
873173959877042176
873174034837635072
873174061765021697
873174141721096192
873174241071464449
873174387670872064
873174417194582017
873174511633477633
873174558475472896
873174582768914432
873174622300102656
873174623315251203
873174702570835968
873174704177205249
873174720920920065
873174734653059072
873174743272357889
873174812901900288
873174834976575488
873174845118451712
873174864651276288
873174917050765312
873174922008420353
873174925313495040
873174929197457410
873175091110170625
873175108160040960
873175119040008193
873175202007482368
873175242985934848
873175276238360576
873175356802555904
873175377962651649
873175386380615680
873175442274103297
873175508799938563
873175522846556161
873175619504418817
873175642942169089
873175704598446081
873175724924051456
873175768486084608
873175884630552576
873176121260597248
873176161962127362
873176297996001280
873176328559886336
873176393517076484
873176404367749121
873176439016882176
873176460772745218
873176476362866689
873176515751628801
873176611532812288
873176613122387968
873176613852246016
873176643233251328
873176685910339584
873176731707953153
873176735759650817
873176823412264961
873176957760024576
873177009047957504
873177104803876866
873177105403662337
873177115977502720
873177125372796928
873177171505885184
873177288313122818
873177301814562817
873177328645484544
873177356965433344
873177481288835072
873177494639325185
873177544807337984
873177544937394176
873177595516514306
873177598767099907
873177871870812163
873177874651598849
873177872390918144
873177878501892097
873177965785382913
873178065530232833
873178092818370562
873178113349476352
873178171922894849
873178177920577537
873178348943441920
873178502580903936
873178564904062976
873178704960245761
873178854453633024
873178878487003136
873178893594894340
873178899315924992
873178942592737282
873178976101044224
873179006388011008
873179141742497792
873179142677815297
873179177578627072
873179182544687105
873179358453800962
873179438057492480
873179518848184320
873179533897289728
873179601018785794
873179633411293185
873179702608965634
873179736394039300
873179741330821120
873179791511486464
873179795970027520
873179972726337536
873180096257028096
873180211696807936
873180265362927616
873180353283989505
873180382329491456
873180409231806464
873180434359754752
873180456224645122
873180596566196224
873180823440281600
873180903824076800
873181073617944576
873181098204946432
873181151149477888
873181152579796992
873181202747936769
873181216018706432
873181225900441600
873181255180976128
873181279059140608
873181336303017985
873181391281893376
873181402145193984
873181417576026113
873181453252780034
873181453617680384
873181532722253825
873181605090775040
873181739350458368
873181757255729153
873181797202481153
873182127587823617
873182178007502849
873182286501613570
873182290247118848
873182304499376128
873182322052526080
873182531750739973
873182592446722048
873182755034681345
873182901277470720
873182906843320321
873182908948897798
873182958835904513
873183014494326784
873183138171822080
873183307781074944
873183361623367682
873183383463104513
873183427075420160
873183484206084097
873183490040266752
873183851203440640
873183900419411968
873184064114745345
873184151813357570
873184159128326145
873184168947183617
873184238098681857
873184316116926464
873184364041031681
873184384978964480
873184465660542977
873184480592355330
873184603686805504
873184633223032832
873184646498013184
873184715787964421
873184759962230786
873184823615082496
873184845391900672
873184879462240257
873184900966436865
873184920784560128
873184997842223106
873185093111697411
873185201404432384
873185209319014401
873185312314404866
873185323483897857
873185382480916484
873185420867194880
873185425053102080
873185430505738240
873185434880356352
873185490912018432
873185543953231873
873185572520697858
873185593882279936
873185616778985472
873185619576487937
873185637800845312
873185679236313088
873185685792067585
873185716011884547
873185716913807361
873185791815675904
873185813349240832
873185906064228358
873185927086125056
873186002747236352
873186033399209986
873186220158976000
873186307232628736
873186363574808581
873186428020305920
873186428926259200
873186462224838660
873186565215989763
873186582710321153
873186590063042560
873186876529803264
873186926639108096
873186934901927936
873186973946478594
873187007266213888
873187135775551489
873187154641510401
873187181745123329
873187238896697344
873187333985771520
873187456740462592
873187577498677249
873187663494467584
873187775553699840
873187804267909120
873187857426460676
873187933372764160
873187941669056512
873187996870336512
873188386307289090
873188532587819008
873188584295211008
873188606118174722
873188614276087808
873188665492504576
873188682462896128
873188718030462982
873188722509885441
873188728629362689
873188884989059072
873188894619185152
873188897286705152
873188906811969536
873188921135509504
873188967826558977
873189031529644032
873189147531505665
873189194688024576
873189197632466944
873189203672281090
873189257975926784
873189276573466624
873189301156270080
873189350766456837
873189530014273538
873189559789596673
873189569059074048
873189789960478720
873189824534110212
873189829621805056
873189859552317440
873189868146499586
873189884542021632
873190007141523456
873190028209508352
873190086661332993
873190122593845248
873190220442816514
873190353913905152
873190456821243904
873190495379484673
873190510067888128
873190587343806467
873190642289172481
873190699922997249
873190699679842305
873190715861463042
873190782253096960
873190967389544448
873191037631700992
873191107890470913
873191215524696065
873191269891223552
873191303470870528
873191332222816256
873191374753062914
873191502817742849
873191529820684288
873191562943094787
873191576025124864
873191736385966082
873191833458835456
873191842250149888
873192010936700928
873192064237875200
873192169791684608
873192253866385408
873192274817142785
873192315736793088
873192432409751552
873192441410715649
873192463091064832
873192479440461824
873192481164333057
873192567617105921
873192703231746049
873192825915138054
873192893506301953
873192975945412610
873192990671388672
873192993423011841
873193029024309249
873193031255564288
873193184049942528
873193331521720321
873193346273087488
873193361901006848
873193401369460736
873193474065141761
873193481161891840
873193655334514689
873193692420591617
873193739942080517
873193780249325568
873193804895047680
873193911694524417
873193916903895040
873193946872074242
873193988026761216
873193988844642304
873194228972752896
873194296270303233
873194669018161152
873194687116521472
873194838463836160
873194908986855424
873194999982292993
873195068630474752
873195126885163008
873195214684467204
873195293231206400
873195380351041536
873195441046917120
873195487633047554
873195489470164992
873195509183369218
873195510903054338
873195568306192384
873195654687981568
873195759201550336
873195879582363648
873195906161618946
873195928303349761
873195936968736772
873195948196933633
873196015318388736
873196069487857664
873196095547072513
873196140556144640
873196237046108161
873196246198087680
873196276178989057
873196296739409920
873196331485016064
873196376036851713
873196411260633089
873196499710226434
873196535042932738
873196655314644992
873196670632198145
873196746582753280
873196753641766913
873196801779789824
873196921522880512
873197042067058688
873197268001853440
873197275480285184
873197447140577280
873197484033617920
873197557303955456
873197657283604480
873197779245518849
873197998854905857
873198061119557632
873198121043599361
873198131202150400
873198139452338177
873198184046231554
873198318947577856
873198570786127873
873198656077258752
873198751929839616
873198847404716032
873198895043661824
873199156080386048
873199260577169408
873199310082637824
873199476504227841
873199510805250049
873199578165768192
873199599791558656
873199634809847808
873199665541459968
873199738019033089
873199766913642496
873199858479501312
873199907774922752
873199919003295744
873199961923604480
873200055834071042
873200160314195969
873200309300064258
873200365776273409
873200375976927232
873200410508627968
873200499297837061
873200529689718785
873200652767432705
873200800008466432
873200836507312132
873200950437085184
873201015952216065
873201093760749568
873201243770015744
873201272970727424
873201282403753986
873201345083428869
873201420035665921
873201499844874241
873201545306931205
873201664966217729
873201683387613186
873201742317473792
873201751071043586
873201777780371457
873201780921962496
873201783337779200
873201820788809729
873202029723877376
873202072220512256
873202128977833984
873202253607432193
873202417197883392
873202579471204352
873202756517056512
873202760921075713
873202858799378432
873202979784019968
873203033278173184
873203041402580992
873203059454873600
873203086952726530
873203098210234368
873203237419184128
873203323209490432
873203439215534080
873203495423406082
873203534405095428
873203546262523904
873203588272721920
873203794087215106
873203829482942464
873203958860460033
873204008198053890
873204011876454400
873204189593313281
873204220232708096
873204327644528644
873204431793291267
873204439666102273
873204459714772997
873204594867875840
873204634411728896
873204642573942784
873204661611790336
873204671262973952
873204684013658112
873204739189731328
873204998624219140
873205051807997952
873205065280102403
873205093256105986
873205162143358977
873205335728803842
873205426778775552
873205554772144128
873205585193422849
873205611713908736
873205619335061504
873205620551200768
873205626658103296
873205647197732864
873205688910180352
873205834741944321
873205907978506241
873206075310227458
873206133804105731
873206231980281857
873206289064747008
873206310589878272
873206355162693635
873206356614021122
873206377975566336
873206450910359553
873206571936952320
873206585669156864
873206817945337856
873206842305990656
873206878486097921
873206880272822272
873206909788184576
873207038368772096
873207071629508608
873207114331828224
873207174348115968
873207258229899264
873207312839847936
873207312240046080
873207485661884416
873207656479170562
873207697604317185
873207943189204993
873208083853529088
873208099661897729
873208127176540160
873208174639230977
873208232671670272
873208338691043328
873208403740512256
873208840568930304
873208880066461697
873208918088003584
873208982407700481
873208998731939840
873209012971556867
873209029065150464
873209096442433536
873209195985862656
873209227136966658
873209328915951616
873209361186926594
873209362944282624
873209368686276609
873209480498073602
873209554015793153
873209574584590336
873209614891978753
873209651168497664
873209658483376128
873209666133733377
873209770899058688
873209793560924160
873209794680823809
873209947445702656
873210205823279105
873210243441807361
873210355316649984
873210377760374785
873210383942733824
873210507213275136
873210773048315904
873210775749484545
873210812269305857
873210815633076224
873211069740855296
873211189353996288
873211346480975872
873211395671826432
873211406807683072
873211463363702785
873211476869353474
873211821771165696
873211835444600832
873211840481828865
873211844378468352
873211851974356992
873212069251883008
873212107009007617
873212241352511488
873212312806707203
873212505480364033
873212750973075457
873212939171495937
873213076778209280
873213098680664064
873213104301248512
873213108256481280
873213286023647232
873213344815210496
873213495097135106
873213512968962048
873213545705504772
873213584905515008
873213915907457024
873213928527900672
873213945015697408
873214205763211264
873214359962570753
873214369185845249
873214649692557314
873214663349198849
873214784992411649
873214858870652928
873214866395471873
873214884133122049
873214895629754369
873214903053680640
873214943625175046
873214982829232128
873215004467658752
873215067336192000
873215122021507072
873215135648755713
873215144532291585
873215178418130944
873215185141592065
873215244256018434
873215606723678208
873215621600825344
873215626151702528
873215668728025088
873215693956808704
873215873854648321
873215956369248257
873216010098225152
873216022035271680
873216060786454528
873216085809614848
873216247516868608
873216275799035904
873216318589325312
873216372553252864
873216466073509891
873216487087058945
873216664514551808
873216823533199362
873216883457216512
873217083785531393
873217145903214595
873217168917135360
873217242531590144
873217247124361216
873217273321988097
873217314161909760
873217419044679680
873217524418084864
873217547130335234
873217724603879424
873217938366619648
873217948080521217
873217983778258944
873218036081328128
873218076690591747
873218130914553859
873218137285681152
873218145858838528
873218151550504960
873218188435234817
873218221704450050
873218228750888966
873218252071153669
873218277060874240
873218304256684032
873218333201575936
873218374591016960
873218389245906944
873218406169927680
873218431365115904
873218606749949952
873218611711795201
873218671052812291
873218696323510273
873218777986543616
873218972359036928
873219030424969217
873219514674098180
873219518738214912
873219648908668929
873219687097802753
873219690973339649
873219723940507648
873219760129024000
873219786720894981
873219972700483589
873219997669220353
873220083304329216
873220158734520320
873220265068703745
873220436519157760
873220604656308224
873220649703145472
873220681059717120
873220793660059649
873220817085181952
873220923305971714
873221184783085569
873221235232178180
873221245977980928
873221274994081792
873221277066067970
873221344305008640
873221368694935553
873221466082480129
873221476744400897
873221523536044033
873221617920335872
873221669413941248
873221698123902980
873221809734377472
873221839539105793
873221864511942657
873222051359858688
873222212790046722
873222257807675392
873222327034576900
873222379329245185
873222423663054848
873222434152951808
873222881362284546
873222914094632960
873222964841517058
873223138569580546
873223167522856961
873223168642732036
873223170450309120
873223178809737216
873223224569585668
873223274599243777
873223280148328450
873223356383940608
873223428282744833
873223542732718080
873223674211573761
873223674744238085
873223686022504448
873224113862717441
873224120934301697
873224267432939520
873224297191493632
873224353026068480
873224395212431360
873224441513299970
873224448597516291
873224552737906688
873224558924505092
873224598854275072
873224715955040256
873224823153012737
873224853029105664
873224890823954432
873225071074181121
873225126350901248
873225177168986113
873225201550602240
873225217530843136
873225222509539329
873225237860626433
873225285361180673
873225343099863040
873225597115404289
873225841148399616
873226062423109632
873226135559163904
873226159684820997
873226449205035008
873226467756302336
873226475901562880
873226489927356416
873226496424329216
873226502850068480
873226812897337344
873226943134670848
873227104816594944
873227469301710850
873227509315383297
873227683378847744
873227760952627201
873227796100898817
873227993526796291
873228046102405121
873228132077248515
873228143762558976
873228171432341505
873228198590373888
873228235135483904
873228302940549120
873228328668454913
873228384758894592
873229034305585152
873229065540567040
873229091771756544
873229123497406464
873229166820421634
873229188437872640
873229234562453504
873229285900693504
873229482466955265
873229494731124737
873229758162759682
873229777976475648
873229875393548289
873229900978823169
873229993374957568
873230072781656064
873230141266305024
873230259663118337
873230360619954178
873230405406674946
873230545894883328
873230678892179457
873230724048060417
873231090424700928
873231155734171648
873231180556107776
873231402145382400
873231775962673152
873231883580080128
873231967134855169
873232047824830465
873232061007527940
873232069048094720
873232128833617920
873232137067143168
873232226472927234
873232249440874497
873232281330216962
873232614332796929
873232699447791622
873232726157127681
873232800383737857
873233069137854467
873233114763591680
873233194430189568
873233231239401473
873233276873388032
873233385929543681
873233455034888195
873233523016175616
873233564309049344
873233736200069121
873233778868715520
873233924838879233
873234053029404673
873234070343495680
873234180683046912
873234223251025921
873234232121937921
873234334047666176
873234388179398656
873234403878744069
873234546958979074
873234557214109697
873234570702934021
873234751892672512
873234806628155393
873234951071821824
873235002334511104
873235017786433536
873235204554592256
873235235688894464
873235311131865088
873235331147026432
873235398196985857
873235550752342016
873235575876333569
873235619929100292
873235647871541248
873235649528246272
873235657971429377
873235749096886275
873235781464227840
873235811998846978
873235840247492609
873235869037207552
873235875278327808
873235882249158656
873235991477321730
873236091096248320
873236128173875201
873236275825922050
873236334273540096
873236424916652032
873236659491532801
873236706849435648
873236892069875713
873236970612436994
873237036097994752
873237149776261122
873237438621261826
873237521483911168
873237563619848195
873237600441704449
873237618724663296
873237639582937090
873237653021478912
873237805740298241
873237822991458304
873237890637205504
873237926443929600
873238190223765504
873238265016528897
873238274680250369
873238275883925506
873238332779757568
873238341671583744
873238338479828994
873238398676287488
873238522295189506
873238526850207744
873238650242428929
873238809227538432
873238844346220544
873238849069174785
873238859231879168
873238922922536960
873239081475596289
873239439530655745
873239466135236608
873239540848263169
873239716144988160
873239815919210497
873239849628823552
873240009100406789
873240128310972416
873240317499129856
873240417843781634
873240572819111936
873240606738444288
873240706374152193
873240722627080192
873240760132489216
873240831980957697
873240835491581952
873240837051830272
873240930555490304
873241078857691142
873241124567207937
873241163712667650
873241240598437890
873241248123027458
873241305601671169
873241360744169472
873241391429824512
873241418294321153
873241717562114048
873241797786578944
873241839624749058
873241940829110276
873241956192849920
873241976476487682
873241977449582592
873242165664722945
873242173919113216
873242219918102529
873242281087836160
873242301488914432
873242327099334657
873242366420942849
873242402248642564
873242430086279168
873242454715183108
873242900162916353
873243116983267328
873243296717352960
873243479635349505
873243510346067969
873243572710985728
873243604004855808
873243710833799168
873243727816523777
873243759772925952
873243780068945920
873243854828425216
873243894334595072
873244205971329024
873244232076668929
873244237478932481
873244358123724800
873244453951205376
873244696486830080
873244770465976321
873244808193638400
873244824761241601
873245016344449025
873245150432174082
873245189292269568
873245217356382208
873245235572334594
873245241549180928
873245295903223810
873245490426642432
873245824628781056
873245830840545280
873245884225642496
873245953272184832
873246070360428544
873246080128909314
873246192221782016
873246277101907968
873246346672820224
873246458530672641
873246637178720256
873246913868550145
873246981254238212
873247006751424514
873247091795124224
873247157196922880
873247211106258947
873247257432293377
873247287950159873
873247422624931840
873247437007212544
873247464106733569
873247630696099840
873247655656398848
873247759490572288
873247806760341504
873247840914612226
873247872673869825
873247892965863428
873247893150470144
873247928315514880
873248021936562176
873248070984753152
873248135254089730
873248178673528832
873248244884795392
873248436719669248
873248554743189504
873248626839093248
873248992053866498
873249024215789568
873249082067873796
873249125063634944
873249235549990912
873249242940403713
873249355762937856
873249404408520704
873249552614252545
873249578929315840
873249591235403776
873249637376942085
873249636361924608
873249688010575873
873249730754686978
873249732008824832
873249876792025088
873249946018992128
873250038700527616
873250165456588800
873250411045670912
873250753057611776
873250851523100673
873250979097055232
873251012261359616
873251150035857408
873251515921780737
873251668766244864
873251860404219904
873251876808077312
873252204995633152
873252305851736064
873252460994981888
873252560907505665
873252581719584768
873253057726992384
873253076563623936
873253097149214722
873253109757337600
873253120301772802
873253376183685120
873253528231432192
873253793454063621
873253816807895044
873253956335669250
873253971141570560
873254033263403010
873254160631812098
873254314801803264
873254541415903232
873254600891092996
873254727508799489
873254763999244290
873254833167507456
873254844756369408
873254982719602689
873255042626850816
873255100386598913
873255237066403840
873255303416041472
873255424459517952
873255678374100994
873255689417830400
873255708661252097
873255744317132802
873255885069467648
873255943366213633
873256110639153153
873256138246164480
873256138753675264
873256176007434244
873256293703745539
873256483512872961
873256496833978369
873256639247339524
873256701247594496
873256818096521216
873256856956698624
873256898979614725
873256977434112001
873257012574003200
873257271089913862
873257303105032198
873257760036716545
873257790017589250
873257815720185857
873257823181824000
873257992917012481
873258094322749441
873258184500293633
873258285503320065
873258312376123394
873258391216549889
873258410946564097
873258697430007808
873258811901063168
873258832180465664
873258863537029120
873258932428578818
873258976208662528
873259159646613504
873259198011801600
873259233076281344
873259251724152833
873259709972623360
873259767656873984
873259776930488320
873259837781626880
873259939363528707
873260126572081153
873260302476996608
873260363864780800
873260403882688512
873260487764561920
873260513962196997
873260629267709955
873260681608474625
873260705880969217
873260716354146305
873260785484660736
873260820389646338
873260919861719040
873260921686286336
873260923217162240
873260926669123589
873261020894179330
873261333457903616
873261412143030275
873261429247356928
873261475225358339
873261541356953601
873261593110491138
873261602488942592
873261644457103362
873261653726568448
873261850313576448
873261894404059137
873261913790173185
873261944714735617
873262152546754561
873262256565485568
873262334793445376
873262502058094592
873262607309967360
873262673718390784
873262797580382208
873262919206744064
873263060022050816
873263497051877376
873263639146487810
873263807023460352
873263940255576064
873263959717146624
873263995272261632
873264104705798146
873264151329726466
873264243369549824
873264269818724357
873264332519473153
873264586220331008
873264720131874817
873264901724262401
873264956518658052
873265033400242176
873265076492546048
873265134646550530
873265148118618112
873265260106592256
873265273364729856
873265277122863105
873265310383714306
873265457918349313
873265634884407298
873265636394315777
873265751116963841
873265945657192448
873265959515172864
873265984097972225
873266076615921667
873266200511488000
873266202260508673
873266289908875264
873266456376610816
873266546604478464
873266647167115264
873266946267127808
873267049165991937
873267118879498240
873267150689095680
873267180271542273
873267228535345152
873267301587587072
873267314044674048
873267366246928386
873267451420712961
873267462636285958
873267486686408706
873267499713912833
873267515186700288
873267576272564225
873267610464505856
873267821576421376
873267866300293120
873267885451472896
873268020440944640
873268072257380352
873268128154824704
873268141941501958
873268520649342976
873268675054370816
873268801583943681
873268841442357248
873268991355211776
873269115934388225
873269330523414528
873269558215409665
873269661932060672
873269789095014407
873269872498802690
873269894829178880
873269967235538944
873269979671543808
873269990333587456
873270014719270913
873270107983794176
873270346891141120
873270404529389570
873270423848439810
873270451308507136
873270510435667968
873270541842612224
873270701209399296
873270856763486209
873270880536846336
873270976951267330
873270981967712257
873271019540279300
873271031741501440
873271061856571394
873271112469291008
873271215044964352
873271245613256704
873271261543182337
873271323526656000
873271340266082305
873271503273549825
873271576606781442
873271825337372681
873271940206784514
873271962788929538
873272147959009281
873272242586693632
873272242511257603
873272244281249797
873272266024509440
873272445670653952
873272468265459712
873272499953381378
873272795257479169
873272818175291393
873272821996298240
873273043870732288
873273091367022592
873273209394692097
873273448109416449
873273841128222720
873273847457480705
873273935403651073
873274003858882560
873274020166340609
873274020686331905
873274032468234240
873274162470686720
873274737266487296
873274752525377538
873275035775053825
873275047229759488
873275055765159936
873275821984710657
873276233177595904
873276453693083648
873276568243773442
873276657595035648
873277152657108992
873277278012272641
873277372732239873
873277430127099906
873277606862442497
873277643508068354
873277732611915776
873277904658067456
873277932202020867
873277956415795200
873278013470908421
873278150515601411
873278176209883136
873278203296698371
873278228126998530
873278304110948352
873278435631779840
873278436458082306
873278463393894401
873278533321281536
873278535661735936
873278625117859840
873278728767492097
873278738666049536
873278796442501122
873278832819789825
873278928873545732
873278987161804801
873279151825965057
873279200639242244
873279298165252096
873279419187646464
873279458836451331
873279560762236928
873279631276814337
873279846125903874
873279851918221312
873279921157791744
873280453666643968
873280466606075904
873280522792972288
873280540706734084
873280591508246531
873280670260396032
873280709020069888
873280881213018112
873280964063092738
873281076856311810
873281187359412224
873281332893372417
873281408248283137
873281449151090691
873281489571651585
873281590880739329
873281614293454849
873281629271330816
873281645943640065
873281757050785792
873281808359706625
873281971472003073
873282153420869632
873282170055512064
873282493658652676
873282580094889984
873282607689211905
873282838967209984
873283094656233472
873283271597199360
873283280388468736
873283378002493440
873283382804975616
873283483677990912
873283569942228992
873283603739942912
873283821059354628
873283913636098048
873284035971358721
873284163520131073
873284419074875392
873284471952465921
873284638051106820
873284683718701056
873284719089250305
873284987793047552
873285222623739904
873285255737860100
873285286746353665
873285355998498816
873285451280506880
873285468904882177
873285483387904002
873285522273206272
873285743015342081
873285769728798720
873286085060767744
873286087027941379
873286414368223233
873286429392109568
873286494424883201
873286748264169475
873286836143230978
873286948500189184
873287134140141570
873287345499459586
873287349081395201
873287819531362305
873288230396977154
873288348445667332
873288521863356417
873288571549081600
873288597742514176
873288761773346816
873288870963630081
873288955629907968
873288977318649856
873289043437641729
873289063507394560
873289189223280640
873289801411301380
873289822923784192
873289966608162816
873290143003799552
873290272930770944
873290591249059840
873290727333257217
873290815262609408
873291209757908994
873291303160881152
873291352901132288
873291459826524162
873291512687316993
873291519121338371
873291585420750848
873291617075163136
873291693512118272
873291705344303106
873291729939705856
873291796759142401
873291889063198720
873291958755766272
873292008164556801
873292476102184961
873292901362663426
873292977140973568
873293041632780292
873293285036511232
873293828463243264
873294324699680770
873294359252389888
873294404160823297
873294515775447041
873294678183038977
873295018148188161
873295075639345152
873295099597393922
873295153867436034
873295293588131840
873295311464255488
873295664926654465
873295838281420805
873295950827188224
873295979126165505
873296873536270336
873297481404207104
873298293173956608
873298327487557633
873298513513381889
873298589556015110
873298642475659265
873298665456242688
873298674381672450
873298695516803074
873299043061043201
873299669371289601
873299686907678721
873299926804987904
873300562216931332
873301186325209088
873301704447582208
873301840879898628
873302155733729282
873302385581543424
873302891188166657
873303384291454977
873305129579151365
873305377919705089
873305582555496453
873306283927121921
873306345436569600
873307042064322560
873308023183331334
873308282898829312
873310786369794052
873310986777890816
873311020789501952
873311235852447745
873311248246616064
873311254865162241
873311295314903041
873311441956335616
873311586022195200
873311975299837953
873312508567801856
873312650138189824
873312682136481793
873312761073328128
873313690929565697
873313768310284289
873314603895312384
873314785961680897
873315247100219392
873315317287702528
873315394592878592
873315958907166721
873316350181203970
873316459858079744
873317134302097408
873317813565276164
873320038757003264
873320349852729345
873320754858872832
873321621150420992
873322476872269824
873322725099667456
873322825960083456
873322899712741377
873323463431376897
873324232910024704
873324523457785856
873325397022298112
873325605974155268
873325770126622720
873326088281350144
873326671906177025
873326729837858816
873327832650444801
873327852460093440
873328460336377856
873328845209915393
