849879500263489536
849879725698949121
849880277564444672
849880433487642625
849880645027409920
849880715781185536
849880932857335809
849881111299837956
849881206095302657
849881834221707264
849881902915956736
849882705286320128
849882905790828545
849883670592802817
849883900117700608
849884139255934976
849884287923085312
849884570552020992
849884822285766656
849885396284694528
849885776267669504
849885817745100800
849886015594672129
849886026873151488
849886615266832385
849887274116542464
849887356580769794
849889358656282624
849890414723248129
849890546801946624
849890830336880640
849891214564483072
849891215759872002
849891515035942913
849891840232960000
849892212334882817
849892417021120512
849892474952798210
849893267676291072
849894297210150912
849894380995575809
