835217823911800836
835217911136550912
835217952332972033
835217962420342784
835218052828573698
835218182520651776
835218993761959941
835219224515784709
835219401230123010
835219551704985601
835219759591489539
835219837383237632
835220036876906498
835220243559645184
835220355589505025
835220490226630656
835220632342261760
835220857517637633
835220886810677248
835221070760316929
835221890541191169
835221971977781249
835222190870130692
835222398374903808
835222398614061056
835222464577822722
835222605686767616
835222715942457344
835223045870653440
835223436024811520
835223450843299842
835223476634017792
835223885402472449
835223929715326977
835224059382235138
835224345655926786
835224478523277312
835224710308823040
835224895755849728
835225648071389186
835225709798961155
835225741704982529
835225764127735808
835225899830239232
835226030499643392
835226375145533440
835226526501199874
835226564224778241
835227153893572608
835227375365316609
835227401143603200
835227405467926529
835227824382439426
835228088577495040
835228263840567296
835228351010844672
835228361588891648
835228466538774532
835228541004439553
835228668460924929
835228676153311233
835229048297123847
835229174105161728
835229969395683329
835229999028441088
835230203957891073
835230258727170049
835230311692779520
835230399961923584
835230661439078402
835230905501372421
835231036690874369
835231033213792256
835231307479252992
835231568528564226
835231659498819584
835231912633462785
835232793592463360
