845183742859603969
845183750820409344
845183836103229444
845183868793581569
845184004026347520
845184934541062144
845185427732553728
845185855706677248
845186218786619392
845186277565620224
845186456922406913
845186648266596352
845187264032391173
845187434111381505
845187522489544705
845187656115924993
845187688948912129
845187829038641152
845187854590357506
845187967131906048
845188029790642176
845188074191503360
845188671640813569
845188791149068288
845188842944585728
845188897994792960
845189265449369601
845189374811660291
845189668647796737
845189687404748800
845189693431959552
845190234904014853
845190312347688960
845190626253557760
845190699276353538
845191544067928065
845192106620575748
845192208332435457
845192287399260161
845192482950303744
845192653922709506
845193049927966720
845193401456705536
845193662149541888
845193704201601024
845193942089969664
845194088152379392
845194165310799872
845194179055529984
845194258952810498
845194348681605120
845194417656889345
845194488402259968
845194712705200128
845194847032004608
845195003823476736
845195466128048128
845195658285875200
845195669673422848
845195706616860672
845195890398670848
845195951044120577
845196210101141504
845196336597151746
845196663295623168
845196779310100482
845196957681270784
845196967835713536
845197052619309057
845197086123483136
845197308312510465
845197345415344130
845197452533653506
845197452957302784
845197592237490176
845197706104492032
845197947667038208
