845637583023603713
845637672156704768
845637928302862336
845638447557677056
845638699236904960
845638722557280257
845638787543842820
845639065001177088
845639485622771712
845639672256696321
845639972833153024
845639974447976448
845640355349495809
845640877645221888
845641051847245824
845641145216585728
845641274992611329
845642270246404101
845642889149534208
845642916601237507
845643055826980864
845643672024764422
845643846692298752
845644171297767425
845644570255917057
845644660945018880
845644795066363904
845644946887622656
845645420017733632
845645714436870145
845645781830979584
845646068805177344
845646432052924416
845646457634017280
845646535002075138
845646920945160198
845647069503262721
845647939313827841
845648405649133568
845648417892323332
845648467934564353
845648469608009729
845648494488666112
845648560288927745
845648607260889088
845648646733512704
845648867391672320
845650344961040385
845650514738139136
845650824864960512
845651172170088450
845651275572219904
845651371206545408
