857066709613785089
857067020059389953
857067135440474112
857067680129536002
857067732466106368
857067796840280064
857068530331725824
857069502739226624
857070136317968385
857070249421754368
857070346897420288
857070760925569024
857070943662993409
857071738198253568
857072163274326018
857072740213415936
857074509710544896
857074762228649985
857075244091224064
857075324231843840
857075601026560000
857075710464315392
857075788553879553
857075869025579008
857076121787092992
857076265869815808
857076773036507136
857076837494738944
857077390790602752
857077409232891904
857078253915426818
857078533234974720
857078851721101313
857078923368296448
857079005358546944
857079156080857088
857079287748284418
857079370879561730
857079438076514309
857079595610365952
857079657904164865
857079725151449088
857080304913137664
857080384982585344
857080665858347009
857081116817227778
857081330714202118
857081360988733440
857081476793458690
