933847648343330816
933848141102833664
933848169955364866
933848468652810241
933848852175687683
933848947306754048
933849451650678784
933849955135119360
933850162203676672
933850375702171648
933850774962081794
933851254975057920
933851348436701189
933852156901429248
933852189864480768
933852688252592128
933853379868217344
933853501637132289
933853716142272519
933855069857968128
933856448144080896
933856465168818176
933856528049803264
933856915448369159
933856971396145155
933857360724013056
933858174268035074
933859200056295424
933860142327644161
933862080565915648
933862736445956104
933863524824244225
933864447130636289
933866151435575297
933866160491319296
933866380939669504
933867104041951233
933867682415497216
933867900578029568
933869052300333057
933869275785433088
933869538717962241
933869547576287237
933869844503650304
933869892666839040
933869952221827072
933871005193338880
933872171176333312
933872522289926144
933872528463974400
933872783360188419
933873026772463616
933875861920530434
933877831771209728
933878725883465728
933878869131780098
933883607495692288
933884395727081474
933885725514371072
933887205331947520
933887387381501952
933887813589880832
933887916119556097
933888059493535744
933888469436452865
933889931289743365
933890315781632000
933891867497738240
933892939113226240
933893220945334272
933894223157452800
933894264702070785
933896475184173056
933896483618791425
933903026775121920
933903563465650176
933904127037493248
933905285537611776
933905509694038022
933907058373435392
933908031590621184
933908069167353856
933908314433445888
933909190841655297
933909569096491008
933910456334471168
933913064868663296
933913639983173633
933913725295366144
933914073330196481
933914459453775876
933914520946380800
933914777969217536
933914865416187909
933915588317057024
933915608772759552
933915834426314752
933916001133121537
933916224718823430
933916427693719552
933916753058508800
933917054092144640
933917198858506241
933918097043472384
933918379227807744
933918731473948672
933919478269714433
933920614485815301
933921478759931904
933921627338887173
933921814610432000
933921961536905216
933922036581322757
933922049319424001
933922410151243776
933922958778671104
933923138844454912
933923202773999619
933923562104037376
933924150300651520
933924245696114688
933924356992000000
933924458016002048
933925002826665985
933925646828560384
933926151130673152
933926431519801344
933926609727447040
933926668128878593
933926685136711680
933926730070360064
933926824731725824
933926854200889344
933927047013027840
933927102218424320
933927121440952320
933927415155486720
933927512022962176
933927602431119360
933927701278347265
933927863769878528
933928028740243457
933928116770279424
933928224874287104
933928384064827392
933928431296933888
933928431259090944
933928503908675585
933928537626697728
933928656250068993
933928657609003008
933928725892169728
933929088401764352
933929393080143872
933929437464231936
933929553529131010
933929698291273728
933929843389091840
933929880680615937
933929905707941893
933930151993397248
933930160625192960
933930224911306759
933930419761725440
933930683092922368
933930690806247424
933930824029884416
933930862378471424
933930902077558784
933930955944886272
933931071187628032
933931083531403264
933931165723119616
933931214859329536
933931408615239681
933931412041994241
933931600403947521
933931603935617024
933931653197639680
933931719396380673
933931740485341184
933931755530276864
933931770835324929
933931789793587200
933931797687209985
933931845820936192
933931847247069184
933931874069766144
933931884605829120
933932436739842048
933932468520062976
933932651186130944
933932852537954304
933932959752687616
933933119018819584
933933161305858048
933933196932145152
933933199192883200
933933449827590144
933933649388621824
933933680908820481
933933848882286592
933933943539331072
933933986245677056
933934204953485313
933934210385051648
933934259949228032
933934272855134209
933934306782797824
933934461586198528
933934464849399808
933934511821377536
933934778214223872
933934988206145536
933934988944220160
933935185250439168
933935290741415937
933935314544021505
933935364938625024
933935420391477248
933935475332714496
933935572250488832
933935680920616960
933935700898017280
933935747807182848
933935768753639424
933935796494716928
933935868892639232
933935999515848704
933936358086860800
933936359097688064
933936535958847489
933936681002176512
933936736480251904
933936888720785408
933936920110993408
933936974850809856
933937062578917376
933937072209047553
933937125204033536
933937511281381376
933937658245582848
933937696841568257
933937787308576768
933937799312658432
933937807906795520
933937993722802176
933938059128770560
933938235960684544
933938246802911232
933938258035265536
933938232437350401
933938292457902080
933938296199237633
933938381825994754
933938482778697728
933938596817592321
933938702040133633
933938858915516416
933938862115770368
933938950221303808
933938957498441738
933938985570840576
933939001039372289
933939089845473286
933939108656943105
933939144887275521
933939185144270849
933939244191682562
933939266018615296
933939273459519490
933939291490791424
933939336915058688
933939406301515776
933939455483957248
933939467227992065
933939496407699456
933939500283256832
933939609947557889
933939680797749248
933939707418988551
933939734661029890
933939918220480512
933940012919525376
933940075917926401
933940105764589568
933940174131810304
933940174257614848
933940315970592769
933940509478973440
933940664219422720
933940751754461184
933940753897852928
933940854250770432
933940922089394177
933940993723904000
933941137685073920
933941152444805120
933941278479388673
933941301841670144
933941386881191936
933941397979361280
933941428866158593
933941632831016960
933942005264146432
933942064466755584
933942160700866560
933942173443280896
933942208109170689
933942238383628288
933942378733490176
933942391945474048
933942512367972354
933942637152886785
933942675660787712
933942887146016768
933942933899894784
933943012195028992
933943132022026241
933943131195760640
933943196425572352
933943236007211009
933943287013978112
933943300976812032
933943493126373376
933943601666711553
933943692955668480
933943759234109440
933943801101643776
933943942856392704
933944157256716289
933944233408548864
933944269919870976
933944277138399232
933944324773109767
933944386727137280
933944521888497664
933944553685639169
933944628226781185
933944634010509312
933944816265826305
933944844677976069
933944959446773761
933944976580513792
933944983509282817
933945160358154240
933945216654020608
933945317334151168
933945420329443328
933945615964430336
933945683375161344
933945780179681280
933945791651237898
933945796109717505
933945781458952192
933945816506564608
933945824559751168
933945895737069568
933946286008659968
933946482016731137
933946515344605185
933946582952706049
933946606730215424
933946701051826176
933946737517056000
933946829703610368
933946931562283008
933946987468263427
933947008636866560
933947215646781441
933947360979365888
933947502495137792
933947518395797504
933947531620429825
933947762927980544
933947814043938816
933947813406244864
933947824311451648
933948032168669184
933948053672943616
933948132114780161
933948159411281920
933948280031105025
933948283545890816
933948288327389185
933948318660558848
933948384922296325
933948390249062401
933948484419506177
933948553147437056
933948644746846208
933948931645542402
933948969440501760
933949261808652288
933949283593867264
933949651757256706
933949655091744769
933949729901285376
933949738898124800
933949775036276741
933949815997771776
933949951436050432
933950046898458625
933950141270315008
933950184291266560
933950308417462272
933950503809110016
933950509467209729
933950619823599617
933950725356507136
933950779098058752
933950819552120838
933950822068686848
933950872949870593
933951038360518656
933951041216925698
933951175388553216
933951283597365248
933951510337277952
933951655208476672
933951690025422849
933951696287518720
933951752336035840
933951835920093184
933951837337800704
933951844090396672
933951889846259713
933951938756009988
933952025448022016
933952054585909248
933952082557702144
933952086898855936
933952137494761472
933952394945318914
933952421243613185
933952492651663360
933952499861676032
933952598851407872
933952610041782282
933952634201038848
933952718334504960
933952995699523584
933953080240025600
933953358444056576
933953478665428992
933953531882758144
933953539285700609
933953552988372992
933953735453233153
933953794920144896
933953895096897536
933954015955771392
933954082234134528
933954149158354944
933954304804900864
933954332978024454
933954368952524800
933954377664159744
933954377693499392
933954439735578624
933954513555415045
933954519704244224
933954541892112384
933954552314785797
933954613916655616
933954678513131520
933954753847054336
933954849988857856
933954850794213376
933954872457814016
933955126641020929
933955235869061121
933955286678822912
933955282883006464
933955318106808320
933955333336289281
933955436839043073
933955584881315840
933955639394619393
933955791190659073
933955807590453248
933956059424854017
933956132334338048
933956197488775168
933956266321432576
933956347149811712
933956384579764225
933956394260226049
933956491740176384
933956541400670208
933956566889500672
933956600024444931
933956610048839680
933956610317316097
933956634870677504
933956772448100352
933956795936247808
933956804207349760
933956918179188736
933956971157508096
933957076572876800
933957111742124034
933957113616977920
933957136559824896
933957158215077888
933957187445100544
933957250154156032
933957257011847168
933957322132647937
933957348145750016
933957452692951040
933957479062556672
933957479838470146
933957572155109378
933957575690870784
933957872458838016
933957935444656128
933957946958020608
933957954272886784
933957997348433920
933958029237682176
933958118534500354
933958161257717760
933958213736820736
933958245319954433
933958294326206464
933958310583328768
933958332674641920
933958362936385536
933958362403885056
933958364652015616
933958373145530368
933958375091601409
933958391902474240
933958449787961344
933958556944158720
933958570089107458
933958677740089344
933958717502091264
933959034092359680
933959074693165056
933959085673852928
933959221007265792
933959280922910720
933959345263476737
933959390130040832
933959391782379521
933959494220111872
933959557596008449
933959561324695552
933959599698382848
933959703150956544
933959769437728768
933959803529056256
933959896806064131
933959997293199360
933959999436591105
933960118416429056
933960147055136769
933960174859177985
933960274209583104
933960339884052480
933960350323658752
933960353909702656
933960390752587777
933960409156960256
933960465939615745
933960479504035841
933960523430944768
933960563750850560
933960909919223809
933960919754952704
933960939312992256
933960987484606464
933961074654810112
933961081160110082
933961178472173568
933961199431114752
933961301348487168
933961517699133440
933961536728698881
933961560183263232
933961680710717440
933961719680036864
933961751242117120
933961775359447041
933961835316903936
933961874072367105
933961904971812868
933961919786078208
933962119556591616
933962323450060800
933962409202606080
933962415997374464
933962490354061312
933962531437252610
933962711599407105
933962915245428736
933962956605480961
933962991850147841
933963021306691585
933963085517393925
933963110213472256
933963203306016768
933963276605640704
933963283048091648
933963292678254592
933963395765866496
933963396768247808
933963402753597441
933963405953765376
933963467995930624
933963480373309440
933963500791230464
933963514590490625
933963635671666689
933963958599475200
933963977431842816
933964040963084288
933964061020221440
933964188459954177
933964229794725888
933964265035370496
933964313030725633
933964327002034176
933964483206242304
933964542287151104
933964553041403904
933964558129090560
933964590391746560
933964675418439680
933964693785530368
933964940054073344
933964979497291776
933965085571256325
933965328538832896
933965372948205568
933965491932225536
933965712514830336
933966052488343552
933966068049162240
933966093617569792
933966174194405376
933966211712417792
933966234504384512
933966254372728832
933966494668607488
933966503174656000
933966649748787200
933966692279037952
933966694321610757
933966707382800384
933966769626247168
933966801788112896
933966892624175104
933967086933733377
933967170731757568
933967206718812160
933967394636222465
933967570599858176
933967999622672384
933968026025807873
933968059127205888
933968104324972544
933968144586166272
933968216791175169
933968394583445504
933968457921593344
933968458198454273
933968480835129344
933968682304397312
933968759060160513
933968816970850304
933968937502625792
933968961359593472
933968976660529153
933968989008596992
933968999704092672
933969053500280832
933969090556948480
933969175046959105
933969215610085379
933969305733038080
933969330156556289
933969342722723841
933969360355545088
933969461480185857
933969494539726848
933969576995454976
933969591004553216
933969623871115264
933969692577943552
933969695606214656
933969697455968256
933969725264187394
933969766016081921
933969782256357376
933969848572530690
933970000108498944
933970029980323841
933970121898516480
933970149832560640
933970213845864449
933970230472249344
933970264605458433
933970282808860672
933970390082310144
933970393823629312
933970510379192320
933970622476058624
933970714335510528
933970738377383936
933970805117079553
933970827145605123
933970829305630720
933970855692001280
933970879259795456
933970887195414528
933970959224262657
933971020410736640
933971065843408899
933971101419556864
933971177307025409
933971215429132288
933971341446995969
933971380286246912
933971429690957824
933971442001174529
933971536112955392
933971547437625344
933971667323408384
933971733136199681
933971771463733248
933971802266664961
933971840376147969
933971849838546945
933971853844078592
933971857006645248
933971874954039297
933971925700956160
933971933963735040
933972119607705600
933972212360597504
933972254257569792
933972263812194304
933972359538716672
933972408847011840
933972557040058368
933972586257674240
933972720680951808
933972715022798848
933972752553390082
933972815958683649
933972933994778624
933972938319122432
933972962813849600
933972998444470272
933973164333391872
933973171950227456
933973212303642624
933973238891155456
933973247405670400
933973257480310785
933973290468683776
933973303739502592
933973364879888384
933973423705022464
933973628525441025
933973697442000896
933973827595403264
933973864169787392
933973955790168064
933974087747211264
933974152691798016
933974172010729472
933974184060964864
933974217669861376
933974460381753344
933974720780701699
933974787801665537
933974822069129216
933974826842247168
933974860283502592
933974868676304897
933974871981338625
933974906496344065
933975005964140546
933975111169970176
933975157328306176
933975279927812096
933975303684227072
933975408915177472
933975439416184833
933975474262433792
933975563588468736
933975580709617666
933975643762712576
933975830543392768
933975899451613184
933975986806362112
933975988530221057
933976012370726912
933976016711815168
933976285767962624
933976297155518470
933976333574602752
933976338930728960
933976343351627776
933976351119478784
933976503754412032
933976608024784896
933976678405165056
933976963416457216
933977005984485376
933977058614661121
933977066218950656
933977190676533248
933977238319616000
933977243742859265
933977289938948096
933977344586452992
933977516036980741
933977597226168321
933977600875212800
933977662418313217
933977667723857920
933977723164352513
933977777207775232
933977784363257856
933977813362896897
933977879771320320
933977981940387846
933978257770283008
933978304050356226
933978497504108544
933978508405157888
933978683295092736
933978685488730112
933978818607534081
933979087579758592
933979135088779265
933979227300552704
933979280379449344
933979347425341440
933979352739573760
933979354501189632
933979473871036416
933979604611629057
933979667517919233
933979690972348418
933979739391496192
933979757187825664
933979791925153792
933979797226704896
933979920539308037
933979974943629312
933980015108280320
933980082753933314
933980095286513665
933980125191901184
933980144942895104
933980251100733440
933980293689692160
933980309573513216
933980316699684864
933980395099566081
933980431627714560
933980578197712896
933980632551706624
933980732917272577
933980734611775493
933980952799383552
933980967622070272
933981048937107456
933981076204158976
933981126376546304
933981148920893443
933981246916526080
933981261944774656
933981270907944966
933981297705476096
933981312309977088
933981325249404928
933981358644453376
933981382593990656
933981482720399360
933981535589535744
933981567269195776
933981671849955330
933981693173747712
933981699725242368
933981748588957696
933981807808208896
933981842394382336
933981848870506501
933981859268190209
933981923298377732
933981934635581440
933981947717738496
933981962305490944
933982145546252288
933982175858438144
933982197194874880
933982278778224641
933982280799997958
933982287250812928
933982345727762432
933982557099692032
933982792509263872
933982977532588033
933983085774954496
933983333473808385
933983390042386432
933983413014548481
933983513208115200
933983540676628481
933983547878232064
933983627599327232
933983637665656832
933983748722487297
933983785829519365
933983786420916225
933983787947577344
933983821090951169
933984017887776768
933984092873527297
933984178273701888
933984193759019008
933984215980535808
933984256942067714
933984334490624000
933984454405771265
933984543807344640
933984636300079105
933984697880928258
933984702729465856
933984930455015424
933984965326524417
933985150244937728
933985285284777985
933985330134470656
933985352624287744
933985360878718976
933985403467632640
933985441614827521
933985538050314240
933985564050804736
933985568639373312
933985612255891456
933985640265474049
933985717138739201
933985799544147968
933985814538792960
933985847019532288
933986001646772224
933986073167855617
933986078951919616
933986088896647168
933986147537211392
933986237236510720
933986273743826944
933986313476497408
933986316349526017
933986357625704448
933986388659318784
933986393671569409
933986398285287424
933986590883500032
933986678040956928
933986739672186881
933986840310419457
933986848287928321
933986908279070720
933986933130321920
933986970308694016
933987080291737600
933987147203399680
933987234491043842
933987317370507264
933987340879622144
933987399453085696
933987550628335616
933987553748946944
933987563232288768
933987629661605890
933987730958311424
933987807319564288
933987849917038594
933987899976056833
933987905332158464
933987910562566145
933987948235837441
933987975746277376
933988050534850560
933988060458610690
933988092066893824
933988148207595521
933988237588213761
933988268374405120
933988292957294592
933988561984081920
933988568137117697
933988569990840320
933988774605983744
933988838204104704
933988867971182592
933988898929229824
933988933331013632
933989053464285184
933989089505923072
933989264613957632
933989277230301184
933989364006256640
933989512799248384
933989527038976000
933989827044835330
933990071031779334
933990117890560000
933990281892032513
933990283020292096
933990323306369024
933990324577320960
933990354486837248
933990360388440064
933990454798028800
933990538268893184
933990622444314624
933990690840772610
933990696767369216
933990768376729600
933990921502326784
933990965316149248
933991084451082241
933991085726158853
933991244975558656
933991365813391360
933991369282113537
933991394997407744
933991398239555584
933991518175670273
933991739605561345
933991783087902720
933991797138821120
933991834535243776
933991856479834112
933991901270888448
933991962105040896
933992032208588800
933992067491155968
933992077406429184
933992099904712704
933992102500937728
933992161338589184
933992162387165184
933992163482001409
933992205731139584
933992210328154112
933992222458023936
933992596891951104
933992713904705536
933992756049010688
933992881555156993
933992997259268096
933993006855749632
933993171293556736
933993207523889152
933993254718263296
933993343851421696
933993349903773696
933993363480727554
933993447412858880
933993518007226369
933993574710030337
933993602434428928
933993605521399808
933993624198672384
933993721884004352
933993724354482176
933993764217114624
933993771775266818
933993777911488512
933993846035361792
933993959348625408
933993957658423297
933994034233774080
933994037492764673
933994086817783808
933994095231545346
933994292560977920
933994321342353409
933994338006298624
933994401512255488
933994409317863425
933994544756068352
933994595389726720
933994644945457152
933994751279489024
933994843960958976
933994858297151488
933994860109094912
933994891075493888
933994902198743041
933994918674124800
933994990308601856
933995290566242310
933995322564587520
933995486247374848
933995534817415168
933995592505638913
933995735711993861
933995753961377792
933995795568840704
933995874316939264
933995884232232960
933995905262538752
933996052415475712
933996111328628737
933996120564469760
933996124800724993
933996139031904256
933996144526614528
933996190273859584
933996193356697600
933996253398126592
933996277121060864
933996328492982272
933996368552701953
933996501101109249
933996527743315968
933996545011343360
933996645058048001
933996694810841088
933996715283185664
933996730995105793
933996739475968000
933996799903305728
933996869595860992
933996907638206464
933997174827945984
933997285784064000
933997286161514496
933997322530324482
933997325311242240
933997369904988161
933997369879756800
933997387869237248
933997421423677440
933997433947860992
933997498322038784
933997568387895297
933997671982837760
933997735333826562
933997788962189312
933997872856666112
933997873552904192
933997891080916994
933997893819748352
933997972374872065
933997972332994561
933998117757825024
933998144391696385
933998158631309312
933998162951442432
933998416824291329
933998461699153920
933998491210338304
933998502253907968
933998533094584320
933998577545895938
933998604058013696
933998636329029632
933998634621845504
933998669505982465
933998671305281536
933998709691551745
933998720152166400
933998751513014273
933998764225900544
933998955079307264
933998967406452736
933998988675698688
933999037065375744
933999084255490048
933999161715781632
933999168808476672
933999173577326592
933999198919372801
933999225637167104
933999247216791552
933999269148856320
933999373142429696
933999394751467520
933999411151163392
933999472044052480
933999508387713024
933999582496919552
933999587735621632
933999644111015936
933999672548626432
933999714294484992
933999713375936513
933999738697011200
933999759521665024
933999813175234560
933999840056487936
933999887074590720
933999967441702912
934000008730480640
934000018238984193
934000028158480384
934000057560584192
934000062295920640
934000078032957440
934000078200758272
934000104402538496
934000290608635904
934000340604801024
934000351958708225
934000471219560448
934000522675281920
934000565784399872
934000597006802944
934000642502352896
934000652048650240
934000856000757761
934000863995195392
934000882462724096
934000883574104065
934001029938647046
934001050054463489
934001082069549056
934001110188199936
934001151233744896
934001151749574656
934001152877826049
934001292149637125
934001450178547712
934001496433324032
934001549151539202
934001566100676608
934001643997278209
934001654231388161
934001715229151232
934001751144857600
934001788528791553
934001801363378176
934001936000528384
934001986609049600
934002055974477824
934002251487698944
934002288376647682
934002318479122432
934002345188515840
934002352700510209
934002413010374656
934002414918799360
934002415413555200
934002488050675712
934002489904549888
934002543918710784
934002608108457984
934002632972296192
934002690555875333
934002704984301570
934002848815296512
934002878901030913
934002965949632512
934003021863940096
934003083176267776
934003115698872320
934003191875887105
934003249555951616
934003263543955456
934003348252057600
934003446931365888
934003452333772800
934003516359827457
934003530632974337
934003548903366656
934003607405580288
934003642285416448
934003700888145922
934003720970473472
934003777891454977
934003790302334976
934003962470129665
934004197594316805
934004199028940800
934004213767725057
934004319589978122
934004384287125506
934004464922628096
934004548439609344
934004670661570561
934004699447087105
934004755172642816
934004849334775808
934004931266252800
934004937649999872
934004962912362496
934004989118251008
934005020726583296
934005035930914816
934005080549928967
934005139798622208
934005172719751168
934005342727495680
934005368627359744
934005378211336192
934005456334479361
934005652795678720
934005692679249920
934005952260558849
934005977724092416
934006154140815360
934006179277111296
934006183211528192
934006193265303553
934006196125753344
934006253818347520
934006288287137793
934006363138789377
934006567367782400
934006593838108674
934006623814737922
934006922042396673
934007147171647488
934007183515226112
934007232391499776
934007251819552769
934007444732301313
934007446623916032
934007639306063877
934007849386151936
934007918462107648
934007969238335488
934007969884311552
934008215112765440
934008240647692288
934008267910545409
934008317378269184
934008396625432576
934008466422804481
934008497800450048
934008538598379520
934008552506757120
934008642071875584
934008668378554368
934008676343517184
934008714268479488
934008728835239937
934008734665314304
934008771726192641
934008855998222336
934008859332694019
934008965201047552
934009065776312320
934009076429750272
934009132050501632
934009335113449472
934009376695873536
934009395528290305
934009397470253067
934009421914693633
934009430894632960
934009496015376384
934009498162880512
934009523978821632
934009562851692544
934009572481748992
934009626386944000
934009717776637952
934009720670687233
934009732402163712
934009807073406976
934009960954023936
934009967471988736
934010082899218432
934010114700398593
934010243041898501
934010295760146433
934010332242219008
934010338957291520
934010412902871040
934010425422868480
934010473321598976
934010517416480769
934010538346020864
934010593622753281
934010596697108481
934010600660881408
934010636237004800
934010708047654912
934010785159925760
934010793477267457
934010794928467968
934010835978129408
934010964453875712
934011001414012928
934011027334815744
934011097891442688
934011144917876736
934011195727720448
934011220004237312
934011361272717312
934011439744012288
934011616814927872
934011653263327234
934011708103909376
934011742685769729
934011765129695233
934011898311380993
934012020227178496
934012124136865792
934012137088970753
934012218085011457
934012339061428224
934012351153655808
934012430266576901
934012434737717249
934012482661896192
934012509576609792
934012622093025281
934012655777517568
934012767572582400
934012769669713920
934012770143612929
934012836266889216
934012842323468289
934012859121618944
934012947948503040
934012957616492544
934013190681358336
934013191947988992
934013270415077376
934013303373946880
934013306200838144
934013360265465856
934013367970402304
934013370780483584
934013439143530496
934013441479794690
934013553551519744
934013636552593409
934013636301000704
934013733273260033
934013735060082688
934013737098285059
934013783965609984
934013794707177472
934013815737503744
934013847907766272
934013959325339648
934014177294934016
934014225449738240
934014342051360770
934014521693343744
934014548419497984
934014634415226880
934014666241728512
934014775763374080
934014837755179008
934014913323905024
934014957955534848
934014998220886017
934015158350942208
934015166001438721
934015246016155648
934015257554468864
934015323656867840
934015378988191744
934015392997085186
934015519547461633
934015599671472129
934015616670986241
934015671570182144
934015678922805248
934015782023057408
934015829536108544
934015846380425216
934015930262261765
934015938806079494
934015986730139648
934016098655141888
934016169144717312
934016172265295872
934016184399233024
934016202648715264
934016205618339840
934016253135609856
934016273893163010
934016316830298112
934016384656396289
934016412225626112
934016449634500608
934016496048721920
934016524695818240
934016520677502976
934016575954391040
934016599664857088
934016678748393477
934016714894962688
934016724873154561
934016844419215361
934017069573705729
934017240147644416
934017290403762176
934017323442241536
934017351774822400
934017502517932032
934017546185052160
934017934204260352
934017971240005632
934018094053445632
934018140861853696
934018140849176578
934018257165615104
934018274685259776
934018297984700416
934018318838779905
934018328439525376
934018469971951616
934018524871262208
934018598552694785
934018692588949504
934018706480549888
934018733722492929
934018760721207296
934018776479051776
934018851897008128
934018941835534337
934018954212847616
934018973569601537
934018977638076416
934019144869187585
934019163571539970
934019199906836480
934019293376901120
934019340051066880
934019360020156416
934019527297335297
934019678527197184
934019699217719296
934019810727530496
934019998581972992
934020027833114624
934020029607227392
934020163006955520
934020204606164992
934020258532397057
934020364312526848
934020379068084224
934020393224081410
934020467140317184
934020513441206272
934020565870043136
934020578859737088
934020587793641472
934020663282675712
934020694144438273
934020696262561793
934020708484689920
934020773387362304
934020799282868224
934020806438404096
934020886755250177
934020902974607361
934020981869379585
934020985686290432
934021066099511297
934021220919586816
934021261889540096
934021290339590144
934021316042248192
934021411370340353
934021434044805120
934021479506825216
934021629423865857
934021710524776448
934021713460891648
934021831077502976
934021936727969794
934021974803836928
934022064423489537
934022070421291008
934022116151873536
934022270682574848
934022277171236866
934022429990584320
934022589126725632
934022636178477056
934022739962286081
934022777144737792
934022839828729862
934023012462022656
934023026173243392
934023048793030656
934023111586013184
934023113666367488
934023119106465793
934023132368850944
934023136391122944
934023282076110848
934023305559932928
934023307481026560
934023426439811083
934023453535031297
934023479430668293
934023509025705984
934023803465818113
934023809706987520
934024050812375040
934024153396588544
934024204336467968
934024242332610561
934024285005467648
934024621736816640
934024677114163200
934024823172366336
934024834044121088
934024927115726849
934025011819634693
934025039019614208
934025095340752896
934025125036527616
934025177175818241
934025203440652289
934025223023841280
934025316611305472
934025332281217024
934025613245022209
934025647143432198
934025648439549952
934025742635106304
934025743071399936
934025807877390336
934025990896017408
934026187285950464
934026248833130496
934026319372931077
934026322216660992
934026397852594176
934026441100005376
934026448217796608
934026665583349760
934026704154116096
934026741944930304
934026915945512963
934027005078769665
934027074376830976
934027093075148800
934027131608289280
934027227636871169
934027235723444226
934027241549385728
934027370964676608
934027412890902529
934027488602263554
934027569430536194
934027571116822528
934027582240108544
934027643082682368
934027782455287808
934027802659229696
934027810116702209
934027876625801216
934027956372082688
934028121384341504
934028225029857282
934028257552490496
934028275877384193
934028312074182658
934028323553980416
934028495562399744
934028560922238976
934028689704214531
934028705210433537
934028763368652800
934028828367900672
934028836966191105
934028839579086848
934028970235965441
934029038712250370
934029117950795776
934029129426464769
934029161454292993
934029176495116289
934029227275497472
934029423308926976
934029425787785216
934029445777764352
934029468745830401
934029473380491265
934029475280547840
934029497623445504
934029554708082688
934029565382549504
934029591932530690
934029630092337153
934029644734586886
934029652611518464
934029673536901120
934029706655084544
934029752234635264
934029758190497792
934029841883717632
934029940814761984
934029969189146624
934029984095666176
934030087187558401
934030119034867717
934030160571043840
934030165671333888
934030173204287488
934030239222697984
934030358953299968
934030413214994432
934030475445854208
934030666576138242
934030799443234816
934030809618616320
934030894796599297
934030979479621632
934030986051977216
934030999532470274
934031003890446337
934031058978426880
934031083586416640
934031204856328192
934031264662814723
934031270903975936
934031272007098368
934031281888878593
934031348330913792
934031373219876864
934031538622205952
934031669581025281
934031681446662145
934031789437472768
934031803668672518
934031809733636096
934031901161148418
934032021948715009
934032052168658944
934032142320971777
934032148880904192
934032307958280194
934032394134450177
934032409288413184
934032422999556096
934032461134213120
934032539949387776
934032553614471169
934032573440946176
934032587680632838
934032608022888450
934032611441364992
934032716831567872
934032803444002816
934032824063098880
934032922654511104
934032925087162373
934032955500060672
934033024034988033
934033029084930053
934033199151370243
934033218755616768
934033219825164288
934033219162443776
934033239089602560
934033314645708800
934033390663356416
934033524360966144
934033569982361601
934033640207540224
934033653444648960
934033672919019520
934033719047999490
934033820357099521
934033851785142272
934033874568597504
934033993917456384
934034007565701121
934034072715882496
934034106937233408
934034227779309568
934034242073378816
934034252534034432
934034364186464256
934034406561415168
934034554729484288
934034563491401728
934034577357713408
934034584609501185
934034642683998209
934034746434314242
934034794119421955
934035002018418688
934035059937595393
934035132469727233
934035208009023488
934035231849566208
934035233783144448
934035439060766721
934035477526712320
934035525140348928
934035565451862017
934035688357494784
934035787850633216
934035831492435968
934035832352190464
934035872521097216
934036121427865600
934036125815005184
934036189040054275
934036211794145280
934036261362438144
934036379272728576
934036398952402944
934036409308078080
934036430497681409
934036448776474624
934036453788549120
934036459409018880
934036529277800450
934036542808567809
934036677751988225
934036678976724992
934036796287193089
934036848451706880
934036902918983682
934036912205189121
934036939929456640
934036948779487232
934037027976306691
934037082632261633
934037094246371328
934037139750309888
934037153419616256
934037165826281472
934037174252720129
934037239482503168
934037272395165701
934037384089522177
934037391387643905
934037485180436481
934037567430889472
934037582710788096
934037658816348160
934037695298506752
934037714042867712
934037745298747395
934037770393108481
934037787086610433
934037811782615040
934037903600242688
934037916707442689
934037918695407616
934037938081382401
934037951381516288
934037954263158789
934037958247796742
934037971778658305
934037974198702081
934038021149724672
934038090502606848
934038331771555843
934038390462283776
934038436570370048
934038526726897664
934038573510217728
934038686638989312
934038900607279111
934038902544969729
934038911353049089
934038935306719232
934038990210129920
934039034619363328
934039061093933056
934039119864483840
934039252698005504
934039260436496384
934039274156167173
934039352254058497
934039398341062656
934039510538768384
934039530696568832
934039568109768704
934039622472085504
934039626528034818
934039634446823424
934039696476393474
934039717007503361
934039728449605632
934039758308769798
934039833130958848
934039948579233792
934040018632560640
934040180738097153
934040217346101248
934040487182381056
934040494426001409
934040517653991424
934040542345916417
934040689289162753
934040690228711424
934040723518783489
934040765088567296
934040778099261440
934040846311321601
934040850799132672
934040955312885760
934040960429936641
934041004193341440
934041070916251649
934041140122324992
934041155834179589
934041205209432064
934041317142867968
934041457660395522
934041479735074817
934041606818328576
934041613306875905
934041689135702016
934041708920213504
934041940965736448
934041934535860225
934042002538336256
934042061757714433
934042093370200064
934042108503216128
934042114450755584
934042234974064640
934042234512662528
934042434211860480
934042685396148227
934042882658488321
934042997943164928
934043030209945606
934043093061521409
934043178210156544
934043305410793472
934043331260280832
934043369797488640
934043400273199104
934043431466348549
934043524730949632
934043538542747649
934043541285810177
934043560432644096
934043593202978816
934043597330092032
934043667047657472
934043723817680896
934043753035325440
934043846958346240
934043861529358338
934043868105932800
934043924200591362
934043919184261120
934043940331905024
934043941258674177
934043944639500288
934043944115085313
934043972644868096
934044031600005121
934044147329191936
934044160683839488
934044175183511553
934044285380579328
934044312438038529
934044367530135552
934044441030967296
934044442725564416
934044629514752000
934044669000015872
934044719771987968
934044738973585408
934044748876312578
934044816920465408
934045099583000576
934045190268096512
934045193241878533
934045195636805633
934045198455361536
934045221410746368
934045319486234624
934045322497622016
934045326943621120
934045368383401985
934045408279613440
934045423345561601
934045463732473856
934045647598170117
934045651419230208
934045872970780672
934046058342215680
934046179637301248
934046200046804993
934046220678348800
934046236637773825
934046246376845313
934046254643929088
934046357144211456
934046365570789378
934046437058506752
934046489948585984
934046693439438848
934046870640447488
934046982175379462
934047022499409920
934047053482688512
934047310094524416
934047447424425985
934047450402295813
934047498720763904
934047584812961792
934047633890533377
934047711774609409
934047711917215744
934047719093690368
934047969707470848
934048132018688001
934048267448606721
934048287677648896
934048324990242816
934048379721699329
934048379616755713
934048579416707072
934048665903206400
934048689059921920
934048861466832896
934048869893144576
934048880123097088
934048888054575104
934048897919569922
934048907683823617
934048961387642881
934048965900857344
934049124101394432
934049148088803330
934049249213534208
934049284059815937
934049292603547649
934049400728571906
934049407523225600
934049420840177665
934049454298140672
934049491560423425
934049497906384896
934049595755077639
934049765943398400
934049853499494400
934049893471068160
934050094525054976
934050151362113536
934050153983565824
934050185617006592
934050234916732929
934050275169628165
934050344102850561
934050366030786560
934050372699779073
934050406509969409
934050419260698624
934050426231623680
934050431495557120
934050511103209473
934050517965209600
934050581521498112
934050770835697666
934050873327702016
934051079381282817
934051206162415616
934051290300248065
934051419140902913
934051482667712512
934051484752367616
934051503089872896
934051521884573697
934051521976782849
934051600502611969
934051628092715008
934051647764000768
934051770640236544
934051786352185344
934051805339815936
934051834670534656
934051855650476032
934051905197821952
934051943126847488
934051946176106497
934052017722544129
934052018859241472
934052122278223872
934052139634216961
934052276955697152
934052319209148416
934052614110670848
934052674928078848
934052695719202817
934052703751364610
934052841047646208
934052989148463104
934053134963376129
934053238453743616
934053244011237376
934053293738942464
934053313506668544
934053320037163008
934053337472827392
934053366816280576
934053379080441856
934053409262657537
934053536995921920
934053567001964549
934053797806198784
934053822724493312
934053839380058114
934053899299901441
934053920153985025
934053958708023296
934054001578037249
934054091348676610
934054094418743296
934054161666269185
934054262081978369
934054278276280320
934054306352951298
934054324119982082
934054440855851008
934054790501249024
934054802153095168
934054850735890432
934054927583850497
934054955962503168
934054962769821696
934055099839721472
934055268001964033
934055332741033984
934055390618275840
934055415725395968
934055496612446208
934055506410459136
934055558318981120
934055587041697795
934055664435040256
934055714003279877
934055724971421698
934055808387747840
934055877514014722
934055941137367045
934055969813868544
934056053825785857
934056078781898752
934056279781335040
934056296860540928
934056314552160257
934056321036496896
934056538917847041
934056548619317250
934056594031235072
934056642710331393
934056780941922304
934056843760099328
934056975306035202
934057010739507202
934057020906442753
934057080478228481
934057099985907713
934057113080532992
934057135859695616
934057150166552576
934057184064950272
934057265371537409
934057314310639616
934057636462514177
934057665348689922
934057746370002945
934057768289312768
934057775335923712
934057778079035392
934057790343086080
934057796273885184
934057863693111296
934057886023479297
934057902192685057
934058027426156544
934058033675735040
934058208657858560
934058226940891137
934058338844905472
934058525537570816
934058683306299394
934058887493320704
934058904157347841
934058956518854656
934058969504649216
934059039352172545
934059050781827072
934059131492761600
934059149620637697
934059193245601792
934059234815283200
934059281200111616
934059315526111239
934059331615469569
934059340478087169
934059437739986945
934059505570254848
934059577485807616
934059664182054912
934059671085899776
934059721727905792
934059789004541952
934059792968110081
934059997465587713
934060033436016640
934060038519443456
934060069494382592
934060085030150147
934060255281143810
934060254526140418
934060292933341184
934060550815866880
934060565630275584
934060577567232000
934060672001781760
934060820031557632
934060830139781120
934060924989829120
934060931033812992
934061168603418624
934061308282134529
934061336090365953
934061376363991040
934061393552248833
934061402653937664
934061623278436352
934061693520564224
934061725057519616
934061741494947840
934061831236268032
934061835808108545
934061891961475073
934062015211098112
934062024425902081
934062092897964032
934062172442853377
934062319218413574
934062360909795329
934062361765433345
934062407638544385
934062422012211201
934062494850650112
934062554548199424
934062565096902656
934062646181203968
934062814054043648
934062846551445510
934062911521263616
934063106359287809
934063117671305216
934063216950497280
934063279575531520
934063316158345218
934063412568641536
934063456835293184
934063486510002178
934063591220690944
934063598971899905
934063602176221184
934063621402791936
934063639312588800
934063660904755200
934063675014512640
934063747802566656
934063750524690433
934063773001961472
934063808452222976
934063827083198465
934063987926405120
934064004263174144
934064010948902914
934064055735717888
934064056016793602
934064065965707264
934064067878191108
934064206219042822
934064277933187072
934064387987525638
934064502173249537
934064498020888577
934064569701584896
934064665734340608
934064707358593026
934064818906165248
934064820319645696
934064865613942785
934064912728494080
934064913982590976
934064944747810816
934064972551917568
934064991673769984
934065099052060672
934065178236325889
934065200428474368
934065219881586689
934065241046085632
934065264454488064
934065268850032642
934065297543368705
934065321786380288
934065353495281666
934065423984791552
934065552846442496
934065588959358977
934065643565002752
934065849819901952
934065856182669312
934065867104636929
934066068812914688
934066123364093953
934066312283938817
934066345263665153
934066431704096768
934066463287234560
934066475849134083
934066478621560832
934066580111089664
934066623547363328
934066629092225024
934066642346233856
934066651326230530
934066773799899141
934066809032138757
934066876203831296
934066978972631041
934067187853258752
934067236771377152
934067253322174465
934067306212315137
934067342694285313
934067348247662592
934067381197996032
934067392795348994
934067507870265345
934067647142158336
934067717749002240
934067774107869184
934067822581440512
934067832303837189
934067836384940033
934067845834657792
934067851689971712
934067864126058497
934068083869745153
934068120175591424
934068126706257920
934068135061176320
934068159107051520
934068306172108802
934068328603291649
934068462003130368
934068507272245248
934068535655108608
934068581804986368
934068593687449600
934068617741787138
934068625249533952
934068690437529601
934068729813405696
934068732007104513
934068846784339973
934068965973938176
934068981182459905
934068985246699520
934069042142433281
934069047297130497
934069073960407042
934069075289964545
934069102511099904
934069213047771137
934069234426109952
934069238062616576
934069258035884033
934069393453211648
934069416005861376
934069439653277696
934069459907764224
934069465582587904
934069498541428736
934069534167887873
934069538156662784
934069550043328514
934069575863414784
934069608209928192
934069829232988160
934070080626921473
934070145013698560
934070151120588801
934070197048225792
934070359804010496
934070361536323585
934070429752406017
934070505384103936
934070709868990464
934070768429883392
934070800855990273
934070890538635270
934070899925536770
934070925942771712
934070964630978561
934071183514963968
934071185477955585
934071253920514048
934071259175976960
934071336837832705
934071361781321728
934071362410500097
934071459714097157
934071715034001408
934071822219390977
934071883049390081
934071892612325377
934071918684094465
934071958790123520
934071999529476096
934072105519472641
934072120023437312
934072220376330240
934072231495389184
934072288235982848
934072314962087937
934072333580537856
934072343621767170
934072374789623808
934072457291591680
934072523209281537
934072540330450944
934072551625711616
934072576271421443
934072580331528193
934072710006702081
934072866986954754
934072889573298176
934072930740432896
934073055197978626
934073104070070273
934073201499561984
934073223314137088
934073251902427137
934073261125750785
934073270051016705
934073326024216577
934073413056061441
934073484271120386
934073518353977344
934073530706259968
934073560208936960
934073571915247617
934073630195101696
934073634095804416
934073784050601986
934073799942856704
934073884864806913
934073945174704128
934074133784268802
934074152109133825
934074155342991360
934074168169172992
934074180068405249
934074259760037888
934074299677323264
934074379817775104
934074380174483457
934074421614034944
934074617379065856
934074888087883777
934074990168813568
934075021135360001
934075053427306501
934075064022159367
934075128576700417
934075229348999168
934075315114205185
934075321401438208
934075369400958976
934075391093956613
934075399197351937
934075420747681792
934075463923851265
934075468566933504
934075521994018816
934075541522731010
934075557540659201
934075584220680194
934075682837155840
934075807185727488
934075806736896000
934075834129887232
934075835518210048
934075966573481989
934075987763060736
934076099180597249
934076129681559552
934076439229599744
934076462839336960
934076469747310593
934076485484281856
934076518359289856
934076648667910144
934076650396028935
934076666267230209
934076707153371136
934076732478513152
934076827865440256
934076856575373312
934076942512304129
934076953673449472
934076968399642626
934077176432988161
934077286332141570
934077308457177088
934077445355069440
934077588221423617
934077624770494465
934077651056300032
934077651815366656
934077863069921281
934077874243547136
934077908909527041
934077962810425344
934077979705139200
934078076165771266
934078129152380928
934078148702023683
934078169027551236
934078241345748992
934078302200979457
934078481255759873
934078510259490818
934078546431135744
934078552219312129
934078560838529024
934078646771384320
934078720809291777
934078731156586496
934078917207568384
934078950455824384
934078986501603333
934079002611814400
934079160162627585
934079255146893312
934079353100689410
934079375544344576
934079472848064512
934079478212517889
934079561658224640
934079667535056897
934079700967788545
934079757456760837
934079783910215680
934079836431187969
934079894941822981
934079906937540608
934079923429564416
934080032305238018
934080049887809537
934080072583188480
934080262274723840
934080384664522753
934080429841354754
934080434840965120
934080441233100800
934080551140646912
934080613832896512
934080734293356546
934080792329732098
934080929705938944
934081199026462721
934081749197508608
934081771087585280
934081849294512128
934081997026324482
934082042450628608
934082096817205248
934082226836463617
934082360836022272
934082584048521218
934082641699201024
934082712201318405
934082937858949120
934082938987319296
934082940883128320
934083084126957569
934083223973515264
934083273499860992
934083735401705472
934083801592094722
934083847783944192
934083858307395584
934083883141869568
934084076729978880
934084159743647744
934084193167876096
934084267306618880
934084291604119552
934084301485993984
934084328241418245
934084368926199808
934084382368944129
934084406217773059
934084459246342144
934084497011814406
934084497213149185
934084521892425728
934084616474030080
934084675257192448
934084796682260482
934084831692062720
934084850646241281
934085115302547458
934085124727230464
934085130120867840
934085134193750017
934085143723151360
934085149154840578
934085166376587265
934085180997996544
934085224790675456
934085321456832512
934085334349922305
934085349147541504
934085630002388993
934085684587098112
934085720204910593
934085724265213952
934085846784978945
934085854296977409
934085932210376704
934085990087524353
934086001911369729
934086068252667904
934086122073935872
934086166579736577
934086289682567170
934086400676450304
934086429445099520
934086633049214979
934086666251395073
934086689005490176
934086714301304832
934086717618913281
934086743564963841
934086763026501632
934086968975286278
934087115561996289
934087146335559680
934087220381802496
934087245019205633
934087261335015425
934087309791817729
934087369921310725
934087388594352128
934087483125587969
934087742404915200
934087903780704256
934087995975786496
934088157955489794
934088224770875392
934088236288405504
934088244370829313
934088254793699329
934088306245152769
934088364709548032
934088446829883392
934088467188994049
934088541063335936
934088589012594694
934088906961760257
934088912385069057
934088926117195778
934088936573554694
934088950414757890
934088960908906497
934089227318460416
934089232464965633
934089234331455489
934089240396300289
934089240421552128
934089271702642693
934089323250581505
934089366674329601
934089535474012161
934089593040916480
934089705687277569
934089753225519104
934089777909063681
934089809106268160
934089979562618881
934089981538189322
934090007987359745
934090016782925824
934090066175152130
934090120894050305
934090127676145664
934090190959677440
934090260878970881
934090349156470785
934090375739912194
934090393574047744
934090520758046727
934090607823384576
934090632322342913
934090813080002560
934090988284530689
934091001689530369
934091094996013063
934091150243311616
934091169872646144
934091244141273090
934091305025761281
934091389121507329
934091454573662208
934091553575981057
934091553727016960
934091601642754048
934091605354668032
934091668265033728
934091670475493376
934091738045648897
934091742269276160
934091748388642816
934091777639899137
934091800331079681
934091848984997888
934091867385409536
934091872980619264
934091877816684544
934091922121089024
934091925015138304
934092008473419776
934092019227680769
934092046788382720
934092160953208832
934092162140123137
934092208189378560
934092228166897664
934092290255187969
934092364620197890
934092415417372677
934092483335806976
934092517062201344
934092549781970944
934092591137738754
934092648188727296
934092745580466178
934092767357173760
934092772457324544
934092780770652160
934092822831124480
934092851134320640
934092972899041280
934093010727505921
934093138926473216
934093143615655936
934093206668668928
934093216688852993
934093303536128000
934093337409318912
934093337379901441
934093407940734977
934093476442071040
934093494330806275
934093515101036544
934093554061803520
934093605567893506
934093664233586688
934093679962320896
934093696823447554
934093697955844096
934093750053294086
934093831875768321
934093844370657280
934093906089783297
934093913987657728
934093955519705089
934094023471652866
934094091356459009
934094153524436992
934094260747620352
934094268234420224
934094270969073664
934094283833053184
934094334214803456
934094371196166144
934094385716834304
934094446391713792
934094531984875521
934094537382707200
934094544068534272
934094556697468928
934094580357697537
934094647504273408
934094735559528450
934094787904442368
934094838567460865
934094995061174274
934095016183681024
934095068025192448
934095084475371520
934095093895659522
934095229468233730
934095279778869249
934095336880181248
934095342609620993
934095411505172482
934095495047335936
934095522905907200
934095525145661440
934095570427351040
934095666590244864
934095676010651648
934095717114707968
934095849336004613
934095875940470785
934095921012445184
934095973244178433
934096057759420416
934096131834941440
934096171722788866
934096274181074944
934096281676517376
934096284792905728
934096293634461696
934096432268705792
934096444436381697
934096506352816129
934096509263581184
934096539190005762
934096539630407686
934096635797344257
934096683293540352
934096779657617408
934096803619852288
934096814822821888
934096826805948418
934096834754240512
934096849157410816
934096883030650880
934096908653559810
934096995916111878
934097072944484352
934097113985712128
934097165223366656
934097191194505217
934097202330439680
934097228255330305
934097248203440129
934097396086263808
934097529028800512
934097531746897920
934097531881091072
934097566836379648
934097636356915200
934097659119456256
934097658767204353
934097689947574272
934097795941830656
934097828879781888
934097852879515648
934098070555496448
934098278261673985
934098372071510023
934098438043598848
934098645175201792
934098646114725888
934098787177463808
934098817074335744
934098826834481153
934098908724252673
934098941116932097
934098964311347206
934099146654568448
934099148516798464
934099182327074816
934099213197201408
934099215260831744
934099226866470915
934099303144083457
934099307560685574
934099339827404800
934099426104238080
934099453887295488
934099487886381058
934099524548747264
934099561773260800
934099605054246914
934099673924632576
934099731126595585
934099837603151872
934099858021081089
934099887058292736
934099998609899520
934100022056103944
934100121872224258
934100287756873728
934100387249971203
934100409421099008
934100556888662016
934100612626747392
934101033197932544
934101052449796098
934101059689222144
934101187774820357
934101192833105920
934101371829260289
934101431132573697
934101451646885889
934101569628528640
934101626385821697
934101689883414528
934101812969398272
934101814781157376
934101900064157698
934101918821113857
934101939276697600
934101973955174402
934102137574961152
934102289467543557
934102317930033153
934102321620860929
934102383675748352
934102390776782848
934102392324415488
934102427913027584
934102455624847360
934102604350738432
934102626886733824
934102899940044805
934102907854696448
934103136406589447
934103296377319424
934103346130034693
934103363309813760
934103492230250496
934103700892717056
934104004732375041
934104281296367617
934104284496629760
934104315467325445
934104333989244928
934104357058109441
934104357326475265
934104374456053760
934104416109711361
934104446983950339
934104461911494656
934104473995227139
934104486641065984
934104524096237570
934104558032257024
934104837578518531
934104884013600770
934105054373666816
934105090121756673
934105097474396160
934105126285008896
934105325132763137
934105362713792513
934105391943823363
934105400181436418
934105494154895361
934105521010995200
934105529781276673
934105602858651648
934105612069191681
934105661562130433
934105748656844801
934105805753847808
934105813785833472
934105942609801217
934105976545972224
934106075330211841
934106143596666880
934106270101065728
934106395238109185
934106539824156672
934106561408126976
934106591183417344
934106722066628609
934106745961578496
934106791494987776
934106838207008768
934106852169838592
934106866166190080
934106941898608640
934106944251539457
934107057623654400
934107075629662213
934107133515325441
934107191384199168
934107193162551298
934107409408196608
934107451082919937
934107574202523648
934107643681038336
934107665294172160
934107674269978626
934107685083123712
934107813940547584
934107820189941760
934108105964736513
934108106212237312
934108107998982144
934108112293900289
934108117926805506
934108138529349634
934108158410321920
934108286353313792
934108375897473025
934108450539393025
934108459938844672
934108467123703808
934108471204745221
934108629304840192
934108654386675712
934108662720851968
934108677476413445
934108768727719936
934109002992144384
934109149637562368
934109564395511808
934109611027603457
934109616383909888
934109621698121730
934109643445620736
934109983347826688
934110062712369152
934110112003829760
934110179997732864
934110278882611203
934110319772921857
934110352228446209
934110386990862337
934110394632851461
934110494109192192
934110629232865280
934110665140293632
934110802390540289
934110806421237765
934110961618833408
934111004480466944
934111028316639232
934111068502228993
934111118586470401
934111124735307785
934111246848323584
934111299734331393
934111498204565505
934111515925458944
934111525207494657
934111566240284672
934111660742242304
934111779076149249
934111799108136960
934111882922905601
934111948580548609
934112100607320064
934112138267906048
934112155493978112
934112166139125760
934112168164802560
934112178063527937
934112182995894272
934112189702721536
934112252596310017
934112304790233088
934112333571526657
934112508222345216
934112513691660290
934112539851526145
934112640959500289
934112640321941504
934112744697147392
934112835638087682
934112858899668992
934112944358641664
934112975098609666
934113137699229696
934113171140497408
934113225771225088
934113278866763776
934113438464430080
934113448681660416
934113460710989824
934113545901527040
934113613274664960
934113752407998464
934113865704640512
934113945803264000
934114008386457600
934114118939959296
934114179912527873
934114242726367232
934114311500333056
934114337161084928
934114392404299776
934114399073325056
934114400969125889
934114454102474752
934114520661921792
934114544762458112
934114641269141505
934114663289245696
934114706310221825
934114991397113858
934115023701598209
934115221505036288
934115275171131393
934115323237761024
934115350282686464
934115353529069568
934115375809290246
934115427768291328
934115584110944256
934115726364958721
934115955726106624
934116050320478211
934116128355385345
934116161477898241
934116196257091587
934116262380294144
934116269942386688
934116285784485894
934116393406083072
934116598453063680
934116599270924291
934116689125564416
934116696742248448
934116700504588288
934116714597433344
934116738513428480
934116909871714304
934116917387911170
934116922379177985
934116928339066882
934116935486312449
934117019775094784
934117188008660992
934117379206008833
934117421081858048
934117674954706944
934118173321949184
934118199037251584
934118199326584832
934118224677007361
934118277764263936
934118387789303808
934118430768336896
934118482416996352
934118675585667073
934118685761032192
934118775691055105
934118812600995840
934118899238490112
934118919014674432
934118919182409729
934119054348050432
934119090867834886
934119202822197255
934119288893530114
934119413812486144
934119433794129921
934119458930675719
934119460046241792
934119461564702720
934119564354490368
934119581010092032
934119676195389441
934119696219111425
934119676195389441
934120100663263232
934120391160758272
934120689073840128
934120691384938496
934120719109079040
934120979831447552
934121237126684672
934121509735534592
934121642967658498
934121687368552448
934122159055822850
934122238701424642
934122649948753920
934122703522549761
934123092405882881
934123174131830784
934123209938669569
934123280340004864
934123295678615553
934124270439092224
934124457651769344
934124620629848064
934124652665896962
934124724828954625
934124776636993538
934124920421994498
934125095282446336
934125193244618752
934125217923915777
934125329781809152
934125344453480448
934125347918024704
934125358772826120
934125414561304583
934125547965288449
934125727410245632
934125749602172934
934125765595086848
934125772155047936
934125782430973952
934125954687004672
934126075671654402
934126517189259274
934126605152215041
934126856030359552
934126925785845762
934126979279933440
934126981880406016
934127081839120391
934127260847788035
934127505308569600
934127602717089793
934127724297441281
934127993676615682
934128084814647296
934128130746351616
934128614538465280
934128654614921220
934128657836269568
934128738845057025
934128815630143489
934128926074507265
934129100242989056
934129131486359552
934129199245352960
934129435602714624
934129491487502336
934129492917923841
934129579249324033
934129642734268416
934129656474816513
934129665488441344
934129701655863296
934129780332617728
934129830928543744
934129854894796800
934129929209356288
934129931822551040
934129943377784833
934130018636238848
934130025623891968
934130169463431168
934130245824843777
934130275214168064
934130277567418369
934130290330447872
934130361763815429
934130530043465728
934130647458775040
934130665322434565
934130758410752000
934130763049721856
934130785925378049
934130803298140160
934130908021645312
934131027097849857
934131150339166208
934131248016093184
934131611272171521
934131648358244353
934131709012037632
934131775374315520
934131782764593153
934131968584888322
934132016039292929
934132052647178240
934133271360917504
934133273076387841
934133420942295040
934133715051188224
934134265809457153
934134315679563776
934134357274562565
934134540183814145
934134559549030400
934134636325818368
934134722992771072
934134818497093632
934134878467252226
934135010445099008
934135012928229376
934135192700284929
934135213210390529
934135250573320192
934135297553633282
934135475937439749
934135610293571585
934135686650908672
934135735380250624
934135833468252160
934136196447514624
934136407001587713
934136540321796097
934136568398348288
934136856052228096
934136892177731585
934136940894588928
934137013384728577
934137050848210944
934137131966005249
934137169131819009
934137413886242819
934137454294126592
934137547470655488
934137548053590016
934137603992977408
934137681466003458
934137958084567041
934138568695537666
934138621275320320
934138683653017600
934138715735318529
934138834236751872
934138916558471169
934139071391240194
934139099270860801
934139337364697088
934139450405347329
934139506596466690
934139557515206656
934139562514944001
934139564180066304
934139653669736448
934139699639156736
934140016791605250
934140029299052545
934140099591331840
934140108449701888
934140117727498240
934140160471650309
934140187378102273
934140270446292992
934140345033592832
934140371529019392
934140418266161152
934140481344327690
934140489682554881
934140584348004352
934140642124541953
934140687943159809
934140824249651200
934140981561184256
934141109265104896
934141154521698306
934141211828543488
934141215276240897
934141326878265344
934141334495088641
934141383643983874
934141413062823936
934141672535068673
934141674124660736
934141781356240897
934141843180269568
934142097195700225
934142103910846464
934142224962674688
934142258038833152
934142392374104064
934142473873645569
934142518102560768
934142542874054656
934142605792890881
934142886907695104
934142931203776513
934142944210235394
934142975529177091
934143034610126848
934143107293212678
934143108035461120
934143117195747328
934143252642623488
934143338298699776
934143657644609538
934143701059821568
934143771360612353
934143786640445440
934143872913027072
934143889027555329
934144006535176192
934144017390034944
934144203159932929
934144207148797952
934144220289486848
934144345665654784
934144401240190978
934144450720358400
934144577807831040
934144603590201345
934144695638347776
934144724943990784
934144724897759232
934144751087116288
934144760285224960
934144770997440513
934144785102843905
934145035255283712
934145163240370177
934145295033815040
934145468392755206
934145500827340800
934145519865204737
934145661204824065
934145856760147969
934145858479837184
934145875902959616
934145993695690753
934146031608049664
934146179079778304
934146315474305025
934146516280905728
934146587097485312
934146656643309569
934146682761236480
934146821735239681
934146989629038592
934147127873363970
934147131610251264
934147194948550657
934147230830878725
934147635019173888
934147824434008066
934148009742520320
934148021327224832
934148180077314049
934148239200325633
934148412634644481
934148495363248130
934148657984802816
934148959580426240
934148985010507776
934149181714915333
934149183161892864
934149191726755840
934149250526703616
934149345288564736
934149561140080640
934149637329637376
934149662130540545
934149746033381377
934149937243103232
934150084442382336
934150093544050689
934150134396608513
934150305457025024
934150320367824902
934150363841785856
934150857020624898
934150891812290560
934150905016078337
934151199808466945
934151602818174976
934151781105455104
934151802550980608
934151922138873862
934151941638279170
934152020667269122
934152080130002944
934152145435267073
934152147184312320
934152235428302851
934152278591901696
934152413866442753
934152563779407872
934152665373736960
934152787063164928
934152877832105987
934152878041763841
934152961835585542
934153012641189888
934153104848838663
934153308985544705
934153310290042881
934153447091339264
934153517908004864
934153545657577474
934153707217915906
934153843356651525
934153869717893120
934154049510936582
934154146747437059
934154186354233344
934154329170300928
934154539615309827
934154590697807873
934154656829251584
934154879727276038
934154929383415808
934154952464846848
934155250499452928
934155295936466946
934155518960160769
934155562425704449
934155601659285505
934155648144674817
934155808497074176
934155847894294528
934155924981329922
934155935119011840
934155958003077122
934156414691479556
934156418588037120
934156444475289600
934156474653331457
934156577828880385
934156583390666752
934156943450628097
934157104331591681
934157121528193024
934157184295989248
934157191749275649
934157225488207872
934157233138601985
934157292219625472
934157533505359872
934157566262816773
934157697280282624
934157758793945089
934157772068925440
934157847310557185
934157975521984512
934158067108806656
934158084448096256
934158099862179840
934158180371836930
934158211158040579
934158264606052352
934158300517687296
934158353407889408
934158358281678848
934158383208456193
934158422022516736
934158427806404608
934158438258692096
934158441559527424
934158447716782086
934158492453228549
934158621373542402
934158687920410624
934158690936147968
934158787514159104
934158817872539648
934158931752046592
934158955684745216
934159068226310144
934159102988693504
934159133229703168
934159139336609792
934159209196937216
934159219732779008
934159456044281856
934159495181361154
934159502588473344
934159665574883329
934159676878606339
934159691457765376
934159887306838017
934159898325258240
934160116215156737
934160201615380480
934160215930531841
934160460089348096
934160721281105921
934160731192180736
934160783424000000
934160796095041536
934160823043358720
934160985946025985
934161090749108224
934161154070450177
934161154473066497
934161312359337984
934161429430759425
934161437190127616
934161543318646784
934162017308565510
934162156756652033
934162214486986753
934162241976393728
934162582545489920
934162657518804992
934162748061175808
934162969654710272
934162992878546944
934162998448541697
934163038239973379
934163056950726656
934163087393001472
934163118833524736
934163163678883840
934163204405710848
934163265948667904
934163288186933250
934163302728519680
934163358835793920
934163469238263815
934163472656584704
934163517053259777
934163812734918657
934164086379765760
934164162703515648
934164421516996608
934164731073581056
934164733174976512
934164736530440192
934165101992607744
934165206690861059
934165755612024833
934165856661200902
934166391099240448
934166462582939648
934166488780505088
934166663603392512
934166969263312896
934167053535244289
934167058123821056
934168126417195008
934168147921440768
934168510221246466
934168802048249856
934168810042507264
934168816539619333
934168883619139584
934168932285640704
934169009142009856
934169287211696128
934169540497420288
934169659754074112
934169676904529920
934169744583819265
934169769141555200
934169855565221888
934169905234169857
934169976944168960
934170040441753601
934170090538487810
934170139691384832
934170275872165890
934170769759854595
934170787791204352
934170994767532033
934171022340878336
934171024052097025
934171777898512384
934172123257556992
934172281059803137
934172719112998913
934172768505094146
934172875464085504
934172942207995904
934173089704931328
934173203550867456
934173214183428096
934173228662214656
934173317413601285
934173482203697152
934173582443405312
934173597698068480
934173666740523008
934173770767654912
934173772881580034
934173808847499264
934174045268074503
934174099009568768
934174315771236353
934174412504485891
934174461556854784
934174743942529024
934174838582923264
934174932325584896
934174979930906625
934175078979432448
934175377815044096
934176036329156608
934176058655600640
934176403922280448
934176599070650369
934176893733101569
934177311565533184
934177313654222849
934177420017569792
934177519078604800
934177557855064070
934177713715326976
934178491314130944
934178493579001856
934178565624537088
934178888493780992
934179069167591424
934179163619168256
934179267616956416
934179318808399877
934179333706539008
934179620068438016
934179835345190912
934179985924947968
934180097732603905
934180209292709888
934180280407154693
934180422740791296
934180529582301186
934180550507683840
934180579427438593
934180631009005569
934180638852345857
934180859867029504
934180912291512320
934180937839071233
934181462231969794
934181547980345345
934181606801145857
934181619753242624
934181932681875456
934181990928183298
934182001170636800
934182061270814720
934182225498836994
934182349075566592
934182888358273026
934182895102627840
934182943530070016
934183471110647808
934183606024658944
934183608000172032
934183617126952961
934184156841611264
934184283778048001
934184285866782720
934184533095837696
934184542914646016
934184562372022272
934184579132477440
934184597134479361
934184614448566272
934184628679688193
934184674489909248
934184735437475840
934184751652589569
934184765900587008
934184785488080897
934184800210096128
934184823404613633
934184835551256577
934184841419083777
934184851615428608
934184947077799936
934185550029971456
934185567310503943
934185573933297664
934185584964272128
934186002121404416
934186443261476864
934186669913276418
934186790147313671
934187375495757824
934188175437819909
934188305704538113
934188637863989249
934188820983148544
934189608744751105
934189665296502784
934189895895183360
934189898839576576
934190178314391554
934190300926480385
934190486323105792
934190825382260738
934191004420370432
934191120749416448
934191298575241216
934191375452639232
934191392347377664
934191736489959424
934191764134596608
934192587401023489
934192696419323905
934192921871568897
934193111680606208
934193560806678528
934194025506189313
934194483599695873
934194790861852672
934194928888025089
934195454857883648
934195676967182338
934196188223557633
934196190320742400
934196792249536523
934197762949820417
934198649395073024
934198891020472321
934198904257736705
934199142376787968
934200018810138624
934200685264015360
934200823382462464
934200936670597121
934201829377818624
934202122886840321
934202142444998658
934202477641191426
934202479461519360
934202537980416006
934202876213321728
934203253360939009
934203841066790913
934204072185364482
934204300498292736
934204436620001280
934204604358807553
934204702073540608
934204931409612801
934206382328500224
934206685475934208
934206822721957889
934207404077649920
934207779769847809
934208084725125120
934208694643982337
934208736385695744
934208771726958592
934208773639589893
934209084651462656
934209827647184897
