844111460255088640
844111632515108865
844111838648422400
844112129548521473
844112562165874688
844112686157905921
844112783180480512
844112817435369474
844113433511575552
844113586284826625
844113596493807616
844113650856185857
844113665947242497
844114304072925184
844114409953869826
844114414143967233
844114448369537024
844114524299034626
844114636668649472
844114696382963713
844114706772168704
844114744965566465
844114830235783168
844115243764715520
844115294578720768
844115315223085056
844115522224619520
844115658208137217
844115659034447872
844115689778696192
844115720657141761
844115756480630784
844115879390580736
844115911317569537
844115987154833410
844116431302213632
844116971662860290
844117194510385152
844117543992410114
844118718749786112
844120377714495488
844120534455652352
844120904221184000
844121291179380736
844121387778347008
844121924938752000
844122352959049732
844122576813248512
844122793247723520
844122931751981056
844123049767124992
844123205522640896
844123207309410305
844123242428321792
844123789629816832
844124485666136064
844124538657034240
844124780206997505
844124809978138625
844124874977300480
844124965322608640
844125095673118724
844125423667761152
844126066352541696
844126140826566656
844126255855386624
844126287149064192
844126353242972160
