825192117186211840
825194914921197568
825195040465117185
825197317372383233
825197318731337728
825197444992495616
825197598978011137
825198232582098945
825198338022703104
825198851514572800
825198910717227008
825199100891103234
825199203177656320
825199287042764800
825201290670137344
825201510124503041
825202181003472897
825202790133858305
825202918399819776
825203471943139329
825203521150672896
825203678999171080
825204220873826304
825205542805241857
825205801644081152
825206132096499712
825206420568207360
825206694498156549
