836622546090999812
836622774579834881
836622779126460416
836622929584586753
836623071670775808
836623628212957184
836623640577859584
836623854130851840
836624242120790017
836624302153863168
836624997317754881
836625231775219713
836625349270245376
836625533966368768
836625597124202497
836625641491599361
836625876834009088
836626297371693057
836626302568398849
836626306892722176
836626321811902465
836626357060784128
836626457921204225
836626527416631298
836626528523980802
836626592726077442
836626618743406592
836626634446893056
836627054057644034
836627146885967872
836627190406053889
836627269275824128
836627442332798976
836627451312816130
836627452122267651
836627527149973511
836627834231746560
836627956290170882
836629086369873920
836629137796304900
836629280108990464
836629298752671748
836629442285957120
836629518299222016
836629592685297665
836629680748916736
836629699837198336
836629775150104577
836629788655828993
836629816388505600
836629953592627201
836630286431551488
836630368832864256
836630387036205058
836631226295463936
836631266753642497
836631618395779072
836631685118705668
836631845605371907
836632031798919168
836632041726828544
836632095892115456
836632113822724096
836632292286136321
836632577620443137
836632872035430400
836632925391187968
836633194048942084
836633397971849216
836633476954796035
836633538950742016
836633560626958337
836633612900581376
836633616935444480
836634003591606273
836634392898457600
836634531197255680
836634745345884160
836634814203707392
836634902732877824
836635231746678786
836635305113444352
836635349619204097
836635597984968705
836635621816950785
836635643233054721
836635661390254081
836635677798313985
836635696236544001
836635700380463104
836635765618663424
836635956409208832
836635993918799873
836636025225113600
836636118745559041
836636358257045505
836636380801421313
836636597797924864
836636649018753024
836636690580144130
836636713996939265
836636919106846720
836636926736232448
