819680548654288896
819681128911110145
819681147605123072
819681405982699520
819681544277229568
819681681137221632
819681867716853760
819681919956873217
819681936683794432
819682011036217345
819682042795454464
819682319002992644
819682366440542209
819682576646471681
819682700734955520
819682707722665986
819682801796706304
819683223781261312
819683696005550080
819683978949103617
819685721237782528
819685940364972032
819686648191582213
819687566215643137
819688078700924928
819688539323568130
819689659173314560
819690030276952065
819691064932048896
819691317957627904
819693422491668480
819693583368392704
819693597457084416
819694482128064512
819694817601011717
819695312759623680
