842390474086334464
842390691447734272
842390734871400448
842390882456342529
842390882766729216
842391031635140608
842391292390842368
842391470019600384
842391624768466944
842391816636911616
842392693179355137
842392721658675201
842392770383904769
842392997736132608
842393024718094342
842393136185892864
842393784155484161
842393928183754755
842394208736444417
842394658584055809
842395002701406209
842395154916990976
842395218301337600
842395310336970753
842395424220684288
842395471041683456
842395505866997762
842395772561817601
842395945815937029
842396551230156802
842396616988450817
842396658805702658
842396672009236480
842396758114222081
842396782181130241
842396949722591232
842397006719008768
842397064122236928
842397085177659392
842397118690140160
842397182988812288
842397271845146624
842397469321359362
842397917050732545
842397975418699780
842398006209044482
842398100736118784
842398272966795266
842398295557324802
842398466437447681
842398466634600448
842399162670972930
842399216978796545
842399338949148672
842399344619884545
842399888520433664
842400348002254852
842400582606438400
842400612008493063
842400932872785920
842401023360696325
842401036685979649
842401146136367106
842401433760735233
842401610756173824
842401631165661184
842401719187308544
842401778511581184
842401948699643904
842402001971490816
842402116450828289
842402177410822144
842402203725840385
842402337335459841
842402438602715136
842402590293909504
842402636477411328
842402825191735296
842402835375509504
842402949112467456
842402986232057856
842402988421480448
842403028753883136
842403365543899136
842403390197977088
842403709816590336
842403819820580868
842403938804633600
842403976482021377
842404132250099713
842404176864796672
842404188483121152
842404226840072193
842404303167979520
842404409543913473
842404597331304448
842404938378563585
