841982678488502272
841982995858886658
841983754218426368
841984209287806980
841984280733577216
841984484874567684
841984650373394434
841984704425414657
841984795722821633
841984901742252033
841985031287525376
841985038124232706
841985068084125697
841985363249901568
841985480728170497
841985643597176832
841985781203914752
841986150780809216
841986572631302145
841986579019182080
841987013347835906
841987146290470913
841987162920873984
841987523773661184
841987694691553280
841987978159374336
841988545501908997
841988631334129665
841988750209126401
841988808824520704
841988844996202496
841989029763641344
841989074881806336
841989256662929408
841989388145958912
841989391715315713
841989447008702465
841989568350064642
841989636142600194
841989769827631104
841989909544034304
841989962564280320
841989979203067904
841990036681814017
841990169305702402
841990224637001728
841990410163650560
841990428983463936
841990584998932480
841990761004564481
841990871323160576
841991058498043904
841991511986257920
841991520953745411
841991538439778305
841991549126905857
841991758816919555
841992041861156864
841992207263498240
841992312213405696
841992574969753601
841992874400993280
841992978436636673
841993171336892416
841993447355650048
841993634178322432
841993746073939968
841993961094893570
841993969013788672
841994059786948608
841994097007198208
841994183846043648
841994328415322112
841994382320513024
841994395817787392
841994435256844288
841994489216565248
841994554534420481
841994915680731136
841995536882384896
841995664053686273
841995689299075074
841995771645972480
841995806924234752
841995960297357314
841996028802940928
841996477350187008
841996601270894593
841996994486898693
841997097905860609
