817792996104081414
817793021148336128
817793134386155520
817793215843725312
817793343866408960
817793391782166534
817793414938890240
817793423520464896
817793625123934209
817793643167838208
817793917190029312
817794155258712066
817794222380253184
817794448117604354
817794867694813185
817794983075975168
817795094246031360
817795593229705217
817795863661649922
817795883043614720
817796443398373378
817796496770875392
817796523295703040
817796813113659398
817796879631216640
817797051593424897
817797181126168576
817797607523237889
817797753480876033
817797845860356096
817797851900248068
817798179873783808
817798200853667841
817798516428931074
817798532086321152
817798844918484993
817798863729860614
817798916716589058
817798989969924097
817799004973109250
817799099424587778
817799205637029888
817799435786784770
817800050743144449
817800202593726465
817800361612349441
817800621940215810
817800992779567104
817801208039690241
817801294668845057
817801339514146817
817801353665847298
817801379234381824
817801417041805313
817801438583750656
817801501414457346
817801513640886272
817801557546827776
817801840939167745
817801915752968192
817802013937373186
817802032476209153
817802035911331840
817802285648637954
817802996352421888
817803061338980353
817803137092304896
817803187012956160
817803264066519040
817803323457896448
817803329526964225
817803425740156928
817803499677319169
817803527883988992
817803564550656000
817804031041085441
817804202193879040
817804274881204224
817804399984734208
817804411590283264
817804683263803393
817804699088908292
817804740172120067
817804765291773952
817805199662313474
817805315437641729
817805323973128194
817805336258211841
817805479904772097
817805593943609345
817805666534428673
817805763552886784
817805863108878336
817806165782523905
817806182404517890
817806548001026049
817806634269442049
817806662933381122
817807037820182529
817807264954413056
817807335078920194
817807398706487296
817807600842604545
817807707826782208
817807922042437633
