838177426802888705
838177517521469440
838177918933172226
838178221208322048
838178423969304576
838178562683330565
838179207175864322
838179336427556866
838179353481588736
838179516736471041
838180283308470273
838180937489911809
838181096470757377
838181320425680896
838181819447148551
838182036095533058
838182631367979008
838183478537699328
838183684859658240
838184494192537600
838184739131518976
838185451823513602
838186595350114304
838186716951367681
838188332165263360
838188513505968128
838188517100564480
838188523396206592
838189586731974656
838189648082046978
838190022713032704
838191109373366274
838191187299217408
838191195394310145
