849864301351493634
849864726989373440
849865051884449792
849865267236786176
849865347175985152
849865711182852096
849866028473561089
849866145847005184
849866304089706496
849866544951812096
849866669266743296
849866704008163329
849866714506555392
849866770940919808
849866835881332737
849866843003252736
849866900188385281
849866904709861376
849866920279105536
849867085132042240
849868040284102656
849868192415707136
849869186323107840
849869443928911872
849869596438003712
849869725458935808
849869789841551360
849869848192708608
849869922901655552
849871188776153088
849871632701194240
849872015679004673
849872163398184963
849872639036465152
849872820024770560
849873163316072448
849873262842662914
849873418333933568
849873596390539264
849874213691301888
849874598728486912
849874721764200448
849874950131523584
849875177718640640
849875235444838400
849875279287922688
849875310984261634
849875825419857921
849876216240906240
849876222511370240
849876272457162752
849876436685082624
849877013884276736
849877049951080448
849877359851393024
849877747484766208
849877929479819264
849878362554290177
849878394368118784
849878560244461568
849878834904264705
849878959705772032
849879192174985216
849879224051654656
