853608927099064321
853608931331108868
853609209715445761
853609330997907456
853609482173239296
853609519599022080
853609717528186881
853609743197327361
853609743851630594
853609818694746112
853609976195149825
853610023473303552
853610196773609475
853610312184025088
853610378726604801
853610477666140160
853610497559715844
853610520271892480
853611144979853312
853611369538752514
853611481824337924
853611533221416960
853611671100772353
853611705351503872
853612345121280002
853612481796878337
853612586528538626
853612717277663234
853612723766218754
853612784721985537
853613015673040897
853613050951327744
853613116306882561
853613178386862081
853613273815580672
853613397073682432
853613538581110785
853613579714654208
853613663953055744
853613995516940288
853614277118357505
853614508673290240
853614510535561217
853614611509194752
853614649404772352
853614775376515072
853614927071805441
853615224955469825
853615242718347264
853615284669820928
853615589448978433
853615775612928000
853615808001359873
853615855221047297
853615910397063168
853615981452816384
853615989770137600
853616010418688000
853616433758179329
853616471104028672
853616477391507456
853616480365293571
853616478498807808
853616482957316096
853616673785606144
853616726231191553
853616814840066048
853616815410487296
853616816186425345
853617215396098048
853617381150646272
853617436393955329
853617452814651392
853617561996582912
853617827982577664
853617902687277057
853617977714987009
853618112985432065
853618427323449344
853618458554249216
853618548194803714
853618630898192388
853618754135228417
853618857906515968
853618913191620609
853618991570595840
853619096822460416
853619452449091585
853619750181756928
853620022098264066
853620122845671425
853620301904662528
853620399183192065
853620454774509568
853620647884357632
853620670571433984
853620689760288769
853620718486994944
853620764968443904
853620858178371590
853620858816016384
853620860044836865
853620860518883328
853620869859618816
853621014156148739
853621272663781376
853621513756569605
853621672070479875
853621753955921922
853621755482603520
853621872629604354
853621912047673344
853622064737079297
853622238645506052
853622293725155328
853622373538516993
853622485987840005
853622530837544960
853622570092044288
853622615822540800
853622768386048000
853622769376010241
853622770172923904
853622781396881408
853622851106222081
853622866075684866
853622888670392320
853622972271271936
853623042995609604
853623058107691009
853623235639996417
853623233538650112
853623327302320129
853623336819183620
853623345660780544
853623825543593984
853623850898206720
