827849533598138368
827849687583584256
827849800120991744
827849858925076480
827850507355987968
827850787946655745
827850988463779840
827851061893398528
827851311576145920
827851459903500289
827851616837632000
827853463413518336
827853560008302592
827854360935792641
827854416913035264
827854541576101888
827854594504007680
827854778227126276
827854992589615104
827855082184175616
827855721890996229
827855754925334529
827855864375738368
827855864296067073
827856506519425024
827856506938880000
827856574089670656
827856734853144577
827856742449033216
827856884497539072
827856988231102464
827857088244224002
827857113158393856
827857128400572417
827857362186813441
827857826169106432
827857842715709442
827857950433824770
827858036626710529
827858234463617024
827858514857050112
827858719891406849
827858966961078273
827859102638415872
827859138017366016
827859287854690305
827859319169363970
827859633079476225
827859640759234560
827859776088465408
827859964714680320
827859988303450113
827860052119793664
827860088748638208
827860181476376577
827860224744767488
827860324388855808
827861069204951040
827861228403978242
827861235525890051
827861394175442944
827861397740609536
827862061816348672
827862180078948352
827862397733834752
827862588574879744
827863004662362112
827863234887708673
827863401477111814
827863539574517762
827863698031116288
827863940885528576
827864072309895170
827864106023677952
