828000603385245696
828001311580880896
828002389714157571
828002645973438464
828002651283550209
828002685408337920
828002939394523136
828003327661191169
828003714673864705
828004344456937472
828005110399774720
828005111955873792
828005407054520322
828005575086718976
828006624698703872
828006780219318278
828007685673070592
828007689850650624
828008002275966977
828008356988256261
828008823566774272
828010042163093504
828010274284302338
828010513703563264
828010701721579520
828010932064378882
828011478502535172
828011506885353473
828011882535587841
828011941939511297
828012210127503360
828012335637921792
828012380051349504
828012407083696128
828012444048048128
828012521164513280
828013272527929346
828013475674853384
828013942479921152
828013977028460544
828014571520679938
828014732682657796
828014758767054848
828014830544101377
828014974262005761
828015004150554625
828015162993041408
