856160741065453569
856160884397420546
856161017583284225
856161093021859840
856161169618370560
856161188996153344
856161532388028416
856161606262288385
856161632321458176
856161718375940097
856161751846588416
856161928342892544
856161961322487808
856162002972155905
856162135218507776
856162278093324288
856162422427615232
856162558444806149
856162580833894400
856162590468304896
856162613243392001
856162780923269121
856162808009981952
856162829145186306
856162885046861824
856162947391004673
856162949429288961
856162992689487873
856163090177683456
856163091012345856
856163256448106498
856163258096660480
856163260952924160
856163323234181120
856163442021081089
856163497851355136
856163538326495236
856163588066639872
856163595712856068
856163608396541952
856163670233153537
856163680458821636
856163805885341696
856163876030865409
856163906385043457
856163905667817473
856164020356763648
856164202230276098
856164208999890944
856164283541061632
856164417414868992
856164595169452033
856164653508026368
856164692078841856
856164761771311104
856164782264725506
856164852397748225
856164865232207875
856164986921549825
856164986787377153
856164994609795073
856165034950402048
856165060166770688
856165069222273024
856165167528370176
856165366459924482
856165393517379585
856165595800248320
856165617535115264
856165648224964608
856165694366507008
856165715291889664
856165801761665025
856165890831904769
856165994305384448
856166099058032644
856166196428853251
856166249591709700
856166493888942081
856166537266438144
856166581281452032
856166600667537410
856166663754051584
856166674109747201
856166702215770113
856166747283623937
856166760042692608
856166941001752576
856167119955820547
856167196778569728
856167362038562817
856167518196699138
856167552367677441
856167572621938688
856167583858528256
856167592377102336
856167603135447042
856167656671645696
