840110337646972929
840110762974568453
840110802581446663
840110843488489472
840111341234921472
840111636224524290
840111841443373056
840111853594324992
840112092678045696
840112121073418240
840112190837276673
840112249549201408
840112475949297665
840112576868507648
840112695131099137
840112742342127616
840112846138626049
840113185986244609
840113336956010496
840113652548030464
840113677860659200
840113829711241216
840114148826472448
840114209916518400
840114509029167105
840114893516763136
840114925041147908
840114930846068738
840114978354954240
840115194332291075
840116099920232448
840116159886180353
840116308582662144
840116527953133569
840116640696033282
840116689417060352
840116747772469248
840116870531305472
840116930136559616
840117037154238464
840117084898041858
840117181589340160
840117416403202048
840117790057017345
840117803562684418
840118180160794631
840118512253206533
840118554867335171
840118635129577472
840118836493869057
840118835608936452
840118874578202624
840118902994550785
840118954693607426
840119199523524610
840119203415826433
840119311347867648
840119333757972480
840119967597060097
840120233029390336
840120288314507264
840120440366407682
840120542149591040
840120580481269760
840120958434271236
840121265830608896
840121598967390210
840122088526503936
840122123490213888
840122128913522688
840122311286054922
840122319896948736
840122464143200259
840122862379847680
840123087752331267
840123105171271681
840123184322035712
840123211710787584
840123267063017472
840123357261570049
840123526191312897
840123750116802560
840123779615399939
840123945466585090
840124020766912513
840124486712143873
840124579293028353
840124626751512580
840124684880379904
840124819739893762
840124950639910913
