936021966632480768
936023587919499265
936023814458224640
936023877528014848
936024520649043973
936024972648243200
936025019590807552
936025381764829184
936025748485431296
936026353140486144
936026999411433472
936027001600856065
936027870648066048
936028776051470336
936028784049999873
936029140083511296
936030396260737024
936030717800337409
936031876329779201
936032036904685569
936032687843872768
936033294420008962
936033296080916480
936033827134345222
936035235237695488
936035317831913473
936035530541797376
936037061844393986
936037111723188224
936038329065369600
936038388989341697
936038544195424256
936038600373915648
936038667541536769
936038852371853312
936039086846029825
936039459182792704
936039509770358785
936039581862039552
936039583585841152
936039961060659200
936040039536103424
936040166543757312
936040382537912322
936040410350325760
936040549525712896
936041635431047168
936042400010702848
936044370738008066
936044621095989249
936044645569777664
936045873741680640
936045876295892992
936046819234246662
936047527798992896
936049398819184640
936050240796397568
936050504425127936
936051475284770816
936052166439112704
936052168746061824
936052165340049408
936054982691786752
936058458343968773
936058459958718465
936059541493559298
936059763577839617
936060505617289216
936064269103267841
936064751788060677
936064754434666496
936066028110581761
936067263827910657
936067297348857857
936067585996664833
936067768197185536
936068614158999552
936070053677613056
936071042497466368
936071044250656768
936072071754539008
936073323888312322
936074682129928197
936074823448649728
936075314614194176
936075386651398144
936076596661964800
936076961729871872
936077170803400705
936077368824918016
936077759083884544
936077865938030593
936078224681029633
936078330087878657
936082083067367424
936082359228796928
936082410978000897
936084731703181312
936084816595996672
936084934648848384
936084999832506368
936085051934167040
936085101699653632
936085161195786241
936085169542443014
936085315239993344
936085466931191808
936085521054490624
936085573382688768
936085616814706688
936085650343890949
936085652659154946
936086152578240512
936086918189613056
936087178240839680
936087392473178114
936088769018716160
936089386034196482
936089407597277184
936089916995522565
936089938889756672
936089939292446721
936090141919268865
936090308122742785
936090367442804736
936090652240236544
936090920122048512
936090927311015936
936091002548506625
936091182811242498
936091217582067719
936091299668742144
936091318450782208
936091457991073792
936091505504157697
936091554573295616
936091669920874496
936091704528134144
936092425327730688
936093718238715904
936094092714496001
936094195772723200
936094776717463558
936094909609717763
936094941381410816
936094942245482496
936095517733474304
936095637699022848
936095716669362176
936095737884143618
936096360478199808
936096420742008832
936096451897290754
936096496059080705
936096575499235330
936096606805471233
936096754474344448
936096810917036036
936097154204160000
936097362224836609
936097437973995520
936097465299816448
936097469364101120
936097473474584576
936097652206460930
936097798726062080
936097873858621440
936097994721710080
936098122157232128
936098208702435328
936098281301729280
936098328756064256
936098461505720320
936098717001764864
936098970446827520
936099001610461184
936099003426590720
936099078592704512
936099108326117376
936099151804358656
936099192203890688
936099444436668416
936099692332638208
936099692223631360
936099950374637568
936099969546809344
936099976068788224
936099984398622721
936100262284025856
936100478814912513
936100648826888193
936100758625415168
936101011730681857
936101033809530880
936101196980465664
936101240374743042
936101243138838528
936101255394545666
936101597532311553
936101699898560512
936101989196365824
936102274639843328
936102300497661953
936102335889190913
936102492324139008
936102552218808321
936102579175612417
936102839876833280
936102888543223808
936102947607535617
936102969250066437
936103089542778880
936103293910224897
936103759171784704
936103806902980608
936103884694675457
936104103247216640
936104283149361152
936104457892454400
936104473226649601
936104553124155392
936104810356584449
936105075566694401
936105452466769920
936105690124480512
936105762878783488
936105971348393984
936105995067117568
936106009784934400
936106081843105793
936106226718597120
936106628574797824
936107355229577217
936107524989710336
936107524758970369
936107800157212677
936107916964311040
936108003933216770
936108086661611521
936108134875136001
936108509950652416
936108591815299073
936108602447810567
936109049946374144
936109257900154880
936109756770672640
936109850844680192
936110047234576384
936110175324385280
936110320514412544
936110372691595264
936110407084838912
936110575893008384
936110712971292672
936110960774991874
936111005524025344
936111017540702208
936111048494419968
936111071307366400
936111071319994368
936111286420729856
936111343853359106
936111461528678400
936111477769097216
936111947099070464
936112559589015553
936112562084524032
936112574717988864
936112605365768192
936112705764757506
936112834785751043
936112910350286850
936112971562061829
936113061227675653
936113084166311937
936113088776024064
936113311011295232
936113564787425280
936113631120560130
936113674435092483
936113952324452352
936114056066367488
936114059069489153
936114114010722304
936114223607840768
936114263617343488
936114272450605057
936114387223539712
936114405942747137
936114553418670080
936114565015900160
936114819425538049
936114865495859200
936115011377876992
936115013043081218
936115058140155907
936115263757602817
936115461271498752
936115471539212288
936115591555026944
936115629786042368
936115648853364736
936115818479390720
936115861257060352
936116053083598849
936116117747195905
936116127595483137
936116164480131072
936116332143239168
936116332348678144
936116340112412672
936116344587739136
936116349847392256
936116368663040000
936116500657819649
936116600465391617
936116783878156288
936117048966549505
936117069740945408
936117236191907840
936117403792048128
936117431357050880
936117442266451969
936117516228792320
936117570956128256
936117609082208257
936117615327559682
936117664593989632
936117697745752064
936117750971367424
936117758277902336
936117883809255425
936117923491536896
936117938255482881
936117970773905409
936118094287835141
936118109261451265
936118149958848512
936118154656473088
936118192627478530
936118194791763968
936118230342565894
936118271736274944
936118312446189568
936118355190312960
936118461641699329
936118655301103617
936118657880657920
936118673542205440
936118702843613184
936118712742170624
936118745096957952
936118755561758721
936118818887405568
936118931504467968
936119032654303232
936119101780643840
936119127449759745
936119312791883776
936119388301819904
936119509743697920
936119610369302528
936119842062655488
936120035042619392
936120088721346561
936120109738987520
936120128130994176
936120210171539456
936120237510021125
936120256266895365
936120291998216193
936120415520526337
936120611662913536
936120681078640641
936120709755043840
936120746564358144
936120843419168768
936121018057359360
936121035363049473
936121041105117184
936121057190273024
936121141218988033
936121150668722176
936121373797376000
936121374569107456
936121376548769792
936121387693019136
936121391744782337
936121423353040896
936121426540720128
936121643017043968
936121695273963520
936121700810481664
936121730686504960
936121734763302912
936121834969489409
936122012019277825
936122100099805184
936122267070877697
936122383655686144
936122417113681920
936122464278544385
936122586379046912
936122601604304896
936122630503051264
936122702066315265
936122718122074114
936122827320844289
936122896975630336
936122927178833920
936122949672816640
936122983592202240
936123017326981120
936123079557775360
936123079855665152
936123101909258241
936123128442445824
936123198013411328
936123370483089408
936123562561335296
936123654546616320
936123773283127296
936123901591146496
936124118902235137
936124135033282565
936124478681243653
936124562386898944
936124582485995520
936124902914043904
936124918936240128
936124983050416128
936125137262403584
936125217822466048
936125314886983681
936125322247966721
936125335380381696
936125368267952128
936125407061073922
936125417802547200
936125422844108800
936125428229476352
936125429907410944
936125446130937856
936125519325786113
936125551525466113
936125612615495680
936125620161056769
936125648363499520
936125647180783616
936125671205736448
936125690591707136
936125762721210370
936125765908860928
936125804777476096
936125803783507968
936125876571443200
936126038853201920
936126063146622976
936126138455412736
936126212145074176
936126213575315456
936126223901708290
936126323424186368
936126351299489792
936126593667358720
936126681814839296
936126688370577409
936126721878904832
936126733107056640
936126739528470528
936126903345393664
936126964724916224
936127218048229377
936127242014470145
936127284456681474
936127399288336384
936127407542669312
936127427084017664
936127442372227073
936127470511755264
936127661402816513
936127664066351104
936127665920270336
936127666188705793
936127666566123520
936127665475543041
936127673096720385
936127760162082816
936127968438554624
936127988206358528
936128003456864256
936128020909383680
936128029247623168
936128081873522688
936128110386466816
936128150597234688
936128167282204673
936128220176494592
936128254041260032
936128347054231552
936128531247128578
936128540931653632
936128553049051137
936128667218006016
936128686734143488
936128736482791424
936128810621263873
936128836625944576
936128859589705730
936128896076009472
936128912421244931
936128926493085696
936128933271130112
936129071628550146
936129118831349760
936129124644597760
936129137068175360
936129214553710592
936129231616126977
936129246426292224
936129283726114821
936129377858973696
936129438370205696
936129467399004160
936129541982052352
936129553990344704
936129822249639936
936129874187735041
936129999945560064
936130012574638082
936130105415487488
936130212995190784
936130233891196929
936130400476377088
936130435788271617
936130457690710016
936130495481511937
936130510790823936
936130551924305920
936130569708232705
936130588347633664
936130784049680384
936130799782498304
936131002392510464
936131045178642432
936131102988697600
936131103798284288
936131214599163904
936131257318207488
936131335109926913
936131580283838464
936131628656623616
936131652157366272
936131690979889152
936131760919891968
936131765768355841
936131821124898817
936131869292351488
936131966356938752
936132000922112000
936132007825985536
936132033553879040
936132079426949120
936132105020592128
936132137236955137
936132212730277888
936132228081422336
936132272721448960
936132320247144448
936132334310641664
936132379579768832
936132439201714176
936132512933400576
936132513591971841
936132585364783104
936132599487062016
936132701161213952
936132713035321344
936132833898319872
936132874079752192
936132953826045953
936132971442200576
936132992275238913
936133028400820224
936133051675021312
936133097300652032
936133156750716929
936133163830702081
936133228326506497
936133245099544576
936133262086410241
936133298832773120
936133561115140097
936133583374340096
936133747614896128
936133772508004352
936133838023069696
936133901973630978
936133907975671808
936133958093373440
936134022073262080
936134062481264641
936134108215939073
936134204210991104
936134280723488769
936134296427008000
936134378241052672
936134436013400064
936134452568297472
936134512609767425
936134606067298304
936134615856803840
936134735918747648
936134755564883968
936134884917153793
936134898569629696
936134989237837824
936135028932861952
936135111464181761
936135154849996801
936135218259484672
936135387554156544
936135589711220739
936135617796337664
936135626277244928
936135679926521856
936135759433572352
936135876220014593
936135942490017792
936136031782436864
936136032118034432
936136129115492353
936136175190003713
936136210845749248
936136312448528384
936136321441173504
936136495454408704
936136545001705472
936136600601419776
936136617991049216
936136680884629505
936136767668981762
936136904659079168
936136908434018304
936136920291266560
936137145315725313
936137156002828288
936137221840756736
936137221026885632
936137398664167424
936137441001529344
936137552628797440
936137679493894144
936137723991265281
936137738646114304
936138072936407040
936138235289522176
936138439615008769
936138461668618246
936138575527206912
936138601573777408
936138783749263360
936138921876054016
936139027169927169
936139120753168384
936139269835456513
936139285182500864
936139308632862720
936139332867514369
936139351003684864
936139426639630337
936139457522208768
936139748271411201
936139765161906176
936139817808748545
936139821541658624
936139882245836800
936139903460659200
936139962352852992
936139980010860544
936140056418451456
936140119924453376
936140199058325504
936140208604700679
936140247632695296
936140270982148097
936140534434934784
936140634460704768
936140919623045120
936140929676861440
936141009481883648
936141033393582081
936141094261272576
936141098015248384
936141107141971969
936141219201273856
936141421404442624
936141453339873280
936141501700169728
936141500152537088
936141506926338048
936141516032151554
936141536567398400
936141798967316480
936141808190611456
936141834975408128
936141916491657216
936142038902497282
936142095974387713
936142124961198080
936142151594934272
936142168279920640
936142213548998656
936142254892347392
936142262542721024
936142265562619905
936142268666433536
936142307522482178
936142438997032961
936142489978855425
936142597764022273
936142730497069056
936142757214617601
936142763371966464
936142761245446149
936142767851474944
936142778572165120
936142794233647104
936142815712698368
936142867789221889
936142886218993664
936142886260891648
936142925477695489
936143096294858752
936143215455072256
936143345373663232
936143517616877568
936143791462813696
936143805685760000
936143886787010562
936143931443765249
936143950028689409
936143968697569281
936143978659045376
936144023760375808
936144023844204544
936144039233105921
936144054697517057
936144156568760320
936144197832323077
936144374672506880
936144419123793920
936144428762267648
936144444851703809
936144519317344256
936144584484311040
936144591060860928
936144657842626560
936144679107809280
936144764193435648
936144791351578624
936144824272637952
936145071128408064
936145239487762432
936145258253078528
936145374057828352
936145401761103872
936145412834111488
936145421432512514
936145475509551104
936145532912898048
936145704006930432
936145715579023360
936145825079709696
936145841676484608
936145911595569152
936145943430385664
936145997964685312
936146083364917249
936146192651771904
936146259613835264
936146274952167424
936146324394790912
936146330749165568
936146395182063616
936146425934766080
936146438249242625
936146540074332160
936146641245089792
936146692293918720
936146747298115584
936146826830532613
936146859130851328
936146870258323457
936147173531639809
936147178430521344
936147180078948353
936147198970036224
936147228674142208
936147266745913344
936147563324964865
936147566328197125
936147729536954370
936147771836502017
936147960785702913
936147986463289345
936148049998503936
936148267238346752
936148306190839808
936148308778782720
936148330656264192
936148399874826240
936148428350017536
936148507433545729
936148603416006656
936148644096507904
936148723691859968
936148800405737472
936148892730777600
936148955347419136
936149009936330752
936149013262471170
936149078295109632
936149085081473024
936149091800768512
936149096443850752
936149129067147264
936149142077890561
936149203293822976
936149310089105408
936149473734119424
936149475608944640
936149561122480129
936149625941176320
936149636670279680
936149657859837954
936149670258241536
936149710678691841
936149823140528129
936149921849315328
936150114611224576
936150130180452352
936150331943202816
936150339660677120
936150354114285573
936150391238078464
936150424645758977
936150425593634816
936150602840707072
936150643097702401
936150646457339904
936150737301667840
936150984178487296
936151057012592640
936151109869154305
936151128458387456
936151134380724226
936151263972089857
936151317357178883
936151453797928960
936151533149974528
936151565374754816
936151600048963584
936151636627546112
936151648531034112
936151720404627456
936151733578944512
936151749919899648
936151787614228480
936152000219242496
936152022151200768
936152025263493120
936152139373731841
936152178691117056
936152202296557568
936152260081586176
936152313307246593
936152347155169280
936152357422866432
936152367577251842
936152495885357056
936152517439827968
936152649560444928
936152651162701825
936152721891184640
936152827793170432
936152829416361984
936152833526845441
936152839461769216
936152840082477056
936152843811262464
936153064419024897
936153081439571968
936153139924865024
936153226122014720
936153230379282432
936153332510593024
936153376873697281
936153668348514304
936153710295740416
936153770714648576
936153877044482048
936153892987068416
936153929007730689
936154066899619840
936154159811874816
936154196067389440
936154254527614976
936154259846025216
936154470471389184
936154724033794053
936154737552101376
936154757063946241
936154790484209664
936154792728068096
936154871845318656
936154979815120896
936155001969311746
936155001738747904
936155053139820550
936155076284076033
936155154667237377
936155184258015232
936155362746687488
936155399769722880
936155481160146944
936155558444494848
936155590811881472
936155719568642048
936155725407178753
936155761322921984
936155866000232448
936155885369470977
936155892587876352
936155906496258048
936155917124603904
936156045927419905
936156069981769729
936156184326934530
936156276995907586
936156345174282241
936156433653157888
936156521037168641
936156639056494592
936156693729366018
936156750167846913
936156752999079936
936156889796268033
936156971740356608
936157154469404672
936157317787201537
936157417292824576
936157459982495744
936157472083140608
936157643516805120
936157683350196225
936157798928388096
936157851873050624
936157872697815040
936157979803574273
936158048145629184
936158122305097728
936158285849296896
936158365922799616
936158463562010625
936158548274352129
936158577080832000
936158711143391232
936158714695962624
936158715077627904
936158739752681472
936158790738685952
936158792718352384
936158867947433984
936159036977840128
936159038244638720
936159128292134913
936159284261539840
936159298748600320
936159319682441216
936159403555815424
936159453002559488
936159506723147776
936159549240872960
936159610507022336
936159642731929600
936159655553794048
936159668082302976
936159748507996160
936159771757031424
936159909967785984
936160005816045568
936160056088854528
936160063185711104
936160104260530177
936160384888827905
936160493022121984
936160625486594048
936160661226143744
936160703152574465
936160785700495360
936160851790266368
936160871130259457
936160874187972608
936160876180078592
936160921763840000
936160962285113344
936161014206300160
936161016462938113
936161090928566272
936161122318782464
936161126928265217
936161147522355200
936161272659365888
936161331446734848
936161337935310850
936161362442678273
936161383619747841
936161452074946562
936161491774066688
936161610116280320
936161640348815361
936161651199545344
936161715351441408
936161732514467840
936161838789791745
936161922935861248
936161940610658304
936162162862632960
936162184840859648
936162199697088512
936162238305628161
936162342467002368
936162367158792199
936162376679940096
936162551175548928
936162662236459008
936162811989946369
936162905229230080
936162916117520384
936162967531524097
936163039509909504
936163041397432320
936163238500356096
936163274881667072
936163326635192320
936163439420039168
936163466842386437
936163577802711040
936163589144104961
936163594047246341
936163655955238912
936163831465873409
936163956665782273
936164091164491776
936164324376276992
936164331661791233
936164566576369664
936164650831446016
936164692963266560
936164699963609088
936164857573003264
936164947930820608
936164958529781760
936165122325778432
936165177267023872
936165187903676416
936165279276691456
936165410155745280
936165416606621696
936165421522325504
936165468645265408
936165577835589632
936165621607387136
936165630352527360
936165684911976448
936165927770566656
936166027855089664
936166058599309312
936166200891109377
936166489949966337
936166505976344576
936166543876132865
936166544844914688
936166572124721152
936166630668808192
936166711002312704
936166733836181504
936166736994414593
936166800928190464
936166856624365568
936166862811029504
936166976422137856
936166992033218562
936167028922241024
936167116830584832
936167140603940864
936167141417549829
936167149177098240
936167186430939136
936167225416912896
936167490547306496
936167530053472256
936167673922310144
936167761868402688
936167776053493760
936167849147629568
936167867787202560
936167915690319872
936167928482889729
936167932505227264
936167934279417857
936168011123314688
936168026306744320
936168307580919809
936168396940603392
936168431216406528
936168719323103233
936168800344559616
936168829838905346
936168862483140609
936168865402417153
936168886801715200
936168887544147968
936168896100536320
936168914891001856
936169209889001472
936169222195105793
936169280240078848
936169332375252992
936169486650105856
936169511031595008
936169652987842560
936169673443377153
936169694440116227
936169721853915136
936169883586490368
936169934580781056
936169953656496128
936169999424770053
936170063937310720
936170065854124033
936170150633639937
936170184351547392
936170285585313792
936170358566260739
936170399586496512
936170424978812928
936170453844070400
936170520516669440
936170571171352577
936170612216778752
936170625269489665
936170638355595266
936170679837356032
936170694924275712
936170733377552384
936170903305457664
936170957999362050
936170956883726336
936170964378963968
936171032829980673
936171053684088833
936171087834034176
936171095576727553
936171117257084929
936171287076069377
936171436447805440
936171486074822656
936171510418599937
936171518379388928
936171544165998592
936171626336530432
936171704203825154
936171708410748929
936171765734264832
936171795341889536
936171807085875200
936171859762143232
936171998706913280
936172039760642050
936172287493107712
936172309878132736
936172402043650049
936172474827530240
936172522130853889
936172531714875392
936172564275253248
936172573964070913
936172643828617216
936172758635073536
936172920526856192
936172983714009089
936172993935560704
936173001061494785
936173007357300736
936173007856439297
936173020690960384
936173022775570432
936173068413816833
936173107051626496
936173124776800256
936173145207255040
936173196105183233
936173329806970880
936173365651492864
936173374094696449
936173467422089216
936173510451449856
936173610682732544
936173642312019968
936173704471597056
936173735479951361
936173748670967809
936173750885801985
936173760813633536
936173951985778688
936173970855989249
936174033351118848
936174118076145664
936174223378272256
936174231540334593
936174251647827969
936174262368468997
936174265270972418
936174272535556096
936174452110430211
936174483261489152
936174522591571968
936174557223968768
936174655005757440
936174718025023489
936174762082160640
936174778540490752
936174794822823936
936174804159356928
936174864980946944
936174917439098880
936174944295313413
936175072200548352
936175208817479680
936175225368035328
936175327084208128
936175389822550016
936175431140732928
936175467891187717
936175654877491200
936175666000777217
936175681016291328
936175686200496128
936175767137943552
936175777040789505
936175790684884993
936175869982322689
936175880933658625
936175906619609088
936175964261961728
936175977771749377
936176020931084288
936176095623372800
936176102006980608
936176113549807621
936176133414051841
936176154209288192
936176299546210304
936176328163909633
936176330336620545
936176417431224321
936176542178316289
936176553171529728
936176559404277760
936176599636070400
936176625804300288
936176633723215872
936176662726791168
936176687984922624
936176754359787522
936176759405465600
936176792003596288
936176904192786432
936176957963886592
936176972308385792
936177243465842688
936177271911485440
936177280186974208
936177297375350784
936177350433234944
936177355839754240
936177423758123009
936177575948406784
936177589793820672
936177706781364225
936177746413281280
936177868270383104
936177885827694592
936177917524135939
936177971592925185
936177990609833985
936177997744308224
936178025380507649
936178039674638337
936178051053965313
936178056124825607
936178230960279552
936178412150054912
936178467531616256
936178546359324674
936178586578497536
936178615015886849
936178699916972034
936178712114094081
936178792372080640
936178841352994816
936178889549910017
936178945770360833
936178967354183680
936178981237387265
936178984601161728
936179030759493634
936179075256913920
936179086749249536
936179153937805313
936179224985120769
936179353418911744
936179441998348289
936179582520188929
936179649348063232
936179721158692864
936179831246610432
936179887177654272
936179991938772992
936180045458104320
936180072070905856
936180189876416512
936180208574529536
936180284202143744
936180309648990208
936180513030721538
936180515492724736
936180519343181826
936180681222131712
936180689535406081
936180777372356609
936180849829179392
936180887343063040
936180921656635392
936180968356007936
936180973238128640
936181047204700165
936181255779086337
936181321914834944
936181480954396672
936181495462494209
936181511396712448
936181527863537664
936181568766468096
936181570528038912
936181625414660096
936181670662852608
936181727512465408
936181770483126272
936181928415424512
936181931749687296
936182083210358784
936182301615988742
936182319022456832
936182460257271808
936182477890183168
936182503001460736
936182664759037952
936182665446854656
936182795185123329
936182874931453953
936183022327447553
936183227743645696
936183528580091904
936183571353686016
936183575728226304
936183663137624064
936183794750709761
936183798940798976
936183831891193856
936183840061739008
936183927970115584
936184010920873984
936184287115825152
936184294199971840
936184367755546625
936184423124520961
936184463620526081
936184611830419458
936184677085442049
936184677093789698
936184683263610880
936184748745068545
936184864654725121
936184896145502209
936184948159115264
936185054820208640
936185322706219008
936185355543498752
936185519779860481
936185554873540608
936185641842479104
936185643885056000
936185689129046016
936185755646484480
936185819492167681
936185837510975488
936186232777904128
936186254399549440
936186269851201536
936186293092003840
936186322649341957
936186452530155521
936186457773019137
936186516530978816
936186558343991297
936186585707630592
936186600844877824
936186741974880256
936186796643250177
936186805010931717
936186827332927488
936186835608276993
936186846983442433
936186858031210498
936186874019962881
936186958262489089
936187001291886592
936187049677266944
936187098666807297
936187099556077568
936187124616957958
936187145160679424
936187185283371008
936187222990213120
936187220603686917
936187240203550720
936187273254752256
936187341609361408
936187344130109440
936187362123681792
936187402435137537
936187481980133376
936187529123987456
936187567837450240
936187694887112705
936187789498093568
936187808406016000
936187819311198208
936188021094875137
936188050350202880
936188092519677953
936188123859636224
936188133879803904
936188157502115840
936188166381416449
936188186010816519
936188214242697216
936188288586715137
936188318798241794
936188329648971777
936188338733592576
936188343494365184
936188350016319493
936188353950769152
936188530044305409
936188531310985217
936188567893749760
936188576185896960
936188582162784256
936188604036108288
936188624642695168
936188720516161536
936188740933963776
936188797334802432
936188885113167872
936188936296296448
936189034786902017
936189042835718144
936189047017541632
936189090361462784
936189270842335233
936189393517375488
936189444075524096
936189511851298816
936189519786926080
936189529278558208
936189613579915265
936189621884653568
936189767510888448
936189768253263872
936189786150391810
936189791338627073
936189930916761600
936190050676723713
936190146101350401
936190273243287554
936190279224262656
936190322564042752
936190367204069376
936190381305270273
936190391023558656
936190438335307776
936190577691021314
936190577388998656
936190579700064257
936190582044680197
936190587648266240
936190811980656640
936190860160417792
936190933195948032
936190955711025152
936191010530643968
936191145863983104
936191360243204096
936191379864276992
936191395374669824
936191422734262273
936191556792606720
936191559690747904
936191565415972864
936191689697431552
936191810376032256
936191849169080320
936191865287823361
936191873219166208
936191892785647618
936192010901446657
936192065116962816
936192223322001408
936192263084040192
936192436212289537
936192656396480512
936192668832555009
936192703473299456
936192767121936384
936192808863633408
936192840983511040
936192868594716673
936192987561975808
936193100623486976
936193100288004096
936193119477002241
936193326310744064
936193606670602240
936193625599258624
936193636647276544
936193775327760384
936193888473186304
936193912313704449
936194395371724800
936194496047599617
936194604826755073
936194613953613825
936194615732002816
936194786708590593
936194848549371904
936194864097529857
936194894821019648
936195028501884928
936195095866552320
936195229773950976
936195402021224448
936195418429448192
936195543948234752
936195552030621696
936195553507074048
936195570842132481
936195589158694913
936195608980918275
936195618674012160
936195622394302464
936195638848557056
936195657878196224
936195674361810944
936195710869016576
936195728329859072
936195736227778561
936195784210636801
936195785485635584
936196075416903680
936196092324085760
936196407794503681
936196635423592454
936196656223211520
936196697843048448
936196854328545281
936196874628947968
936196909164883969
936196933890265089
936196987149529088
936197097052868608
936197119760896000
936197134566731777
936197165042593797
936197166640631809
936197226447163392
936197299398639616
936197490176659456
936197505578127361
936197511534071808
936197534908809216
936197566374572032
936197638436937728
936197724680216576
936197760101044224
936197877570899969
936197898710241280
936198015555121153
936198123520655360
936198132358148096
936198142105739264
936198152192917504
936198175622344705
936198178776535040
936198203220914177
936198246686437376
936198269612560384
936198285781536771
936198319705116672
936198324583063552
936198383320162304
936198467961139200
936198468091219968
936198515134550018
936198672655765504
936198730360991744
936198746081255424
936198882710736897
936198918441926656
936198940160077825
936199088026144769
936199128966672384
936199160277143552
936199169139716096
936199206712348673
936199390900998145
936199418843451393
936199423104864256
936199582396141568
936199649878331392
936199772909826048
936199839435644928
936199912059838464
936200134492282880
936200331003858949
936200346015272962
936200359130882048
936200530459856896
936200632490487809
936200638106652675
936200800052875264
936200828012122113
936200899847999490
936200994144350208
936201156736450560
936201233739771904
936201270293082113
936201278811787264
936201291184910338
936201418096209921
936201436999897088
936201451524718592
936201487675461633
936201490917658624
936201770728124416
936201831562215424
936201851837599745
936201897534541827
936201911920771072
936201943206199297
936202150492983297
936202170654916613
936202202900762624
936202426281091072
936202466999357440
936202642178695168
936202701523865601
936202790447304704
936202855173763072
936202959842676736
936202976376520704
936203062900871168
936203155397898242
936203162335240193
936203163203276800
936203164381954048
936203173781368833
936203176050679808
936203286226620418
936203323430047745
936203356447690754
936203380854272000
936203440929296386
936203461183655938
936203570470322177
936203581929263104
936203627240312832
936203735759454211
936203852830920704
936203893914132480
936203916852760577
936204105227423744
936204126739976192
936204258550181889
936204342654316544
936204416432123904
936204450875678720
936204452008288256
936204466285568000
936204491799408640
936204560917565440
936204612708765696
936204763309461504
936204767524683776
936204801238556672
936204832188362752
936204908944154624
936204910546255873
936205131686785025
936205165295742976
936205190583250944
936205222686359552
936205233507782656
936205266432950273
936205433882251264
936205437363523584
936205498277392384
936205579558760448
936205610198142976
936205678582124549
936205731409334274
936205790637121536
936205873021640704
936205903870742528
936205967380963330
936205994769747970
936206112789028865
936206148604252162
936206177691717634
936206240283267077
936206313796919296
936206394595954689
936206421334659072
936206449662971904
936206450103238657
936206627761475589
936206663236898817
936206684900511745
936206787044397057
936206808867368961
936206861182885891
936206865666596864
936206933207461889
936206934075695104
936206935866691590
936206948361560065
936206951268134913
936206981806911494
936207037033263104
936207048601145345
936207074500988928
936207121997287424
936207254277246978
936207264360394752
936207305057632257
936207432099024896
936207437899681792
936207484422901760
936207497093877762
936207648655138817
936207697606791168
936207812362948609
936207996346159104
936208095512023040
936208193625251841
936208221756379139
936208266274713600
936208343328321536
936208369580478464
936208375423143939
936208425649885184
936208426757214208
936208442896863238
936208458491285505
936208488866426882
936208503865270273
936208514015481856
936208545179226113
936208561901850624
936208624443109384
936208624808005634
936208675059978240
936208755833831425
936208952114769921
936208981235765248
936208980891770880
936209103780765696
936209150505349121
936209180175818753
936209410032111616
936209411743408129
936209414733869057
936209477463879683
936209513803370501
936209552672002048
936209629322850306
936209691817992192
936209729289904129
936209839390445569
936209869748752385
936209901386334208
936209953886482432
936210009498816512
936210085684043776
936210119423127553
936210310192615424
936210412793663488
936210441692467201
936210605282856965
936210720492085248
936210741245378561
936210792093011971
936210868953600001
936211015561306112
936211086164021248
936211116878942208
936211135577186304
936211160575115264
936211172268765185
936211338052939776
936211416356478976
936211442738647040
936211467883417601
936211477605896192
936211658950742016
936211700268912641
936211742690107392
936211791251636224
936211799325790210
936211811178860544
936211866992496640
936211994335760385
936212058193956864
936212154029674496
936212162510557185
936212175743483904
936212176485961729
936212191476375552
936212405188812800
936212503729786880
936212539825885184
936212562231922694
936212635569098753
936212782554501120
936212797159104517
936212951794683904
936213153104482306
936213307849048064
936213330116665345
936213372256874496
936213373196361728
936213407782592512
936213423091744768
936213439286005761
936213445745274882
936213484525752325
936213499352682497
936213503236386816
936213514036768770
936213651043831809
936213696917000194
936213798007877632
936213806690263040
936213876525453313
936213947241435136
936213958205280258
936214002392272897
936214017714028550
936214029831417860
936214219938295808
936214392382853125
936214483000840192
936214484754075648
936214486461173760
936214491381018624
936214502584016897
936214553096007680
936214589309628416
936214954465689600
936215013840375808
936215101715206144
936215188147245056
936215192601595905
936215211136159747
936215253226065921
936215255566385153
936215271475425280
936215291985649665
936215435233628160
936215485556936704
936215609800626176
936215630046474240
936215693523144705
936215747717672960
936215790457688064
936215846594207744
936215983458484224
936216021576364032
936216076714639362
936216105324032000
936216174983041024
936216184126627840
936216194809548802
936216203978297344
936216268474081280
936216314103910401
936216413643137025
936216474477383680
936216496274997248
936216538914410501
936216552512393219
936216645458161665
936216653079240705
936216746079457280
936216809644142592
936216832524111874
936216855332753408
936216859849973762
936216913818062848
936216954632884224
936217094001188866
936217167846100992
936217415293329411
936217439016308736
936217480107720704
936217652652949504
936217739798171649
936217808333148160
936217881347543040
936218003930312705
936218006581018624
936218038709379073
936218218812858368
936218266959335424
936218268565635073
936218444470669313
936218470777282560
936218555133124609
936218569259585538
936218691569618944
936218710599176192
936218779381649409
936219049998024707
936219382547664896
936219453976694785
936219519852392449
936219670251819008
936219695811846144
936219900514668546
936219954730405889
936220084560891906
936220143545470976
936220149467709446
936220155918651392
936220157805936640
936220237581701120
936220248071720960
936220446453878784
936220642395021313
936220706316136449
936220779343155200
936220781566152704
936220793104629760
936220818513776640
936220890639093760
936220927137902598
936220960641908736
936220969089339395
936220980707512320
936221073317744640
936221161515569152
936221163776364544
936221255132434433
936221298283503616
936221303643820034
936221331145789440
936221483067723781
936221526692638720
936221646603608065
936221809694912513
936221854196535297
936221994709905409
936222022732001285
936222034765398016
936222044584280064
936222086149918720
936222096207773697
936222110946643968
936222116822880256
936222124775297024
936222149706166272
936222180999860224
936222316337381377
936222341813727237
936222352656027649
936222372595675136
936222446398603264
936222542536368128
936222781494226944
936222790440636416
936222832048164865
936222847281836034
936223046414856192
936223088143929344
936223202795249664
936223217966047232
936223287994212353
936223334320177152
936223535768522752
936223574771220480
936223578793627649
936223577535369216
936223600553742337
936223723144859649
936223906968625153
936223970688487424
936224054503198720
936224085801144320
936224212334923776
936224327112056833
936224424826687488
936224455629705221
936224464320319488
936224578829012993
936224641529589761
936224673129525249
936224719552040960
936224742121660416
936224770235994113
936224799344427008
936224830323556354
936224861504049153
936224879782825984
936224914457202690
936224917045043203
936224955913719808
936225098478112768
936225208796614656
936225241529044993
936225330540568576
936225394621022209
936225405467529216
936225446689169413
936225575517204480
936225600632774657
936225601979142144
936225627212075009
936225945073184768
936226012769280000
936226017932439557
936226052640256000
936226109024342017
936226169241956352
936226294567710720
936226305984606210
936226357461299201
936226426444972032
936226465913475072
936226474998321152
936226560302108672
936226562495713281
936226590979252225
936226806885216256
936226857665445888
936226871888379904
936226872802897920
936226873926914048
936226886786596866
936226922283130881
936226940503101440
936226943422353408
936226956168790016
936226992244043776
936227059428454402
936227077875032066
936227297048350720
936227345819668480
936227402438664192
936227402899951616
936227422072180736
936227487335542784
936227497959620608
936227503714308097
936227574321172481
936227579853492224
936227675714347008
936227928517627905
936228044284579841
936228082343481344
936228082586923010
936228083832537088
936228085199802368
936228160005398528
936228178753880065
936228196860727296
936228212849479680
936228291744272386
936228321712631808
936228337076326400
936228465854091264
936228510674440192
936228533847904256
936228609190256643
936228616589004802
936228659735777281
936228703381704705
936228718481113088
936228764387856384
936228827679854593
936228914489380865
936228930830458880
936228942536675328
936228966184177669
936228993963036672
936229140692439040
936229161403895808
936229373937684480
936229442032230401
936229478363271168
936229485728452608
936229500060389376
936229586702163968
936229602187456513
936229671519186944
936229709200941057
936229772224552961
936229847759753216
936229880496250880
936229908203831296
936229923131416577
936230026491686912
936230090870083584
936230144921997313
936230289512255488
936230346538078208
936230394390810628
936230436673609728
936230507028852736
936230596375752705
936230599806930944
936230600880672769
936230696011649024
936230699232874496
936230779746734082
936230812311261184
936230814634868737
936230827331072000
936230912253202432
936230941038731264
936230981891248128
936231116574375936
936231151382999041
936231169858916352
936231181921734658
936231211491581952
936231251324805122
936231342421037056
936231355691790336
936231482187829248
936231497308053504
936231612689408002
936231624173326339
936231742993764352
936231765357813760
936231826087178240
936231871003979777
936231937936625664
936232007071420416
936232039916949505
936232050444636160
936232101455769601
936232135681298433
936232181856423936
936232288542777351
936232347770523648
936232363247448065
936232392460853248
936232499323207680
936232520739377152
936232749760950272
936232753909166080
936232755746177026
936232787883036672
936232852068462592
936232952614223872
936232979873005568
936233069547343872
936233228859473921
936233295016288257
936233337080963072
936233352281149440
936233372111732738
936233376192876545
936233368236126208
936233425702449152
936233604283289600
936233622478172160
936233787024969729
936233794272681984
936233877122768896
936233918289850369
936233936870555648
936233955820539910
936233976167092224
936234080189939712
936234111341080582
936234174821883906
936234304094572544
936234334138372096
936234360222638080
936234420813680640
936234502699003909
936234627139801088
936234627756363777
936234723000705024
936234790294114306
936234827967234049
936234893125722112
936234904156868615
936234920728518657
936234951778988032
936234972956053504
936235032103886848
936235223230111744
936235248433680385
936235264036474885
936235370911600641
936235392461934593
936235400061947904
936235414008057858
936235452838891520
936235508732190720
936235544861925376
936235608267137024
936235619436650497
936235641821577217
936235653796331521
936235653439791104
936235655033753605
936235841193758720
936235879902928897
936235925692174346
936236004641591297
936236064313888768
936236087948861440
936236279229972480
936236360674967552
936236476391620608
936236510176739330
936236558587490305
936236811508178944
936236894253473793
936236896547688450
936236924213264384
936237006623051777
936237087543693312
936237098910273536
936237135480475648
936237137363718145
936237135040077824
936237321778692096
936237376208334848
936237423637549057
936237426783195136
936237449814167557
936237515194949632
936237564759076864
936237567229480962
936237631117168640
936237716798427138
936237731746807810
936237773517938689
936237826420682752
936238033640226816
936238081862176769
936238100635930625
936238165068861440
936238221205352449
936238273369952256
936238317028462592
936238339262435328
936238387090124802
936238454329040899
936238477720674304
936238686051684352
936238793241358336
936238917363355649
936238931267522561
936238965518225408
936239177385107458
936239221341343744
936239410600972294
936239516679106561
936239703208185856
936239762763059201
936240049225699329
936240165961441285
936240241232547842
936240330323779584
936240367506206720
936240386854572032
936240461014011904
936240498427203584
936240749259247616
936240807107006464
936240882180853760
936240926879551488
936240931631661056
936241020676853760
936241134157877249
936241139811848192
936241139543412736
936241170514145282
936241394057908224
936241478678007809
936241481018462208
936241610173513728
936241651009445888
936241678880567297
936241695603216384
936241893977083904
936242124684759042
936242151129845760
936242171950321670
936242200274526208
936242203386699781
936242254955581441
936242265755922433
936242269069500421
936242291752296451
936242331690381315
936242344374034432
936242469385244672
936242515421868037
936242558514225153
936242653410332672
936242719369973760
936242739477442561
936242908369387521
936242932079845377
936242928137195520
936242928006991872
936242943459053573
936242974094176256
936242992695754753
936243073067216897
936243130042585088
936243299488272385
936243311693697024
936243321961369601
936243332359081984
936243351225012226
936243381495320577
936243403955818496
936243428383477760
936243430388355074
936243585288204288
936243753274298368
936243761310466050
936243815316377600
936243921209974784
936243938419077120
936243979967967233
936244469111840769
936244471741714432
936244513181437952
936244557095882753
936244559448870912
936244679389143040
936244687291207680
936244702084583426
936244791385477120
936244833374605313
936244872633253891
936244913515171841
936244917801713664
936244936273547265
936244979520954368
936245116527939584
936245131111469056
936245192054726656
936245427292295168
936245469449281536
936245607429271553
936245660902461440
936245768809271296
936245907644968962
936246058488942592
936246195604873216
936246206824665091
936246239087251456
936246407081623553
936246410315485186
936246493824126977
936246538325684224
936246544596176897
936246626808721408
936246703539326976
936246757842980865
936246772841803777
936246773491879936
936246798049562624
936246980468146176
936247028937641984
936247081878151168
936247106255417349
936247115159887873
936247123296903169
936247243530792960
936247245892149249
936247262208057344
936247358312140800
936247385642160128
936247497126760455
936247522330365952
936247563451273225
936247713972109313
936247719278018560
936247736265035776
936247776777834496
936247781970399232
936247883518668801
936247974442819585
936247977265463296
936248005572878337
936248028658307072
936248063462662144
936248171310788609
936248221432778753
936248453767741440
936248460730404864
936248460868833283
936248459828400128
936248462160613377
936248464568147968
936248481517359104
936248547795767297
936248597988958208
936248723679608834
936248746186301441
936248776574099456
936248782467031040
936248892177485824
936248981918756864
936248994740785152
936249002693193728
936249020493660160
936249037144993792
936249082535870466
936249109354344448
936249137766559744
936249221526769664
936249267051745283
936249407686750208
936249415739887617
936249462212775937
936249580978663424
936249589279199232
936249617355853824
936249704622575616
936249716454588416
936249719453552640
936249863108427776
936249884386226177
936249925297467392
936249964962992129
936250081392644096
936250082411892736
936250101990862848
936250109049831425
936250190499143681
936250201626562560
936250246056865792
936250411077562368
936250428865568770
936250471228100610
936250526626406402
936250628371869696
936250751277559808
936250775860318210
936250805459365888
936251079393718272
936251153733636097
936251179289530368
936251207097692161
936251449671110661
936251466729361409
936251473972879360
936251702197538816
936251711567618053
936251712163209216
936251821219250176
936251949015617536
936251967332126720
936252018016112641
936252119061008385
936252145590067200
936252166536392704
936252192599760896
936252265798733824
936252352104947712
936252391170691078
936252475136462851
936252525392646145
936252613326237696
936252676672774144
936252677218021377
936252679709446146
936252729676189696
936252739528642560
936252827176927233
936252842142298113
936253005657268226
936253157499441153
936253267150913537
936253280996417536
936253294757810176
936253303201189889
936253374172991488
936253447271321600
936253490191585281
936253645443796992
936253646760828928
936253698589757441
936253822955122688
936253835068272641
936253873202843649
936253876839202817
936253970363944960
936254056254922753
936254496291868673
936254530513227777
936254551409221632
936254582698766336
936254671924101122
936254719772774405
936254745970278402
936254749812412416
936254755302764544
936254804107649025
936254859615129600
936254931044093952
936255033112518656
936255174372417539
936255200347770888
936255270333898752
936255324230742017
936255376789573637
936255551566172161
936255569790427136
936255659657650176
936255725990481920
936255792155635712
936255812510670850
936255834996264962
936255951824457728
936256008430682113
936256010406256641
936256015246528513
936256059714482177
936256067855683585
936256071953461253
936256270264406016
936256438275538947
936256483951562752
936256537068232706
936256559524597760
936256623630258176
936256781231280129
936256867474591744
936256875477250049
936256899384795139
936257013398560768
936257075600007168
936257191673319426
936257260417888256
936257277031518209
936257316457938944
936257423622459392
936257487791185921
936257543369719809
936257563993128962
936257625766981632
936257686429229056
936257862438879233
936257889513213952
936257894021963777
936257915450687488
936257936938151936
936258129834266624
936258260969119744
936258456180396033
936258520017539072
936258590612054017
936258606231642112
936258692491743232
936258720266366978
936258867754872832
936258959450824704
936258968091090945
936259134231580672
936259153177333760
936259292197351425
936259333125533696
936259482388193281
936259556128317440
936259747250163713
936259854880174085
936259889999073280
936259974325346307
936259989760626691
936260175605960705
936260208199860224
936260281793052672
936260320695332864
936260322775748609
936260447631798272
936260550744559616
936260605715066880
936260643451211777
936260728679518209
936260798401347585
936260809633730565
936260849483894784
936260858707107841
936260876847517696
936260913962934273
936261017151172609
936261037334069249
936261046762921987
936261126945427456
936261431644839936
936261511798050816
936261544102563840
936261560841981959
936261713556594688
936261759450730496
936261817831112704
936261825628323841
936262050988396544
936262128960499712
936262226402598912
936262235307077633
936262244802924546
936262291422629888
936262298775248896
936262463900848133
936262466132172801
936262495077126144
936262596793131009
936262617076785152
936262696151994368
936262827916046337
936262863609651200
936262929476915200
936262939098492929
936263026411438083
936263055733911553
936263170242547714
936263221874495488
936263362631041029
936263415533916161
936263426548039680
936263506164363265
936263557414494208
936263571125743622
936263598267142144
936263706043928577
936263730685386752
936263823840956416
936263836906205184
936264128573911040
936264175516639233
936264196345475072
936264204062949376
936264343615918082
936264348841988096
936264398531948545
936264425887150080
936264451598225408
936264511392231424
936264714342019073
936264803768786944
936264828871696387
936264944835850240
936264982307770368
936265170518790144
936265337217134592
936265339062677504
936265489596248064
936265536710889472
936265564917587969
936265600648798208
936265657750097920
936265942643875840
936266012961525760
936266094284886017
936266280620974080
936266307300929536
936266341366996994
936266352209248262
936266356613267457
936266370618048513
936266482329292802
936266625308913665
936266638822912001
936266657407864832
936266688043147264
936266730346819584
936266731416367111
936266746163597313
936266763024654336
936266881656410114
936266895598280704
936266952284176385
936267030206001154
936267081212989440
936267295101476866
936267327619977218
936267337942085632
936267339565322241
936267354941648899
936267399887753216
936267412088946688
936267418669846529
936267437498093568
936267489394249728
936267584453922817
936267610215284736
936267705052729344
936267707670061057
936267844857335810
936267851144495105
936267901329387520
936267901195161600
936268209212350466
936268262932754432
936268300429950976
936268353450082304
936268382827089921
936268470299357184
936268586674413568
936268619805159424
936268769571344384
936268816191016960
936268831512809478
936269050635792385
936269076158210048
936269140238766081
936269208282902529
936269377204342786
936269389200084993
936269423832436737
936269517587697664
936269627394547714
936269730385727488
936269759838085122
936269812807946240
936269851223617536
936269851974389760
936269854671364096
936269908480061441
936269965916889088
936270032132345865
936270163812470790
936270376744579072
936270408386514945
936270422437515267
936270534949658625
936270669628760066
936270746820759552
936270759420481536
936270849673498624
936270964228349952
936271002954272772
936271128456253440
936271131014762496
936271306705817603
936271311952924673
936271691117887488
936271763746508800
936271889227550721
936271942344151040
936271948874739717
936271982110310402
936271983494430721
936272250315182086
936272291914186757
936272316518027264
936272338882097152
936272400768995328
936272423065878528
936272442795986946
936272454191927299
936272465646510081
936272488388014080
936272595799937024
936272627982897152
936272661767958529
936272802595917824
936272835403796480
936272872481357824
936272895684349952
936272944598220800
936273012114018304
936273079885590529
936273124848492545
936273245095022593
936273404298227712
936273483339894784
936273620124479490
936273626210492416
936273624151089152
936273762030366720
936273767055151104
936273771522068482
936273909195960320
936274097176305665
936274099227283457
936274109452947456
936274113487917057
936274150334836736
936274195121504256
936274378051989505
936275021588258817
936275160730099713
936275169944805376
936275185170132992
936275274085355520
936275520068685824
936275537361817600
936275634476802049
936275803737853953
936275945262075904
936276075046494208
936276141253562368
936276143451312129
936276340910841856
936276351144865792
936276366005358592
936276371692834817
936276839659724804
936276895695560704
936276951039467520
936277106992050178
936277204220174337
936277287472943104
936277400366862336
936277411808923649
936277413138333696
936277480205438976
936277601815027713
936277612237815808
936277725995847681
936277852953116673
936277904270512128
936277917549694977
936277992963301376
936278033190805504
936278053231009792
936278160773124097
936278545348907009
936278586000052231
936278663104000000
936278673963003904
936278691486818304
936278803084693504
936278938736832514
936279161831854081
936279179473154048
936279458889322496
936279547112230912
936279682500177920
936279691010351104
936279702011985920
936279714263572480
936279724048945152
936279728125657088
936279734606028801
936279826155163648
936279833817923584
936279917532188673
936279936075264001
936279941230022661
936279981327634432
936280048243441664
936280048298020864
936280080992612353
936280162194329601
936280193454526464
936280234575450112
936280318507737088
936280343136690177
936280538016571392
936280633453809664
936280669822636032
936280693709180929
936280701942591490
936280890782699520
936280924097880065
936281005677338625
936281149768437765
936281217011519489
936281273148100610
936281283470200834
936281301371547648
936281371156283392
936281607857729539
936281620746788865
936281623632498690
936281649884606465
936281733493854210
936281796358082560
936281814250999809
936281853404827648
936281940520554502
936282137778622468
936282169697341440
936282186747121664
936282385603276800
936282401067683841
936282432835383296
936282434848600069
936282439080710146
936282635390857216
936282812679942144
936283017039024129
936283030435565569
936283189391147013
936283194428678144
936283227031003136
936283236589817856
936283438893748226
936283684608585730
936283685497724929
936283696105246720
936283920164839425
936283937332109313
936283978461601793
936284166727102465
936284306984579072
936284316304322567
936284379873234944
936284661134823424
936284739182395395
936284856367177733
936284888138960896
936284912684068864
936285081777397760
936285150119383040
936285151507738630
936285182562324481
936285248291295232
936285440042205186
936285482262020097
936285799649333249
936285827310735361
936285849548935169
936285980637782017
936286087135232001
936286157620547586
936286211060195328
936286211022262273
936286217133543426
936286501893177346
936286547871137792
936286708877938688
936286802780086272
936286886347276299
936286920136675328
936287163414695936
936287402771075074
936287504545742848
936287618156949504
936287717612191745
936287776449933312
936287847803441152
936287997535731712
936288017265725442
936288028644999170
936288030532427776
936288155065573377
936288525565288450
936288595236802560
936288696055111680
936288699196825602
936288723561533445
936288725906214913
936288726929629184
936288728548552704
936288790837989376
936288867585527808
936289346281525248
936289728193757187
936289727434645505
936289987292749826
936290369817534464
936290506711150592
936290894591987714
936290982013947905
936291010178682880
936291132346195968
936291142181769216
936291438282846208
936291608831643648
936291796795174913
936291935752523777
936292286928949248
936292337315172352
936292370445946880
936292455938449408
936292502595932162
936292529300840449
936292550100508672
936292563698442240
936292632707334146
936292673270566912
936292922567413761
936292973259747328
936292980528476160
936293001407680514
936293149667938304
936293197130731522
936293247391092737
936293262540673024
936293335429472256
936293353762598912
936293450680623104
936293458024812546
936293629307518976
936293768160055300
936293856672395264
936293874775060481
936293930450194432
936294283275112449
936294389462204417
936294567095267328
936294759215312897
936294949729067008
936294971195514880
936295015151755264
936295108537995267
936295147918290945
936295172299730945
936295352445087745
936295559840849921
936295657069056000
936295736995663872
936295740082741248
936295836635541504
936295915891101696
936295923826790401
936295951425331201
936296020618678272
936296075929022464
936296327809503233
936296404074590211
936296835022548992
936296853557186560
936296857403314176
936296921882353667
936297027041931264
936297048478846976
936297051817525248
936297067521048576
936297081727172608
936297109241950208
936297287235592194
936297367971815424
936297534816997379
936297536557641728
936297537912360960
936297543323062273
936297649719869446
936297862400528389
936297958928039937
936297982038892544
936298003471716358
936298049227419648
936298068059795456
936298070186385408
936298073332043777
936298106676801536
936298378799009793
936298395760840704
936298467152023558
936298469869936640
936298563298119681
936298676485533696
936298693447307265
936298793917714434
936298797747064837
936298875924766720
936298881998098432
936298883617054720
936298935416754176
936299017201487874
936299065259806720
936299068749434881
936299172483031042
936299181936926721
936299189176360961
936299670212620288
936299737526996993
936299851263782912
936299934353108993
936299951583350784
936299961276395520
936299989122330624
936300186388836353
936300278856417281
936300302243856384
936300518472904704
936300673511063552
936300786551803904
936300805161996288
936300828817846277
936300939358736388
936300982509719552
936300993200971779
936301131814359040
936301323833827329
936301337565732864
936301356046077952
936301548732387329
936301560635805698
936301805251842048
936301859173748736
936301899225227264
936301988442181633
936302110861398016
936302287898673160
936302313404219392
936302388880859137
936302439480942593
936302504899502080
936302591775932416
936302798106497026
936302830675222529
936302859183906816
936302959213805568
936303241075347456
936303307701850118
936303508923576323
936303608030691328
936303629757243392
936303682098024448
936303760435023877
936303819805396992
936303830785982464
936303880270503937
936304104367951872
936304163868348416
936304212237053953
936304251478867968
936304254129725442
936304265513066497
936304316129972230
936304383008100352
936304573781864448
936304590168891392
936304598628708353
936304623840911360
936304625560510464
936304631147384833
936304665309995008
936304809539440645
936304831194640385
936304847846035458
936304919296036864
936305056219004934
936305084077690882
936305138255491078
936305187555340289
936305235806621696
936305246380478465
936305389423026176
936305516657172480
936305574538555392
936305595459792896
936305623452528641
936305626904449024
936305706856218624
936305850624495616
936305913559961605
936305914545664000
936305954072793088
936305976730202112
936306043335970816
936306056359276545
936306103150960640
936306103712858112
936306110532857856
936306113942765568
936306142174695425
936306154069741575
936306193013886976
936306231949524993
936306242225688576
936306286987300864
936306349725683712
936306394051039233
936306429014822912
936306439232028673
936306466746716160
936306508312268800
936306510543687680
936306571088486400
936306597260865543
936306608602263552
936306670216638464
936306714445537280
936306734557167616
936306746225840128
936306778664505344
936306819085070338
936306853130194946
936306887460642816
936306925880430596
936307019530817536
936307062216253442
936307071611555845
936307171998003200
936307178159398913
936307252318830592
936307295415390209
936307396040953863
936307572155600897
936307584927260672
936307598118281216
936307599737344000
936308085735542784
936308114638307329
936308152177479680
936308218036412416
936308269731188739
936308278715437057
936308364811874305
936308547536728065
936308644081217537
936308643691139072
936308700431732736
936308726268596225
936308795067850753
936308802198102016
936308828869668864
936308858850603009
936308976374960135
936309315656404993
936309513858240512
936309659090280448
936309738710749184
936309899335815169
936310031888343045
936310061886070784
936310121243832320
936310120673357825
936310131725340674
936310151052759040
936310159860731905
936310187257946112
936310356670115846
936310638346825728
936310731418595329
936310775450427392
936311026160668673
936311126375223296
936311175092072449
936311213507694593
936311443103932416
936311620724240385
936311629695848448
936311772054736896
936311899704016897
936311919610384384
936312118806286336
936312182802993152
936312261446119424
936312279754313728
936312388848115713
936312457206882304
936312529860644865
936312946891862018
936313117163827200
936313191092703232
936313296659124224
936313336043593734
936313381757292544
936313472643686403
936313482001166338
936313509591339009
936313511470419969
936313591665446913
936313637953851392
936313644220116997
936313813556781056
936313903545450496
936313932578545672
936313948625829888
936314099666911232
936314226204921859
936314391494094848
936314423781847040
936314425430200320
936314527175634945
936314567830929409
936314719648010240
936314745480794112
936314756625063939
936314908060372992
936314920454340608
936314924120207360
936314932370575362
936314935251845122
936315026557820929
936315052067573760
936315144996564992
936315219210588161
936315250206560256
936315320972857345
936315372302749696
936315403877404678
936315419425570827
936315430456758274
936315436446052353
936315454548783104
936315576246513666
936315589844455433
936315609155096576
936315754173075458
936315776700764162
936315805809160192
936315988903190528
936316004518514688
936316090627522561
936316102870753280
936316227265400833
936316411659653120
936316426947907584
936316451450966016
936316744297218048
936316779428745216
936316898786070528
936316937776369664
936317027597389824
936317087131357187
936317161857060866
936317166311354368
936317222133403648
936317464111210497
936317667287453696
936317669132898305
936317670454161410
936317711529009154
936317837240602625
936317840688340992
936317919360966656
936318149347233793
936318497075945474
936318530089377793
936318599874170884
936318606283018242
936318744716070913
936318917760266240
936318925125636099
936319086698680320
936319135335755776
936319169481596928
936319236376580097
936319456069996544
936319455759495168
936319472280805376
936319499405594626
936319703433302016
936319987823804417
936320082883612673
936320316414070788
936320338937425923
936320500179128320
936320519334449153
936320561604685829
936320701484748805
936320951633006592
936321023972126720
936321042255147008
936321219321790464
936321339748749312
936321346639933440
936321469574975492
936321708151144448
936321867249520640
936322038238732290
936322072636198917
936322084883529728
936322086989189126
936322101392310273
936322294770782208
936322536605913088
936322701395980289
936322716600332290
936322788033486851
936322860720771072
936322914131087361
936322965473497088
936323112890720256
936323178166702080
936323250417815552
936323265181638656
936323320118693894
936323471273005056
936323471239413760
936323550105006083
936323612382031872
936323724717912064
936323910194298886
936323960517443584
936324002141888512
936324057284403203
936324674954387456
936324732710014976
936324910208765953
936325064080969728
936325323251179524
936326323202658305
936326550449999873
936326732323414017
936326757975719936
936326785838575621
936326806872952832
936326822563909634
936326889525927938
936327053242232832
936327166207447040
936327294683054080
936327315746934784
936327333211987968
936327506608697344
936327559607930883
936327736192327680
936327892891467777
936327991189262336
936328085741371393
936328111284768769
936328207330050048
936328234643476480
936328279786582016
936328439044493313
936328461173579781
936328660033863680
936328673312960512
936328839072026624
936328908772954118
936328984677240832
936328996073164800
936329017594187777
936329059839115266
936329092764454912
936329098351333376
936329111538208775
936329370330894336
936329450345689090
936329542645534720
936329583170850816
936329613403475973
936329679610445828
936329704826638336
936329853552529408
936329932258541572
936329968937730048
936330019290435584
936330095077228544
936330292029161472
936330440532811778
936330759635337216
936330760423923712
936330770427400199
936330986937253888
936331042977386497
936331197050966016
936331229405810689
936331337073643521
936331511045017603
936331796144377856
936331980513382401
936331998989357056
936332062524571650
936332154056953856
936332224626085888
936332322286206977
936332343341670402
936332366334873600
936332402816901120
936332657625051136
936332738256343040
936332741473431552
936332765687099400
936332768832884736
936332780518207488
936332798687772672
936333155870629888
936333238527766528
936333300620197889
936333359562752000
936333358619078656
936333367771004928
936333444191281155
936333647887691776
936333770642411521
936333865014013952
936334019691659264
936334073986940930
936334164588204032
936334498429636609
936334557447704576
936334723563118592
936334777963118592
936334792626335744
936335286883241985
936335412896849920
936335640614055936
936336090226675713
936336106513190913
936336317088256000
936336389112778753
936336431873708032
936336442044964864
936336612816052225
936336680763711489
936336766751133698
936336978416689153
936337073061036032
936337121853374464
936337134201507840
936337169190391811
936337229601038336
936337559420112897
936337579074572289
936337742824394753
936337810377904129
936337895656443904
936337960173228034
936338063671820288
936338077139787776
936338103723266049
936338229837619200
936338230626213891
936338364516765696
936338391708430336
936338422087716865
936338691487825922
936338759142002688
936338791018717184
936338814146097152
936338834610118657
936338848258383873
936338860849713153
936338945432047617
936338980429352960
936339055280828416
936339056983724032
936339057445044224
936339357539192833
936339410085433345
936339834851004416
936340262510563328
936340321025355776
936340373668057088
936340495000920064
936340543684202496
936340755609776129
936341002532552711
936341058744733698
936341127837478912
936341197035106304
936341226927902720
936341281902612482
936341347547648000
936341408327315456
936341569770348544
936341578217598976
936341600896139264
936341624786796544
936341683561787392
936341863224799238
936342181052338176
936342350426763265
936342390679490562
936342455900831745
936342586331205633
936342636780228608
936342731038908416
936342919434395648
936342927999164420
936343107897053184
936343215686475776
936343298578485250
936343471325110272
936343492032450561
936343611716853760
936343673477967873
936344084490289152
936344090991628290
936344195803107328
936344578382336000
936344920549412866
936345076904677382
936345096571760642
936345098840870912
936345286573772800
936345371286147072
936345371403358208
936345471387348992
936345514483863553
936346103699648513
936346116131450880
936346218887827456
936346302300020738
936346360848240641
936346412060741634
936346598900199424
936347115600728064
936347143908024325
936347333830283264
936347389870460928
936347475623006210
936347549849538561
936347869505826818
936348153367932929
936348619736829952
936348887631118336
936349074755870720
936349120629035008
936349280951922688
936349369015644160
936349602894184448
936349837276139520
936349963721822208
936350166101188608
936350336129871872
936350660320038912
936350688128446465
936350699050369026
936350812812533760
936350910795706370
936350933625303040
936350961399889921
936351094543962112
936351220553388033
936351249527721984
936351432143458309
936351640520744961
936351842111500294
936352185729904641
936352480434237440
936352493654691840
936352530447118337
936352662152536064
936352998653034496
936353024720752640
936353369291153411
936353454397775872
936353587105497088
936353786687352839
936353999594446848
936354157522505732
936354158684225536
936354306122493952
936354316956422150
936354364645609473
936354389698195457
936354476285415425
936354482610429952
936354496615153664
936354565682843648
936354621643284482
936354632942710784
936354655520649217
936354695748161538
936354707035082753
936354716761624576
936354727717212162
936354738148446208
936355155083227137
936355184254574593
936355216433303552
936355306925371394
936355640867467265
936356241915379714
936356467640324096
936356713388756992
936357357474508800
936357647678353409
936357649125466112
936357933646008320
936358067666636802
936358288542887941
936358427219169280
936358807319564288
936358926488088577
936359025087778816
936359076354813958
936359097670225921
936359190926200833
936359193065517057
936359236728250368
936359466441646080
936360451885199366
936360839220736001
936361699526844416
936361894033678336
936362043665416197
936363461793239040
936363737069400064
936363889645752320
936363945841086464
936364152964165632
936364515352072192
936365190102298625
936366508414038016
936366643256623104
936366745710981120
936367253523763201
936367511175655424
936367696844869632
936367817334644736
936367979469660160
936368230033223680
936368286903578624
936368417023684609
936369257453051904
936370648947011584
936372005674332160
936372670869929984
936373323415646209
936373639607398400
936374296712220672
936375517351116800
936375746272034817
936376260653088769
936376345692639233
936376594305761280
936377313293488129
936377570655956992
936377688289312770
936378059233558529
936378370622967809
936378403737034752
936378726367072257
936378829467201538
936379101597896705
936379168425734145
936379609309990914
936379947937132544
936380561584685061
936381340475383808
936381368564617216
936381468749778946
936381731304824832
936381954202759169
936382611861188610
936383641327951873
936383721468563456
