846753892201353216
846754024477069313
846754098573664261
846754106513543168
846754409220591616
846754566523830273
846754613516779525
846754634987397121
846754814507790336
846755045471375361
846755475949600769
846755618753007618
846755696972644353
846755715368861697
846755939701182465
846756142088892417
846756405306691584
846756885638365184
846756934669799427
846757218678648832
846757231244795904
846757552318808066
846757709898756096
846757789175296001
846757903293988864
846757904283848704
846758199894196225
846758370006716416
846758464919625734
846758535077789697
846758660084842496
846758772768952321
846758851290521601
846759042794094592
846759113153527809
846759198817964033
846759283362578433
846759387272265728
846759484110319616
846759489755922432
846759533296992256
846759579799244802
846759959387877376
846760149645758464
846760262208274433
846760338456547333
846760360459849728
846760387622129665
846760496665706496
846760630443016192
846760803017641984
846761484378083328
846761569849655299
846761586870177792
846761751681138689
846761806404169729
846761872493817856
846761901413613570
846761966815379456
846761991951831041
846762093680513024
846762096880750592
846762099699339264
846763252868698114
846763451896737794
846763643161268226
846764114311548929
846764134477672448
846764329802371072
846764491308224512
846764522278961153
846764629208580097
846764691745636353
846764866576748544
846764888244604928
846764919500558337
846765179455098880
846765185343774720
846765188951003137
846765474050461698
846765635879276546
846765726979510272
846765773171412995
846765837478432768
846765855572705281
846766267134623744
846766267654656000
846766289301504001
846766302148616193
846766433061289985
846766486614163456
846766491450167296
846766500358840320
846766649025941504
846766801736347649
846766881591701505
846767011401256964
846767012084789248
846767061485457409
846767462490292224
846767524607873024
846767594942140416
846767601825058817
846767913856090112
846768030973661184
846768050028339201
846768051777388544
846768059381661696
846768220291960833
846768229653626880
846768344355291140
846768491873095680
846768593295589376
846768621984591872
846768750238011393
