826731823493423106
826731852467666944
826731977088888832
826732347617841152
826732376516599810
826732733539954688
826732835969040384
826732899378540544
826733001597915137
826733203679481857
826733279428620289
826733619687391233
826733635202142212
826733648812589056
826734096256790529
826734538663550976
826734624491630592
826734627662422020
826734864024076288
826734970823639040
826735692155850752
826735887912419328
826735911643668481
826736636830547969
826736642161512448
826736675904692224
826736754577244160
826737436264919041
826737612182405124
826737614451531777
826738087212437505
826738597764198400
826739023163035649
826739147238961152
826739523598053376
826739684235677696
826739740275793920
826740034502008833
826740386718744576
826741089105227776
826741324841893889
826741330764259328
826741336523100161
826741476432416768
826741547702091777
826741628157194240
826741831576801280
826741986644340736
826742242282856448
826742514283581440
826743031596535808
826743273062539264
826743423210242049
826743466768072705
826743597915570178
826743610355961858
826743870541139968
826744008760258560
826744047742152705
826744173646716928
826744521308434432
826744597141475329
826744995096899588
826745039594389504
826745080593731584
826745430243471360
826745796443922432
826745830954655744
826745921367134209
826745980901007362
826746078716362752
826746296002342912
826746370031833089
826746540593135618
826746785343406080
826746799893467137
826746808382676992
826746869716025345
