819982447207124992
819982504027389953
819982538592624642
819982709149798400
819982741504724993
819982964524204040
819983025211514880
819983119264739328
819983497351884801
819983543472451584
819983567732277248
819983658362736640
819983689333571584
819983813312913409
819983901078781953
819984111490203648
819984143564083200
819984191282626561
819984244596506625
819984583672348672
819984666690199552
819984789923045376
819984808986181632
819985058324955137
819985182539337729
819985221839978498
819985378077736961
819985991729561600
819985996959858690
819986283325980672
819986314124791808
819986321682923520
819986744225529856
819986798311075840
819986979093815296
819987336222089217
819987533618708480
819987539645894658
819987592410267648
819987846912163842
819987854453604353
819988148616908800
819988184381739008
819988255869403136
819988263289155584
819988478616305670
819988602662899712
819988610501984256
819988638494785537
819988717158957057
819988839594860544
819988862957129728
819989033975693312
819989109653512193
819989156990504960
819989371415916546
819989837583360004
819989862845661185
819990194451529728
819990317785055236
819991037720535040
819991129970057216
819991349076389888
819991477996716034
819991568438460416
819991652211290117
819991930947981312
819992256279093248
819992298838691842
819992305579032580
819992511053697024
819992591517229057
819992606335705088
819992642507436032
819992719535833088
819992812112531456
819992859969486848
819993202358882304
819993315558957057
819993551916371968
819993723480186881
819993876308119552
819993884092747776
819994496226263040
819994595664793600
819995043004116992
819995122100301825
819995153528193024
819995532735250433
819995652264513536
819995678604718080
819995743482216448
819995820418355200
819996128246722560
819996132780732416
819996507382353920
819996618242015236
819996906239758337
819997190579961858
