854560195497914368
854560195900563457
854560197423095810
854560199767707650
854560216272314368
854560654426066944
854560723569127425
854560743521472513
854560863575052288
854560952829845505
854561086145794049
854561131381350402
854561144861806593
854561157633511424
854561464027316224
854561484612960256
854561487179919360
854561701332647937
854561773126647808
854561773646618624
854561814717267968
854561869696311296
854561893591199745
854562024570970112
854562162160914437
854562228468539392
854562237658275841
854562285360226304
854562360329207810
854562359767117824
854562396429586433
854562468928135168
854562495473868800
854562499106099200
854562603716292608
854562769160548352
854562783152791552
854562894209536001
854562976904474625
854563081585917952
854563095422939136
854563161273401345
854563193049559041
854563211345088513
854563218144059392
854563321034526720
854563412860448768
854563465570267136
854563478526361601
854563515696394241
854563524076556288
854563697318141953
854563755115597825
854563901505236993
854563958568525824
854563969876545537
854564005117145088
854564062642020352
854564077489803265
854564090638995456
854564139674603520
854564143638163456
854564236961382401
854564290484994048
854564300517658624
854564347644870656
854564465421029377
854564643326611456
854564652868567041
854564686829940737
854564720472461312
854564720837308416
854564743486558209
854564819147608065
854564977075658752
854564993244819457
854565057925177349
854565081325195264
854565105526337538
854565169061670912
854565223327510528
854565247335661568
854565404131430400
854565635455676416
854565666774548483
854565747900559360
854565807833194497
854565867861925892
854565870214946816
854566043154608128
854566209383256064
854566433476538368
854566484437336064
854566485037109248
854566485947289600
854566494495289344
854566516750036993
854566596316213248
854566623474315264
854566693133221890
854566770086223872
854566795373621249
854566800285208576
854566816441618432
854567106981093377
854567107421503488
854567127369609216
854567269644500992
854567283078942721
854567319258923008
854567705466159104
854567712957267970
854567860470992896
854568281650458626
854568531945562113
854568560139612160
854568573620146176
854568677387243520
854568712631975936
854568831423062016
854568837416714240
854568852935647232
854568936758759428
854569082280136705
854569172222844929
854569234021658624
854569246914998272
854569318281039876
854569424950624256
854569514276728832
854569522233319425
854569727527723010
854569746217488385
854569777263718400
854569811459928064
854569822860054529
854569944675225600
854569963033694208
854570004326432769
854570179350728705
854570254927773696
854570473459417088
854570570809257984
854570789101850626
854570799260475392
854570806394974208
854570836216479744
854570948728696832
854570998129205248
854571008690450436
854571042039148548
854571051342209025
854571064956989440
854571114894438400
854571119633993728
854571121978605569
854571130786545664
854571147337367552
854571175770509313
854571193999007746
854571209551474689
854571237263192064
854571258809380864
854571288446341120
854571345786621952
854571357115428864
854571390531493888
854571410710253568
854571487533117440
854571514401828864
854571516280807424
854571548396716032
854571575416324096
854571593846194176
854571615379750912
854571636258942977
854571718337327104
854571731171905536
854571783160201216
854571797265522688
854571909631156228
854571960738742272
854571967948652545
854572077327798273
854572139592253440
854572184320319488
854572307007844352
854572315383877632
854572425027235842
854572448804687873
854572457453375488
854572631613468672
854572720373342208
854572737020530688
854572779508781056
854572815932063744
854572816976539648
854572869468246016
854572951466909697
854573080185843712
854573097277632512
854573099135750144
854573276013641728
854573390396608512
854573585003937793
854573611100897280
854573632521220096
854573746841059329
854573895244034048
854573924578971648
854573954182389760
854574030908776448
854574031336505344
854574032305311745
854574061749489664
854574080204447744
854574091965259777
854574184000872449
854574222701719552
854574295095365632
854574325386575872
854574397436432384
854574435164180480
854574464314597376
854574514432335872
854574591116800001
854574619944259585
854574621827489796
854574685178269696
854574857048248320
854574968914542592
854575031527124992
854575082215161857
854575091794845696
854575103366938625
854575124984373248
854575147466018816
854575162930458624
854575239455535104
