840880155836993537
840880449627013121
840880736097951745
840880859477639169
840880963441815552
840881265893089285
840881388735864836
840881743066497024
840881973308579840
840882277735387137
840882670355767299
840882972576403456
840883022186610688
840883581492813824
840883686534971392
840883988298362880
840884034846806016
840884045454139392
840884135560388608
840884173665636352
840884349537026048
840884493196099585
840884716165316608
840884742711042048
840884929160499201
840885082273525760
840885297802072064
840885542543904769
840885830034034690
840886064831180802
840886208326688768
840886338920579074
840886545318105089
840886833965891584
840887587887816705
840888128164528128
840888798938558464
840889094993522688
840889488993865729
840889687694856193
840889981686206469
840890019506192384
840890311744315393
840890394229497856
840890505512833024
840890627697057792
840890815610273792
840890909264867329
840891121123373056
840891355467530240
840892096789790720
840892308727975937
840893058271059968
840893529983447040
840894596490092544
