835051765196288001
835052051935567872
835052152179535872
835052166310215680
835052274728722432
835052451472551937
835052718096019456
835052873964728321
835052930260688896
835053379520970754
835053634001960960
835053861173932032
835053874910199809
835054339907538944
835054497005203456
835055196065660930
835055198217318400
835055407898976256
835055880114683904
835056168368242690
835056455296385025
835056472476237824
835056475026391041
835056931060465668
835057011645689858
835057069011189760
835057544938795008
835057724413128704
835057968601260032
835058024058392576
835058059869372416
835058079565824001
835058154027245568
835058236977987585
835058503974805504
835058639119482881
835058654487379968
835059027105234944
835059079047413760
835059121187606530
835059544879476737
835059547215659008
835059628203462656
835059990591340545
835060160750055424
835060450278563840
835060718571511808
835060725735440384
835061140384251904
835061209837760513
835061230469595137
835061398422028288
835062028159057921
835062247428870145
835062543597064192
835062599670775808
835062887974588416
835063184100851713
835063253357182976
835063342624559104
835063375147171841
835063672527552512
835063675119628288
835063749505658880
835064063864487936
835064113793495040
835064235503808512
835064552672854019
835064626043895808
835064631949410304
835064849445097472
835065176697229312
835065225426649089
835065302333415428
835065418326945792
835065452632113152
835065561998635010
835065759168675841
835065897916252160
835066109191720961
835066455498575873
835066517909868545
835066655734697984
835066678866292736
835066706175361025
835066732834402304
835066734499463168
