828740121809805312
828740128986320896
828740338646937600
828740417936097280
828740515772366848
828740584089194505
828740617077399552
828741045185892352
828741099984453636
828741508102766592
828741571566825472
828742539561881600
828743312483954690
828744450474127360
828744752145297408
828744982194487299
828745041556410368
828745396738486272
828746009912152064
828747250994184192
828747571757723649
828747889010757636
828748329492291584
828750627337547776
828750631838052353
828751000777408512
828752084031963137
828752199056551936
828752597418987521
828752631011110912
828754653521252353
828754668834652160
