834508331460988928
834508443327291396
834508525216882695
834508747682742272
834508859024740352
834509037324685314
834509358088216587
834509562824818692
834509608723046411
834509744350060546
834509883529650177
834510071447052290
834510128699305985
834510257892315141
834510360497512457
834510620494028806
834510683979014144
834510841433190402
834511201702920193
834511213740580875
834511226642259968
834511228177375239
834511478908674048
834511815270920193
834512647966056464
834512766518095872
834512886328336385
834512904598720512
834513023867969548
834513378026594308
834513504082223110
834513542837567494
834513549477236736
834513581181919234
834513741370777602
834513941460049925
834514163716218885
834514239842836486
834514316363718663
834514616583610373
834514999271886848
834515389430321153
834515487484698631
834515932265508864
834515991195422720
834516122129022976
834516580574846979
834516647272673280
834516896879894529
834517243048378369
834517288330092549
834517452524490753
834517585685274642
834517714869825540
834518344778801158
834519188114898945
834519340330409999
834519350799454208
834519564956360704
834520108110344193
834520128373022733
834520177593180161
834520239387848704
834520243347324928
834520742637232131
834520806386450432
834520996363264013
834521093826306055
834521156296306688
834521281714348037
834521317533765632
834521874881208324
834522250342694913
834522427984064512
834522742066147330
834522873670823938
834522975361699844
834522978503237632
834523075802718209
