821386767395909632
821386813583622146
821387067846430721
821387087073210368
821387335459860480
821387376824029184
821387625034563584
821387809072312321
821387845533364224
821388047593967616
821388119379509252
821388514025738242
821388541494181889
821388719391244288
821388763918204929
821388767177150465
821388918432133122
821388970378534913
821389299425878017
821389619149361152
821389884007055362
821390406818611200
821390427412635648
821390821127782402
821390877021052928
821391216302497793
821391233369116673
821391989665099776
821392265771945985
821392278472323072
821392307777896454
821392582051774465
821392669804994561
821393015570841600
821393168318992385
821393467549122560
821393716149686272
821393770012901380
821393929027407873
821394036741308417
821394179754496000
821394210909777926
821394218790907904
821394227628216320
821394502921416707
821394540020072450
821394733037666304
821395104694960138
821395293472194560
821395308823257088
821395804221046786
821395988514488320
821396015194509313
821396208384147456
821396405784870914
821396447966937089
821396487947091968
821396655010365440
821396882396155904
821398178448674816
821398567713701888
821398644033257473
821398731165671425
821399018727153664
821399095759802372
821399168170283008
821399218443210752
821399241117630466
821399354372222977
821399616755236864
821399734233534464
821399984801280005
821400015004377088
821400097531555840
821400258647388161
821400344420904960
821401026490204161
821401285719130113
821401369542361088
821401446025482240
821401468326543363
821401506402418689
821401555819790337
