1013210605732421632
1013214359802339329
1013215105293606912
1013218020796387334
1013230204414640129
1013232548821028864
1013232850194186241
1013234553727565824
1013235947805110272
1013236520579489792
1013240809087434752
1013245304047656960
1013255904488247296
1013258446555308033
1013259748987334656
1013260403395063809
1013263050848309248
1013263455623794688
1013264216264990725
1013264234816434176
1013266896450408448
1013267247123582976
1013270824399331329
1013270886831489024
1013270977969520640
1013271013436612609
1013271207406440448
1013271256416825344
1013271345977806848
1013271441075126273
1013271511606726656
1013271545370824704
1013273307913867268
1013273635447066624
1013273677394300928
1013274185446109184
1013275301848256512
1013275503556521984
1013275680748994561
1013277304594853888
1013278641218818048
1013279314371063813
1013280536255746048
1013281027744239616
1013282326560886784
1013283428471631872
1013283767736205312
1013284511117926402
1013284648569528320
1013285026987986944
1013285569378574336
1013285806092554240
1013285930407473152
1013286083080179712
1013286379856584704
1013286875862364160
1013287009165639680
1013287074265518080
1013288022677352449
1013288628892651520
1013289656484618240
1013290602467749888
1013290880734674944
1013291145911324672
1013291310936027136
1013292165114552320
1013292205220552704
1013293402904023040
1013293500375461888
1013293631363575808
1013294424368074752
1013294636725669888
1013294674231033856
1013295097373495296
1013295114406547456
1013295125240348673
1013295226511941632
1013295635758448641
1013296200110493697
1013297414177001473
1013298958997835776
1013299513711349765
1013299628094181376
1013299680304717824
1013300597888610310
1013300669099532289
1013300847768489989
1013300935056023552
1013301120448557057
1013301181119193088
1013301479887769600
1013301972684984320
1013302439586467840
1013302448159711232
1013302655848992769
1013302780264681475
1013302925148508160
1013303264203411456
1013303991231533059
1013304014153404416
1013304214221553664
1013304218893971457
1013304710189613057
1013305546143920130
1013305701689520128
1013305982259261440
1013305994322038784
1013307236775616512
1013307471279124480
1013307765392060416
1013308424979927040
1013308452569878528
1013308488317988865
1013308543812980736
1013308651715653632
1013308687740489730
1013308722431582209
1013308940447309824
1013309077416566784
1013309581227851776
1013309591772368896
1013309617470832641
1013310042974638081
1013310238206955521
1013310732363091968
1013310735110193152
1013311424800665600
1013311549795196929
1013312161865748482
1013312331659534338
1013312505349857281
1013312507795116035
1013312544986025984
1013312837681385473
1013312875706843139
1013313422908420096
1013315374325092358
1013315563127562241
1013315768287498241
1013316272560279553
1013316318106390530
1013317016986497024
1013317052776570880
1013317129284792321
1013317313825828864
1013317538564923393
1013317543296225280
1013317546752335872
1013317590717030400
1013318246240579585
1013318335633780737
1013318371960610816
1013318452638085121
1013318540777140224
1013318567276752897
1013318644602941440
1013318794494824448
1013318796420026368
1013319443626250240
1013319610446336000
1013319615919902720
1013319779493572608
1013319996603330560
1013320062080409602
1013320075041001472
1013320555263676417
1013320615816724480
1013320651564871680
1013320801448128512
1013321246019342337
1013321635091419136
1013321826129211392
1013321910929756160
1013321992093818880
1013322592915263489
1013322674884538369
1013323352964923394
1013323580233342976
1013323824128057344
1013324319395442688
1013324391944507392
1013325085908852736
1013325088433811458
1013325694963679232
1013325834831056896
1013325836265631745
1013326107511148545
1013326730558431233
1013327156221497344
1013327621772468230
1013328463971913729
1013329047135322112
1013330292894027776
1013330384459722752
1013330472632569856
1013330861431885826
1013330867496734721
1013330983196782592
1013331154336968704
1013331373875032064
1013331757112938496
1013332207275008005
1013332279299657728
1013332429396959232
1013332459344105472
1013332636151042053
1013332638160031744
1013332654060658688
1013333181544714240
1013333231817707520
1013333298410553344
1013333579466670080
1013333589864402944
1013333838192406528
1013334382164234245
1013334656375115776
1013334695663284224
1013334780530786306
1013334863049617413
1013334949301248001
1013335538991095808
1013335777177202688
1013335886057046016
1013335901152292864
1013336027518423040
1013336392011829248
1013336663253291008
1013337051968823296
1013337203630583809
1013337563766120448
1013337676181921792
1013337831618596865
1013337854666264576
1013338746161389570
1013338838406557696
1013338929465094144
1013338931914559489
1013339212706394112
1013339224014295040
1013339441618923522
1013339443044892672
1013339490042048513
1013339530143916032
1013339680467836928
1013339859187060736
1013340300469833728
1013340934006697990
1013341186722025472
1013341257077346304
1013341290489053185
1013341447976902657
1013341956708200448
1013342318814953473
1013342443398410240
1013342618686717952
1013342640006410240
1013342716498006016
1013342755488223232
1013342974506340352
1013343802168397825
1013343967474221056
1013344802363109381
1013344927579766784
1013345032743596032
1013345143016099840
1013345439188385792
1013345636002025472
1013345777060646912
1013345967200858112
1013346472849440769
1013346516302516224
1013346933669326848
1013347246539145217
1013347249852764160
1013347786929172480
1013348155104956416
1013348158624190467
1013348203947790336
1013348219474964485
1013348448664457216
1013348540754456576
1013348575747739654
1013348619439702017
1013348752130789377
1013348887292268546
1013348938978676736
1013348995266154496
1013348993265553408
1013349244860817408
1013349273214341120
1013349356773113856
1013349386288533504
1013349607219359744
1013349946647556096
1013349983628808192
1013349989190389760
1013350131142414336
1013350166009610240
1013350316878761984
1013350465847713792
1013350737408126976
1013350755472994304
1013350799949352960
1013351000437116928
1013351364389474304
1013351438980997122
1013351671857057793
1013351785598214145
1013351834516361216
1013352310209212416
1013352322834010112
1013352533178269698
1013352777337196545
1013353753028759553
1013353950500794374
1013354137268912128
1013354203329323008
1013354253426012160
1013354573069799424
1013354628082163712
1013354901747916800
1013355067343278080
1013355288546725892
1013355338777669632
1013356033450770434
1013356062244732928
1013356070515900417
1013356277286785024
1013356374477148160
1013356590617985024
1013356849922560000
1013357461674381312
1013357809663139845
1013357869897568256
1013358081684770817
1013358219811524610
1013358282457698304
1013358381908877312
1013358529690947585
1013358689640747008
1013358885267177477
1013359104943886336
1013359157255208960
1013359467587686400
1013360305269862401
1013360320818098176
1013360630848421888
1013360733076246528
1013360784381014016
1013361066565177344
1013361205124190208
1013361246312325120
1013361570548678656
1013361617231405057
1013361766695305216
1013361892897755136
1013362639374872576
1013362903620247553
1013363505045626885
1013364057800368133
1013364095985299456
1013364097583370240
1013364629261705216
1013365621327687682
1013365830824931328
1013365902409191424
1013366024547291136
1013366100850036737
1013366255967825922
1013366487426400257
1013366613394026497
1013366687167582209
1013366710789918720
1013366923801841664
1013366946220429312
1013367017653637120
1013367174000410625
1013367690478710784
1013367877016129536
1013368114849943553
1013368245431218176
1013368415971631104
1013368675276148736
1013368899990114304
1013368995821641728
1013369053883392001
1013369127325589505
1013369240139821056
1013369297811337216
1013369787349655552
1013369904639234048
1013370134889684992
1013370141952929802
1013370386162114562
1013370387747491842
1013370412879581184
1013370689414365184
1013370952334405633
1013371133310033921
1013371408683032580
1013372530533588992
1013372698565730304
1013372913188311040
1013373367473328128
1013373639666929665
1013374483133059072
1013374749525803008
1013375730011508736
1013376078012932098
1013376166332391424
1013376665123151872
1013376669392855040
1013376670806392832
1013376676758196224
1013376678607892480
1013377222474858496
1013377441161568256
1013377482353971201
1013377643784409089
1013377690110439424
1013377733810933760
1013377974853427200
1013378129396723712
1013378362495074304
1013378632058798080
1013378655815454722
1013378947147489280
1013379735852863489
1013380438927257601
1013380457755496449
1013380591033700352
1013380684247977984
1013380704175099904
1013380732251586563
1013380929140723712
1013381174381694976
1013381199971147781
1013381321811464193
1013381425133998080
1013381873463123968
1013382035992469504
1013382112173576192
1013382338267504641
1013382496506056704
1013382535257182209
1013382753319088128
1013382876048617472
1013382926258589699
1013382931329552384
1013382968956653568
1013382970923802624
1013382970848182272
1013382975235543051
1013383035335606272
1013383081850560513
1013383142474805249
1013383250616692736
1013383258757849089
1013384041029128192
1013384164379373568
1013384331564343297
1013384353316003840
1013385028775153664
1013385487434829824
1013386185627066368
1013386232804577281
1013386530600161280
1013386552356036612
1013387172282621953
1013387285029707776
1013387379510595586
1013387511513505792
1013387603037556737
1013387793609969664
1013388041564639232
1013388547292913664
1013388565991051265
1013388569199763456
1013388621766909953
1013388707284410369
1013388980447039488
1013389175599529984
1013389259636604928
1013389261628952576
1013389528986476544
1013390370527498240
1013390604187918336
1013390662916599808
1013391267210805249
1013391776005140480
1013392035204730880
1013392572981678080
1013392648823099392
1013392677822517249
1013392910199545856
1013393366288125952
1013393371937869824
1013393951116681216
1013394100329025536
1013395001936621568
1013395034136342528
1013395178139410433
1013395551277191169
1013395554091626496
1013395593673273345
1013395815690194944
1013396172394774534
1013396298932736000
1013396642962333696
1013396789528064001
1013396862764830720
1013397344619024384
1013397382892081152
1013397587578236928
1013397643739967488
1013398107114131456
1013398113363660801
1013398119218900993
1013398153045954560
1013399285545820160
1013399515783749632
1013399868918902785
1013399993280024576
1013400025760595970
1013400096329748480
1013400157218623494
1013401088043765760
1013401332416311298
1013401471268851723
1013401603007709185
1013401870927323136
1013402036434620421
1013402181326733312
1013402354664726528
1013402602971770881
1013402608676098049
1013403109052354563
1013403117050826752
1013403654429306880
1013404955808620544
1013405091863433217
1013405465974398976
1013405966610649089
1013406136073154563
1013406365333803008
1013406873469382656
1013407292719534080
1013407683968491520
1013407784371720193
1013407915816955904
1013408056644919297
1013408138324774912
1013408136244465664
1013408293740478464
1013408504131055616
1013408635547017216
1013409156793954304
1013409202495217664
1013409389250797568
1013409520209547265
1013410024247517192
1013411174933778432
1013411313010315265
1013411370505732098
1013411397739470848
1013411398917894147
1013411465636843525
1013411669505126400
1013411682864033792
1013411686747910145
1013411765076586496
1013411889634775041
1013411967678238720
1013411976981176320
1013412128609460224
1013412187560345601
1013412217390272512
1013413136337121281
1013413147833708546
1013413185540579329
1013413772126547968
1013414260498731010
1013414383924465670
1013414416392577024
1013414425792077824
1013414428816105472
1013414493559427072
1013414733620371456
1013415268184444928
1013415540302467074
1013416185642274816
1013416433735221249
1013416542711832576
1013416926620442625
1013416926956150785
1013417276320702464
1013417290971385857
1013417703598538752
1013417747018076160
1013418043089784833
1013418100732104705
1013418227647598593
1013418409441275904
1013418834701807616
1013418867874557954
1013418966922952707
1013419040054882304
1013419132480565248
1013419996901408768
1013420141336547328
1013420303190544384
1013420362007228416
1013420507453181952
1013420994395082753
1013421169679196160
1013421465897721856
1013421564992413697
1013421755795468289
1013421905607610368
1013421972011864064
1013421975706927106
1013421988860157952
1013422134859886593
1013422523202105344
1013422645533184000
1013422989893722112
1013423268437610497
1013423593911398403
1013424045382144001
1013424312202813440
1013424493249941504
1013424495082856450
1013424999569461248
1013425454643077120
1013425498607714306
1013425797825269761
1013425812601753600
1013425991971147776
1013426271051829250
1013426478288171010
1013426498001199105
1013426523829821440
1013426799395659776
1013427016954048512
1013427569297969155
1013428270803582977
1013428315745644546
1013428324562063360
1013429041809035264
1013429215587422208
1013429258411237377
1013429372135632896
1013429520412573696
1013429658971463680
1013430083665711104
1013430230558695425
1013431216018804736
1013431639270096899
1013432465585770496
1013432796541587457
1013433087265566720
1013433144022888448
1013433294313189376
1013433334184148992
1013433747868405760
1013433797734469632
1013433836921901058
1013433839966814214
1013433847650947072
1013433856245010432
1013434122725920768
1013434282289909764
1013434343077838854
1013434546531065856
1013434552612683777
1013434552679845888
1013434576201441282
1013434591770656768
1013435106520858625
1013435360800661504
1013435386515939335
1013435668427444226
1013435691861192704
1013435823474212864
1013435913303621632
1013435982824312833
1013436480029683716
1013436602645929984
1013436694513770497
1013437072357507072
1013437077546000384
1013437082197479425
1013437164196069376
1013437219187691524
1013437281368231937
1013437526885924864
1013437536021164034
1013437624923623424
1013437673082630144
1013438035021611008
1013438063723282434
1013438110854762496
1013438140638482433
1013438271920267264
1013438335153528832
1013438337460396033
1013438359585345536
1013438460965916672
1013438460957478917
1013438465806143488
1013438552460480512
1013438552464642048
1013438689983254528
1013438814193422336
1013438877120499712
1013438899123875840
1013438940702003201
1013439540101636096
1013439584326127618
1013439599715106816
1013439609563279360
1013439692778496001
1013439970240024576
1013440657711607809
1013440677194162176
1013441351319457792
1013441402515181568
1013441420714274818
1013442116620468224
1013442123029360640
1013442164603355138
1013442196933136384
1013442655660003329
1013443082589818880
1013443209618509824
1013443408571006979
1013443921568059393
1013444528597078016
1013444617130278913
1013444623434420224
1013444625657450498
1013444949302530050
1013445116604899328
1013445398114066432
1013446281845493760
1013446296047357954
1013446520035831810
1013446795865808897
1013446835594293250
1013447697104293889
1013448427957555203
1013448542461964288
1013448903537102848
1013449417020661760
1013449651163451392
1013450594697261057
1013450783122223105
1013450962592202752
1013451186161225728
1013451446791131136
1013451709673328641
1013451796310904832
1013451998266646528
1013452171826814976
1013452431806664704
1013452490539524096
1013452504326164480
1013452685696274432
1013452762091225088
1013453000902430721
1013453360853409792
1013453461768343554
1013453603523219456
1013453773996511232
1013454061725765632
1013454359345147904
1013454684764409858
1013454692372963328
1013454694088310784
1013455317752000512
1013455547193004037
1013455720904364033
1013455878341750784
1013455880476680196
1013456591104995328
1013457463318843397
1013457479991250944
1013457779116380160
1013457896011513859
1013457978681319424
1013458068280172544
1013458468043395072
1013458518618370050
1013458569650417665
1013458765696380935
1013458966888804354
1013459016658378752
1013459108912156672
1013459499460517889
1013459689043095552
1013459718289801217
1013459833511665669
1013459969629450243
1013460201918345216
1013460338468184066
1013460754178158592
1013460925045792776
1013461038551961601
1013461074048413697
1013461105132400640
1013461117769789442
1013461314822434817
1013461345663152128
1013461352713555969
1013461544573784065
1013461551720824832
1013461598508380160
1013461715474841608
1013461991673876481
1013461994102403072
1013462498077478912
1013462567765889024
1013462581833535489
1013463103219093504
1013463510284668936
1013463681844371459
1013463833644498944
1013463989689479168
1013464115078148096
1013464140067766272
1013464259626487808
1013464356061839361
1013464558676119554
1013464736896307201
1013464751274328066
1013464917293215745
1013465022746505216
1013465213230833665
1013465516676124672
1013465808297648128
1013466018952433665
1013466184333873158
1013466305222062080
1013466320611041282
1013466453364879363
1013466705044140034
1013466907046006790
1013467102181822469
1013467191889551361
1013467267944853505
1013467268657942528
1013467287272198145
1013467630328598533
1013468226670546951
1013468307373154306
1013468312712499201
1013468424222191616
1013468523119693824
1013468537745297410
1013468695476293632
1013468782545833991
1013468877978767361
1013469177275977728
1013469584513527808
1013469783453417477
1013469799576473601
1013469804148060160
1013469901632294912
1013470013230075905
1013470085359554565
1013470576147681280
1013470642920939520
1013470782012477440
1013471335673204737
1013472193198608384
1013472298488254464
1013472313831026688
1013472391165603840
1013473689503969280
1013474144527282181
1013474499038253057
1013474667997351936
1013474819785084930
1013474873509928960
1013475495491571713
1013475740447379456
1013475762647814145
1013476081939165184
1013476083709239297
1013476134716047362
1013476257994924032
1013476879427305477
1013477113758961664
1013477248756867073
1013477343871012872
1013477803705192448
1013477831282708483
1013478119360122880
1013478650891636736
1013479038936023041
1013479589451124738
1013479776634523650
1013479850437378048
1013480818289905670
1013480834542825478
1013481033222770688
1013481169307029504
1013481361301233670
1013481805813608449
1013481814768390144
1013481965578866688
1013481975003385857
1013481989746384896
1013482149788438528
1013482156696522752
1013482573484478465
1013482992331776000
1013483306304901121
1013483375221510149
1013483400118853632
1013483631954755584
1013483634119069696
1013483654813765633
1013483937467916288
1013483997555503105
1013484019718254592
1013484882939428864
1013484983405735936
1013485059775574017
1013485176633069570
1013485179388813313
1013485638828601349
1013486863917568005
1013487379628347395
1013487673372233728
1013487748987146241
1013487782537424896
1013487894139416577
1013487965249703936
1013488092861394944
1013488409673895936
1013488651010002944
1013488668244406273
1013488676242907138
1013489917417218048
1013489924102901760
1013489921368129536
1013490094576152582
1013490238960865280
1013490247747989504
1013490277716234240
1013490372029435904
1013490979939278848
1013491460379996161
1013491493334548480
1013491961473458177
1013492714405597187
1013492721200361478
1013492950003662848
1013493110310100993
1013493886973566976
1013494112564207616
1013494174660907008
1013494581780992001
1013494690249887744
1013494733438619648
1013494950674169857
1013495156228743168
1013495197836152833
1013495292702978049
1013495343953170432
1013495394297360385
1013495517387554819
1013495705523154944
1013495874692046849
1013496009631191046
1013496117944872960
1013496215231713280
1013496217756631047
1013496215621783552
1013496282269257728
1013496358853054464
1013496391321178117
1013496902359371776
1013497333126922250
1013497554963705856
1013497608025800705
1013497655404711936
1013497773516353545
1013497912788168711
1013497959416295425
1013498637547180037
1013498747202998273
1013498790253334528
1013499143724118021
1013499466522021889
1013499984254205957
1013500503743852544
1013500738738245632
1013501306378620928
1013501728224956416
1013502319881850881
1013502332246474752
1013502404623552520
1013502413754585089
1013502420670967809
1013502441348894721
1013502443236265984
1013502505748180993
1013502507891527680
1013502633368223752
1013502643413528576
1013503038206693377
1013503038412034048
1013503235829559296
1013503697266053121
1013503769219424259
1013503822164119553
1013503831148294145
1013503904234000384
1013504009238384640
1013505015149780993
1013505023811125248
1013505290162135040
1013505293622312961
1013505322194030592
1013505377504301056
1013507164785299456
1013507901158232064
1013507911719489536
1013507981307195392
1013508798458318848
1013508800614207489
1013508818918166529
1013509564862484480
1013509796841115649
1013509818760429570
1013510048369147904
1013510048381714432
1013510062508306432
1013510152589381632
1013510288803553280
1013511058416459782
1013511157242572807
1013511403779608578
1013511827383201792
1013511833049653248
1013512294959968256
1013512424090165248
1013512481979936771
1013512617594417156
1013512735945101313
1013512769000427522
1013512971732029446
1013513365501698049
1013513525027885056
1013513838283644928
1013514348361404417
1013514569807826944
1013514596949397505
1013514612925399040
1013514649931866112
1013514652066697216
1013514812649824257
1013515081676517379
1013515615003447296
1013515827985993728
1013515905991692288
1013517026361561089
1013517107827478528
1013517207668699137
1013517657939857408
1013518891530768386
1013518926859431936
1013519202303512578
1013519848037482497
1013520096440901632
1013520116741496832
1013521299015073793
1013521580167761921
1013522929685090305
1013523279984889856
1013523922275446785
1013524654676500480
1013525150468378624
1013525180050739203
1013525313249259521
1013525574613110784
1013525607551045632
1013525626655997953
1013526285837127680
1013526415554351106
1013526440250363905
1013526420994347009
1013526537222705153
1013526923740307456
1013527474595160065
1013528027307954177
1013529594400595968
1013530181431119872
1013531129285001216
1013533968375910401
1013534022922690560
1013535740536320000
1013537753890516994
1013537805677596673
1013538872964370433
1013539057073258497
1013540385782665216
1013541567250993158
1013541984680759296
1013542575897239552
1013542916982177801
1013544382576971777
1013544978793058304
1013545280849915904
1013546532145106946
1013547608592277507
1013550651379539968
1013551580992417793
1013552040939843584
1013554191384633345
1013559264810536960
1013560380327514112
1013565963340582912
1013567957312602112
