957040466951901185
957040530931748864
957040957937025025
957041528475734021
957042094979371008
957042322763583488
957042532441100288
957042864424448005
957043469633118209
957047520512880642
957047738297978880
957047772015988737
957047932565540874
957047999003287552
957048084772597761
957050145828466690
957050555251200000
957052766152732672
957053676287414272
957053758747369472
957054096569225217
957054322197413889
957054375427493888
957054621863866369
957055434774396929
957055460900818946
957055562755264512
957056452178227201
957057355124002816
957058924611559424
957059893709688832
957060864997195781
957061636526886912
957062504865296384
957063558495375362
957064330159316992
957064897417883648
957065638421454849
957067766934188033
957069242708451330
957069276237778945
957070657736470529
957073089506004992
957073560811515905
957074207673905152
957074910530146304
957075838075207680
957076460610707456
957077656867975168
957078244343369730
957080020043825153
957080346201346048
957080735759917056
957081114228781056
957083718350442496
957083773568540672
957085759944691717
957088557004357632
957092114596319232
957092964655878144
957094582264696832
957095843135475712
957098594288394240
957099802852052992
957100855790096384
957100884332302336
957102654961963008
957102829788856320
957105159967997952
957105698999062528
957105900061429761
957106218253848576
957106308787986433
957106923781976065
957107475655938048
957107676475019265
957107773472419841
957107922923937794
957107994831007744
957108052871835648
957108120018407430
957108407735083009
957108914964828160
957108995919110145
957109053234339840
957109573537628160
957109986022363137
957110538600894464
957110964096307200
957111013362536453
957112197506777088
957112287063666688
957112681412128768
957113902550208513
957114093005168640
957115489024729088
957115962339348480
957115965162041344
957116012742283264
957116173056970752
957116208029011968
957116215297789952
957116258398494721
957116303801798656
957118222658138112
957118552439427073
957119698084167680
957119737758212097
957119935020519424
957120986872033281
957121774596042752
957121778484219904
957123279856128000
957123504033247234
957125720748253184
957125723407470593
957126019894448128
957126027834163200
957126170088280064
957126612352425985
957126657197903872
957128040290668544
957128165457047552
957128169982709760
957130943235489792
957131060676038657
957131379048964097
957131463698403328
957131587631509504
957131926640513029
957132403876794368
957132485850271744
957132556012609536
957133228988448769
957133254271864832
957134111621214213
957134395005112320
957134408372424704
957135911321554944
957136873528479744
957137223228575744
957137353767837696
957137403961073664
957137572681146368
957138615116746753
957138636453105664
957138870751154176
957138937071349760
957139380195479552
957139436701192192
957139946388819968
957140132133588994
957140264463708160
957140269429911553
957140541447245824
957140744078331904
957140811648585728
957141487367610368
957141875269558272
957142308381757440
957142803192180742
957142884314238977
957143077529030656
957143116141735937
957143326263861248
957143348036415489
957143518694248448
957143592073646080
957143643843940352
957143690576912384
957144089392287745
957144281118068736
957144341167951872
957144728625180672
957144800091918336
957144952269615105
957144957017579521
957145421289160704
957145816816332800
957146052527878145
957146303137447936
957146724824420352
957146728985186304
957146933453381632
957146953263042560
957147136935841792
957147630949339139
957147636812918784
957147735945306112
957147851338940421
957147877163388928
957148368249143296
957148427191713792
957148525585977345
957148551401934850
957148941908398081
957148949726588928
957149193440669696
957149201401434112
957149212709302272
957149219197980672
957149261103329280
957149369295429632
957149572534595585
957149671574638592
957149783738736641
957149977008099329
957150164166299648
957150587593875456
957150663737266176
957150724940496896
957151232551944192
957151281495371776
957151534118264832
957151540380348416
957151588723945472
957151805380661248
957152263180554242
957152451580309504
957152451836116992
957152453320957952
957152454809935873
957152534782795776
957152649064910848
957152762239778821
957152880234024961
957153160363233280
957153383227514881
957153455646355457
957153485362946050
957153511627722753
957153704330846208
957154035735433217
957154137954750464
957154365369995265
957154500795621377
957154527228067840
957154584031649793
957154656978915329
957154714382229504
957154764952821760
957154934184730624
957155092788142082
957155684172300288
957155746281553920
957155827298848768
957155862560362496
957155872341479429
957155918805946368
957155920714391552
957156220867174400
957156561318752256
957157506979172352
957157528353345536
957157616245002240
957157721811304448
957157940045246464
957158017547485184
957158025034285056
957158130588311552
957158284158558208
957158296376496128
957158508104994821
957158745645166592
957158748497350656
957158760220446720
957159009764683776
957159092623151104
957159137439346688
957159185552216064
957159371867291650
957159489454661632
957159646325825536
957159789582344192
957159929827287040
957160438831157249
957160636240216064
957161253104893952
957161256527507456
957161254283632640
957161257316044800
957161620085633024
957162275118477318
957162366340423681
957162463589527554
957162768523767808
957162929769582592
957163078675763200
957163133512093696
957163286545432576
957163482499223552
957163661373722624
957163833235333120
957163845457514496
957163917922447360
957164218725359616
957164234143686657
957164262413295616
957164428100685824
957164506874089474
957164553137197056
957164557050445830
957164691347922944
957165635938738176
957166405421551617
957166487999057921
957166502570053633
957166566612779008
957166661773258752
957166730668896256
957166756061175809
957167072630444032
957167121200484353
957167252083740672
957167303547867137
957167337320394752
957167498465595393
957167846269779969
957167930894094336
957168153087348737
957168730458476546
957168803615408128
957168812700336128
957168983005892608
957169086726893568
957169193694253056
957169332135649281
957169739821875200
957169744691499008
957169764954230784
957170121096736770
957170182220341249
957170203435110400
957170261954125824
957170461212848129
957170480695382016
957170514417586176
957170564573159425
957170723138744320
957170930580631552
957171092220604416
957171111338311680
957171199020339200
957171291181735936
957171318276935680
957171355828539392
957171405099069441
957171513056202752
957171853751148544
957171873011392512
957171948684918784
957171991764783104
957172020139065344
957172054343655424
957172073641775104
957172108236345345
957172132680732672
957172159859879936
957172185541509120
957172197843447811
957172236745674752
957172240038146048
957172256018444288
957172288973090816
957172337400582145
957172363057139712
957172523728297984
957172546826309632
957172576677081088
957172600249053185
957172641768656896
957172662161281025
957172699389988864
957172722274131968
957172871448719360
957172879635992576
957172960732893184
957173117843132416
957173198700929024
957173246339813376
957173370361143296
957173828005842944
957173829780017153
957173847580725248
957173919060037632
957174194160263168
957174232072499203
957174400721260544
957174704363720709
957174863608930304
957175038733668352
957175174620680193
957175733671034881
957175743443738624
957175749777084416
957176351366287360
957176354931294209
957176358656004097
957176363626086400
957176364007817216
957176477858050048
957176634657918976
957176635794522112
957176717306720256
957176887394144257
957177194006175744
957177475116797953
957177609842028546
957177798099025922
957177804684185600
957177829053157376
957177829136924672
957178167172718592
957178855588007936
957178875699589120
957178878660956162
957178957350174720
957178972835631105
957178995639975936
957179078058102785
957179207385219073
957179405322936321
957179487246016517
957179505319215104
957179530510290944
957179548327710720
957179589230563329
957179626165477378
957179800405200898
957179863689031680
957179971046436870
957179971470069760
957180063534993408
957180149014777857
957180247019048960
957180325167235073
957180326874402816
957180343748120576
957180411213500416
957180843667148800
957180900952829953
957180970293227520
957181197561618432
957181249348624384
957181316809809920
957181338515394560
957181391657152514
957181503569580032
957182193536831488
957182319537852416
957182426408804352
957182477491195905
957182524815486976
957182744123133952
957182789010579456
957182805062176769
957182892907606018
957183002043473922
957183056707809280
957183153000591360
957183218817564672
957183224790372353
957183431728910336
957183603959652352
957183901985923072
957183910315810816
957183962258071552
957184204416184320
957184361098567680
957184617123139584
957184676376055809
957184682235371520
957184685334970369
957184776322109441
957184912074866688
957185008187387904
957185160444874752
957185169093308416
957185172004319232
957185263876308992
957185335540187138
957185433326190593
957185533402378240
957185625450536961
957185654386982912
957185917084684289
957186108445614081
957186212883849216
957186845133103104
957186880797315072
957186924598489088
957187013706469376
957187035135074304
957187472840159232
957187539730870272
957187691107553280
957187867629047808
957187884469112832
957187904647958528
957187979428220929
957188097690783744
957188112643391489
957188157623160833
957188167391727616
957188171883786240
957188193379667968
957188260970758144
957188361227243520
957188501056966656
957188556585361408
957188725951418368
957188784973647872
957188796394692608
957188865613320192
957189064322682881
957189087030661120
957189186817323009
957189207021182976
957189508071612416
957189509673816064
957189552141144064
957190149804318720
957190162320064512
957190229986893826
957190388204306432
957190513903521794
957190527493005312
957190859551903744
957191018721538048
957191087096963072
957191355641614336
957191420997185536
957191455734247424
957191462244028416
957191732168462337
957191778771390464
957192036536455168
957192054748205056
957192180380131328
957192184456937473
957192642432921600
957192643917656065
957192649441710081
957192719209820160
957192722145857536
957192743532613632
957192762293673984
957192889825624064
957193142012346368
957193575925723136
957193693420838914
957193747862757376
957193758243618821
957193788350455808
957193814917173254
957193845250412544
957193892578889729
957193949600534529
957193981389099008
957194058266562560
957194250378268673
957194380640702464
957194386932191232
957194444268363776
957194528674451461
957194663424819200
957194689442140160
957194761739399169
957195005168377856
957195014710362112
957195266561540096
957195352452497408
957195510200315904
957195793777258496
957195812735418369
957195944101142528
957196076183846912
957196174200582144
957196308690939904
957196449686675456
957196522575286272
957196536441638912
957196712577261569
957196764796325888
957196815920660481
957196871059025920
957196937786265600
957196987895566336
957197038898372609
957197080589725696
957197092040126465
957197154723954688
957197543557009408
957197659323928577
957197717322829824
957197734691442688
957197776932270080
957197919731507200
957198123826384896
957198273248284672
957198388881231872
957198472133955585
957198516350279680
957198518199967745
957198649359990784
957198711452504064
957198767677169666
957198848929288192
957198858597158912
957198871976923137
957199004009418753
957199009696964608
957199012767072256
957199017984839680
957199131189174272
957199173115437056
957199318074654720
957199331404206080
957199419245461504
957199524476289024
957199509381099521
957199744941613056
957199779196559360
957199809840058368
957199833823174656
957199869680279552
957199874860122112
957199920880062464
957199925313499136
957199940316532741
957200086588706817
957200177714130944
957200275386830848
957200318059745281
957200315127877632
957200601783373824
957200642941992960
957200685287792640
957200762878218240
957200983397949440
957201199152992256
957201314127204352
957201390597787648
957201437120966656
957201446973464576
957201458490953728
957201750460633089
957201936981295104
957202354956374016
957202363894378498
957202384131969024
957202487005630464
957202663032180736
957202676990832640
957202684414656512
957202799804076033
957202809492926465
957202811204272129
957202816816287744
957202843630493696
957202872470593538
957203069506326529
957203160170483712
957203187781570560
957203383257059328
957203578787106818
957203583941971968
957204067901693953
957204265797324800
957204335489937408
957204394117824512
957205405733740544
957205428328456192
957205525766266880
957205671161794561
957205814753640448
957206136855375872
957206221131538432
957206393295130625
957206401901846528
957206550493450240
957206556684140545
957206563692847105
957206564003287040
957206566842912768
957206605883432960
957206660208046080
957206701123493888
957206770237177857
957206854815420417
957207445822234625
957207456001568769
957207742527270912
957208089895358464
957208174565711872
957208209391054849
957208294392770560
957208426274349056
957208451834417153
957208650560319488
957208739483922432
957208836997234688
957208921579638784
957208998490624000
957209249217728512
957209313583489025
957209357816655872
957209410283147264
957209483700260864
957209564818141185
957209672662036481
957209767453298688
957209851117129728
957209893630611456
957209917487767552
957209945472151553
957209969346207744
957209994616885248
957210022232182786
957210035150565376
957210050153529344
957210074539266048
957210106273333250
957210102607556608
957210131443396608
957210156600905730
957210181158559744
957210208576638981
957210223718162433
957210232190636032
957210256026800128
957210278860611584
957210306043883520
957210328240095233
957210350264442880
957210375677718528
957210399006449664
957210424914731008
957210449208016896
957210474491326464
957210498314981376
957210521928904704
957210546926948353
957210549267386369
957210568842252288
957210614870487041
957210638920634368
957210661850935296
957210687511629824
957210709221412864
957210731547709442
957210754255638529
957210776405794816
957210798639763457
957210824313012225
957210849072046081
957210871750676482
957210894316064768
957210918236164097
957210944622530562
957210967158468608
957210990059442177
957211013140578304
957211036322590721
957211036871987205
957211063367491584
957211087161708544
957211109831921665
957211133018103808
957211155457593344
957211184155054080
957211207714459650
957211231852679168
957211254950637568
957211281324429313
957211303017410560
957211327059103744
957211350551457792
957211376136675328
957211398395891712
957211421896519680
957211445258784773
957211467023044610
957211493174534145
957211514821365760
957211515345670145
957211538280079362
957211560677658624
957211598594150400
957211620803047424
957211627006431232
957211642755985408
957211666114113536
957211687714742273
957211712414998528
957211733235503104
957211756920745985
957211808833695744
957211833487839232
957211856506105856
957211985321476098
957212065206325248
957212487027494913
957212518379814912
957212593403416576
957212613707907072
957212644515164161
957212746981916672
957212766456119296
957212935893540864
957213006806634496
957213463624916993
957213532696858624
957213615794335744
957213652343574528
957213652783960065
957213686073970688
957213687827218432
957213984566005760
957214102870425600
957214112018259968
957214114702557184
957214352238522370
957214416906391552
957214508581351424
957214614319779840
957214904376872960
957215066637582336
957215216940539906
957215251048546305
957215312033837056
957215366786310144
957215369684496385
957215491218649088
957215531408510976
957215531676807170
957215743518572545
957215911466987525
957216088202366977
957216365416472576
957216651841187840
957216752311717888
957216818644611072
957217071221411840
957217089626017793
957217197985796098
957217816477863937
957218151560826880
957218286206406656
957218330137513984
957218337968271361
957218654747353089
957218831365234688
957219146823094273
957219158340571136
957219218960846849
957219295578255360
957219322031681536
957219606342627328
957219648524582914
957219808407379968
957220030420221952
957220042441191424
957220125211529216
957220448219037696
957220503252594688
957220745947631616
957220898381189120
957220914512326656
957220917087682560
957220925027438594
957220963728461825
957221087565307905
957221099011477504
957221159115902976
957221327387090944
957221373608415232
957221658091245571
957221659013820417
957221661278986240
957221658493939714
957221667272646656
957221698801143809
957221730258444289
957221953865216001
957222212825731072
957222285936594944
957222714544189440
957222982400831488
957222987085860864
957223008963321856
957223030824034305
957223051627761665
957223074121895937
957223101460287488
957223128651845632
957223152077197312
957223174290231296
957223175124930560
957223196075479041
957223221656506368
957223246503563265
957223268318109696
957223290510168064
957223318364487681
957223347477209089
957223372479455232
957223381778206720
957223394314997762
957223413717839872
957223418230910976
957223434030903296
957223440422973440
957223462006861825
957223482529599488
957223511063515136
957223534501220352
957223555867054080
957223577790664704
957223580173000706
957223599382855680
957223621495345153
957223646812082176
957223668513497089
957223690625867777
957223692546789376
957223694954369024
957223712285175808
957223734007554049
957223757604687872
957223783122825217
957223812629753856
957223837338423296
957223996675805184
957224017953509376
957224039352856576
957224065915326464
957224088061251585
957224110140084229
957224135633129472
957224158223650816
957224180931530752
957224203710803968
957224335583928321
957224403376529409
957224550609162240
957224690547793920
957224701818032128
957224850409578496
957224914200727552
957224977979277312
957225024716509184
957225075559796737
957225402329653248
957225404355538944
957225441445720064
957225450517884928
957226220294410240
957226245514817537
957226262497517568
957226270248534016
957226360396763136
957226520313024512
957226642451124224
957226765394604032
957226781261647872
957226923033333762
957226973230661632
957227271303163904
957227538178363392
957227568066899968
957227590036721665
957227614963486720
957227628053913600
957227648467591169
957227673650171904
957227675105579008
957227701387124737
957227723461623808
957227756122669056
957227782026792963
957227804923518977
957227815291752448
957227830017974272
957227839010504704
957227851547402240
957227872812503041
957227922405904385
957227950931365888
957227953821233152
957228322387382273
957228446941437952
957228600327049217
957228673211432961
957228716173733888
957228728458739712
957228880921792512
957229202645901313
957229211076448258
957229507232108544
957229660085129216
957229710915915776
957229785532350464
957229804805337088
957229993167241217
957230260759736320
957230323548467207
957230328858447872
957230525252624384
957230602826248194
957230767918153730
957231015801565184
957231094033678336
957231132067680256
957231269234053121
957231377283469312
957231401715322880
957231404831698949
957231726002089987
957232440325615616
957232521951014915
957232552766509056
957232633263607814
957232659540963328
957233015570206720
957233055705550853
957233199511465984
957233241269948417
957233255161454594
957233337986404352
957233403694338048
957233841445527553
957233875377418240
957233916724867073
957234059943534593
957234242194432000
957234242911703040
957234246502047745
957234265443352576
957234268400504832
957234291414585344
957234317213753344
957234339229650944
957234360490561536
957234385694216193
957234408565755904
957234432045436928
957234450164846592
957234454426279937
957234462395256832
957234477587226624
957234494418767873
957234497543725057
957234537179820035
957234580259528704
957234604376719360
957234626958909441
957234650153447424
957234758899191809
957234902734385154
957234961106522112
957234981478240256
957234989426409473
957235001510285312
957235025124167681
957235026579648512
957235052609458177
957235229072162816
957235229844008961
957235331291664385
957235406600273921
957235421502636032
957235462053269509
957235470286704641
957235504243793920
957235518625886208
957235521515859968
957235661509185536
957235766610006016
957235776173105155
957235807525490689
957236165832335360
957236240650264577
957236255577772032
957236281758625792
957236288624701440
957236295134269440
957236398326714368
957236463724351489
957236562726735872
957236703995072512
957236752976089090
957236759124836353
957236763956826113
957236801764319233
957236845607358464
957236860312608770
957236917707444224
957237059181166593
957237095457808384
957237370289577990
957237384160206848
957237444621012992
957237596467458048
957237605086715904
957237629958934528
957237640792813568
957237702025412608
957237831956680706
957237858909212672
957238094608125952
957238165521223680
957238177055600640
957238538638000128
957238676278431744
957238801012854784
957238838014996481
957239028402683904
957239273354391553
957239287698935808
957239590129152000
957239706558910464
957240043139080198
957240141273321472
957240411180994565
957240472526835712
957240532312449024
957240536024453120
957240620657111041
957241088154243072
957241232866017281
957241257444724736
957241315061792768
957241329091776514
957241364428787712
957241477586980864
957241482649489410
957241577612759046
957241613683654659
957241638774067203
957241646688735234
957241732990717953
957241773600006144
957242046389145601
957242102265581569
957242221987880960
957242491522240513
957242745969696768
957242817041989632
957242829461381121
957242838760206336
957242871190564866
957242962848731138
957243359877369857
957243421328072704
957243429980917763
957243448989544448
957243487111524352
957243553427714049
957243722428813312
957243734026080258
957243790825226240
957243947063050240
957244023240101888
957244033247662081
957244048284110848
957244083495489536
957244235379625985
957244301230080000
957244311246077952
957244309392125952
957244316811841537
957244451247869953
957244853108297729
957244898452885505
957244905931378688
957245091671871488
957245133686296576
957245133057032197
957245198597320704
957245324338266120
957245470383968256
957245517238554624
957245567633121280
957245747761524737
957245914447400960
957246053622968320
957246255377338369
957246279893028864
957246346880307200
957246413028634629
957246517903011840
957246824817070081
957246828524769283
957246977821085696
957246987665100801
957247103834533888
957247157010157569
957247239180701697
957247430180917248
957247453488656384
957247516961136640
957247570165878784
957247635441770499
957247928283918336
957248074744676352
957248205661589504
957248317951565825
957248327426375682
957248407386632198
957248540295745536
957248639713382400
957249040822960129
957249098922496001
957249289054498816
957249363046273024
957249657062731777
957250034977923072
957250118629122048
957250135599321088
957250444279144448
957250522754506752
957250799767359488
957250900304777216
957250946370764805
957251048942505985
957251484378386433
957251531618824192
957251854542483456
957251859265343490
957251860297146368
957251863090515968
957251861119152129
957251879771111424
957251883973799936
957252289571491841
957252826668916736
957252912589271041
957253118068183040
957253115396415489
957253140008636417
957253173152010240
957253193200754690
957253226369310720
957253327477202945
957253394099572736
957253427083579392
957253685175816192
957253700258598912
957253925165568000
957254074407227392
957254326195576832
957254344105234432
957254465580650496
957254575844708352
957254628156084224
957254653640691713
957254745726554112
957254911036674050
957254955135619072
957255020369600513
957255096387227648
957255331125620736
957255690095087616
957255779182153730
957255978168266752
957256142106787840
957256282905464833
957256406029103105
957256412995895296
957256435863359488
957256500279480322
957256554042003456
957256638154633216
957256772775043077
957256833638588416
957256884410462208
957256911208046593
957256971647881218
957257348652953600
957257439145025536
957257458958897154
957257515917565953
957257741906665473
957257929446617089
957258073407713280
957258151551696896
957258304845176832
957258385040334853
957258540917362688
957258681904705538
957258961094430721
957259086369902592
957259181005967360
957259262157303808
957259355027521537
957259400049299456
957259414049869824
957259674356772869
957259822222774273
957259952392933381
957259960546746368
957259965445672961
957260275182383105
957260567282176006
957260937072820224
957261092752973825
957261155080253440
957261354674597888
957261385653682176
957261638549336064
957262036425097217
957262039767920640
957262181334175744
957262225852456962
957262296828452864
957262677696483328
957262754225836032
957262786853265408
957263257231818753
957263389247655937
957263523947532289
957263607833792513
957263721516105728
957264275659247617
957264404298502144
957264607445430273
957264701913747457
957264748617371649
957264991496867841
957265224049950721
957265279444275200
957265389154701317
957265449888165888
957265446901813253
957265464962400257
957265537033232386
957265595984211968
957265644508073984
957265702238474240
957266290044960768
957266380491026432
957266411340161024
957266476431486976
957266510879346689
957266564285456384
957266641129213952
957266649652060162
957266737807929344
957266948340973568
957266949402234882
957266959497879553
957266965076246528
957267068776271872
957267239551586306
957267281901441024
957267300545191937
957267402147975168
957267477800484865
957267530258829312
957267564417122306
957267753299308544
957267867925405697
957268194762293248
957268214739816448
957268217826865152
957268653044654081
957268910193233920
957268959446913024
957268965482553344
957269447508717568
957269493436346368
957269741588107265
957269848618340353
957270105381056512
957270120149139456
957270133973626880
957270240433508352
957270387896799234
957270468179972096
957270859772780544
957271022943854592
957271053071417345
957271106574082048
957271419133538304
957271485772648453
957271611413073920
957271686189023232
957271994717925376
957272000841609217
957272113710329856
957272136636346368
957272218261651457
957272230244835328
957272372637298688
957272421140135936
957272440266248192
957272457722900480
957272729652252672
957272769787580416
957272977355223042
957273238458990592
957273326875021313
957273416922488832
957273557704368129
957273765351755778
957273812164403201
957274004947075079
957274057715666944
957274109464989697
957274140737753088
957274195905384448
957274231775137792
957274255196012544
957274277010722816
957274294966538240
957274489171083265
957274503502905344
957274520448053249
957274526756192258
957274534297530370
957274597409394689
957274601935040513
957274788589862913
957274848170008576
957275299955331072
957275412152795136
957275422244270083
957275467127705605
957275520323989504
957275709852045312
957275779905261568
957276017638477825
957276319884201985
957276699527348225
957276711753838593
957276854448279552
957277215149969415
957277219856019457
957277227464278018
957277350093303808
957277819318530049
957277966156943360
957277981277384705
957278262132199424
957278283158163456
957278284756279297
957278280993910784
957278322622435331
957278330105008129
957278375562960897
957278696817217536
957278798772359173
957279063663558656
957279086170095618
957279089827643394
957279410872348672
957279465679347712
957279921738604545
957280044883247105
957280072590876673
957280202291376128
957280486652628992
957280589517901824
957280604944519168
957280970482311171
957281738035736576
957281847544897536
957281964893097984
957282053535469568
957282064381878273
957282065384435713
957282074842497025
957282100583043073
957282626603188225
957282656466677761
957282670869958656
957282741468454912
957282809856643072
957283108922982400
957283124194488320
957283141974192129
957283159716057088
957283188694503425
957283622272356352
957283717608714240
957284243062870016
957284573012025344
957284572315734017
957284575234920449
957284576598155264
957284608508391424
957284842135347202
957284919650209792
957285068871028737
957285343677607936
957285700193390594
957285797509697539
957286175764598785
957286346879569921
957286597166321664
957286629512826884
957286855019462663
957286848430247936
957286988268408832
957287181529374720
957287886608584707
957288053793591296
957288254360948737
957288364452995072
957288370916306944
957288530631413760
957288792230170624
957288794205687808
957288958496509957
957289028684013568
957289193612464128
957289238088863745
957289328006303746
957289395576541186
957289599121928192
957289612300439552
957289609830027265
957289639022391299
957289713907445761
957289749953372160
957289769238704129
957290107714797568
957290180179873792
957290409222434817
957290441896087552
957290655797084160
957290775796244480
957290786843955200
957290932864540673
957291190654783489
957291271323836417
957291297869529094
957291468082868224
957291964591874049
957292173359288320
957292606421168128
957292621105426434
957292837703421953
957292851020423168
957292939977396224
957293113730568193
957293149432381440
957293565796896769
957293645153042434
957293641160167425
957293816293314560
957293896219930624
957294021302464518
957294070635909120
957294615111102465
957294674326228997
957294744245293056
957294770128334851
957294829532217344
957294958913966080
957294979038269442
957295094700396544
957295108814196737
957295270915649537
957295349072265216
957295408874745858
957295565817118720
957295645664141312
957295664194621440
957295899675328512
957295897041408000
957295916641325057
957295984924659712
957296159248195586
957296162062544896
957296199274516482
957296392199921666
957296670840098821
957296872850370565
957297149783375872
957297159325368320
957297164216135680
957297429140799488
957297436376023040
957297507238850560
957297737640370178
957297774281809920
957297804073951232
957297849682857984
957297913515986946
957297980381585410
957298215736479744
957298282497179648
957298426143797249
957298608562425857
957298859801300995
957298868525379585
957298909336006656
957299087891673089
957299151947132928
957299406352605184
957299409955573760
957299552792563713
957299679443767296
957299686037221376
957299846091812866
957299923162189824
957299951935082496
957300043710681089
957300190666543105
957300451011059712
957300614081470465
957300710189797376
957300764136890369
957300847813316609
957300989664677888
957301040818393088
957301233181757440
957301609758945282
957301700615815168
957302078052945920
957302125826138112
957302142531928067
957302188765777921
957302196802150402
957302186928635904
957302200904093696
957302203261300736
957302206822305792
957302265479618560
957302358328971265
957302598633222144
957303181599559681
957303463699984384
957303484029853696
957303510764269568
957303607203942400
957303761000640512
957303965611364358
957304040341364738
957304200354025472
957304207111065600
957304218448048128
957304218297257985
957304235762311169
957304288073613315
957304292767076352
957304340930285569
957304446198992896
957304688541650944
957304698356117504
957304703200714752
957304754442588166
957304770578014209
957304907765288962
957305014313242624
957305017454743553
957305051197960192
957305081837379586
957305119032430592
957305155984216064
957305183029129216
957305215375609856
957305248602828800
957305249580093440
957305251933118464
957305293603524609
957305326168084480
957305361152856065
957305366966099969
957305387669184512
957305409085288449
957305415737495558
957305445756129282
957305452978728961
957305461245530113
957305490538745861
957305503520116737
957305527255650306
957305556074721280
957305564836528129
957305582742114305
957305633837076482
957305641328095235
957305695413645312
957305721682649088
957305730939449344
957305760102436864
957305770349035520
957305788330016769
957305814976552960
957305814586413056
957305849038426112
957305877073158144
957305904126414848
957305934610657280
957305971424022528
957305985030385665
957306008224829441
957306082971578369
957306122469367811
957306179033686016
957306200403644416
957306234561900545
957306298386800642
957306336181616640
957306420936040449
957306487235399682
957306545305505793
957306562401521665
957306861405003776
957306926861299712
957307015327633409
957307031391784961
957307180545429504
957307643382640641
957307652693995525
957307805685383169
957308305340321793
957308340694081537
957308481903693830
957308484877475845
957308502699016192
957308533883789312
957308606575202304
957308680076169216
957308730277859329
957308761747705857
957308778139004931
957308789723713539
957308847223435264
957309002936979458
957309115017162752
957309119639191553
957309139612569601
957309317849538560
957309541397487623
957309653926506496
957309742422118400
957309860240068609
957309864296042496
957309980314689536
957310081091231744
957310121738203136
957310520046047234
957310767262416898
957310776741679104
957310942030782464
957311171236900865
957311253680140288
957311429949968384
957311522358943744
957311532270014464
957311662817767426
957311722196492290
957311837594443776
957311907089862657
957311935338500096
957312022726656000
957312093589528576
957312249181356032
957312250506719232
957312254399139842
957312370233180160
957312410905403392
957312416991281157
957312524193542144
957312537929900033
957312710433300482
957312922623062016
957312978885513217
957313195596812289
957313255084560389
957313318385053702
957313525789097984
957313952588992512
957313981022121984
957314007702097920
957314084617248770
957314368206667781
957314434195689473
957314496938303489
957314521298800642
957314629453144064
957314772634165248
957314774588690434
957315296791900160
957315334230478849
957315455408058370
957315579802726400
957315580654182400
957315629773619200
957315637986111488
957315657154093056
957315767653027843
957315870132441090
957315958326128641
957315990525808640
957316089142304769
957316185657233409
957316242020462593
957316292104597504
957316426066472960
957316651632005120
957316877298077698
957316996164702208
957317307436621824
957317496612286464
957317511665594368
957317787554369536
957317827769323525
957317866512056320
957318093705015298
957318198587568128
957318212772859904
957318465978798080
957318518717997057
957318599424774144
957318760779714560
957319095296372736
957319114468585472
957319143941988352
957319208647450624
957319345478291456
957319802917240832
957319828485783553
957320116525449216
957320517052260353
957320596815335426
957320595070504960
957320615966502913
957320620714418178
957320627001659394
957320685717721090
957320760565161985
957321369158672384
957321373281652742
957321415426019328
957321438670843904
957321740719415296
957321784742817792
957321786378596353
957322110250123264
957322204085194755
957322453331726336
957322636740014080
957322816482889728
957323046175629312
957323375067746304
957324024102752256
957324101386952705
957324085087924227
957324132324081666
957324164096020485
957324212234055680
957324231674560518
957324237202776066
957324358426550272
957324385328730114
957324424495190016
957325315864432641
957325541765472256
957325641254400000
957325978803560448
957326098798440450
957326096072105985
957326274061570049
957326288351629312
957326365975633922
957326859267723265
957326938510647298
957326998807904256
957327015849406464
957327149622579200
957327209307533312
957327242203365376
957327352714940418
957327357362298881
957327363813134337
957327607481143296
957327781641285632
957327841129050112
957328388284403712
957328455296864261
957328479447601152
957328569847382017
957328634208952320
957328667159531525
957328696624472064
957328816279564288
957329674388033537
957329835415699459
957329894970707969
957330141327384576
957330706966958080
957330791037587456
957330861581619201
957330960118403073
957330988618612737
957331021124526081
957331059032711171
957331100006801409
957331261994995713
957331266226987008
957331278700994561
957331489322127361
957331948011212800
957332040164179968
957332266224668684
957332385712033792
957332387716845568
957332468394323968
957332879075405824
957333013792198659
957333033207713792
957333115185360896
957333165508476928
957333264221564929
957333306999296000
957333309549350912
957333591679295488
957333666094616576
957333683999997952
957333688194347009
957334069972537344
957334368460165121
957334649319116801
957334785017438208
957334853887938560
957334863337619456
957334898150445056
957335057819226112
957335257983963137
957336006562320384
957336103534686209
957336231045685255
957336300885106688
957336337446817792
957336378521604097
957336486768185346
957336770856747008
957336802586742785
957337398697918465
957337440108204032
957337626255732737
957337733076275200
957337899065802753
957337978568937472
957338008553971713
957338068985540608
957338134731280384
957338216872468481
957338311575703555
957338453104001029
957338472234323969
957338555512246273
957338608008130560
957338650475409408
957338680712224768
957338678174547969
957338820420276225
957338953174065152
957339010023731201
957339330359496706
957339575806038018
957339653958459393
957339894262697984
957340040002228224
957340079248244736
957340177445384194
957340772143108096
957340772994637825
957340811141812229
957341032324222977
957341429545820160
957341460155813890
957341473908973568
957341592117006336
957341627823030272
957341667627032576
957341750976184327
957341855607336960
957341924385546240
957341989418217472
957342058460667904
957342172541542400
957342218297139200
957342246294212614
957342455392882688
957342516336001027
957342615015448576
957342648708337664
957342658451697664
957342668186628097
957342800491761673
957342944071241729
957342955953643520
957342957094494208
957343036182327298
957343198824812544
957343223512416256
957343374805217280
957343412579168256
957343718079639553
957343840469438465
957343846165352448
957343968622186496
957343970157301760
957344082409467905
957344119755591683
957344225540083712
957344567166144512
957344571339534338
957344586325807106
957344586594177030
957344666478931968
957344749844860928
957344971279003648
957344973891997697
957345362632757250
957345432178487296
957345671887163392
957345888317394944
957345928679223297
957345988452155392
957346027329261569
957346218283360257
957346253200904192
957346374231748610
957346506431913984
957346524106772480
957346566205042691
957346732437852160
957346769154822145
957346879074983936
957347172273532929
957347222399660032
957347329568223232
957347382181711872
957347566353571841
957347598700040193
957347776064643072
957347902363402241
957347905983209472
957347922915586049
957347958663602179
957348157175844865
957348164452970496
957348228726444032
957348231305887744
957348351242047489
957348702502473729
957348956509560833
957349023056359425
957349068803657728
957349110247514115
957349162672181248
957349366041366528
957349481082626048
957349587999653894
957349891042430978
957349963092189185
957349996990554112
957350179375603715
957350294203064320
957350316529324037
957350651587153923
957350774245216256
957350777063841792
957350777428692992
957350988431740928
957351208519458817
957351280581672961
957351435938811904
957351824562049029
957351864399548416
957351962713968640
957352154351710208
957352230860066817
957352316239253504
957352418626494465
957352557936087044
957352586973237249
957352615230263296
957352671387758592
957352698583699456
957352762509070336
957352815407583233
957352892981227521
957352902120673285
957352913210347520
957353036040626176
957353070102499328
957353423908757504
957353622496399360
957353640708247557
957353649793126401
957353780097486857
957353783046098944
957354034880532480
957354066161688576
957354472518422540
957354509650579456
957354984265404416
957355066146676736
957355151827841025
957355215132463105
957355306312347648
957355332430331905
957355461157761024
957355594826035201
957355672282259456
957355793699037184
957355848606642176
957356017255374848
957356508039303168
957356774264311808
957356988270301184
957357275127173121
957357339778146306
957357456056778752
957357477871398912
957357552894922753
957357590635339776
957357775226580993
957358035781017600
957358134212857856
957358317877235713
957358387410362369
957358489810153472
957358613957431297
957358694383075329
957358830228262914
957358870850129921
957358923081711618
957358954803286016
957358977226076166
957359026735669248
957359145312808961
957359232432689152
957359386736971776
957359582161940481
957359666551549953
957360069921959936
957360072878968832
957360227661303808
957360552375980032
957360567253127169
957360588644077568
957360595224932352
957360618180370432
957361023647875074
957361038927818752
957361090299645952
957361305559687170
957361604349300736
957361706216378369
957362110723477504
957362213832069120
957362343964495873
957362368278908928
957362601914191873
957362679471132672
957362731421765634
957362826984779781
957362850053410816
957362852679036929
957362884912099328
957362913110581248
957362927220207616
957362928050757633
957362948535652352
957362958207717377
957362973319733248
957363015963340800
957363221744242690
957363260281507840
957363324508884992
957363378971906050
957363543984214016
957363556290387968
957363654353149952
957363902769229824
957364002824376327
957364037431459842
957364105060474882
957364135183908864
957364175512186881
957364210668797952
957364509919924224
957364544875192320
957364621794533376
957364841743814656
957365227003183105
957365268581363713
957365575180746753
957365737810726912
957366067013259264
957366115373592576
957366141449629696
957366275549876226
957366545088499718
957366627749842944
957366665423015936
957366903445606400
957367033813000192
957367237165371392
957367714565287936
957367842952941568
957368133580357636
957368221807595520
957368353965969413
957368637010059264
957368691313840128
957368802970398722
957368807517032449
957368872981671936
957368946184916992
957368962517557253
957368962630737920
957369087700631552
957369142763507717
957369169368043522
957369294593150980
957369457281773568
957369496238510080
957369510142664704
957369540605857796
957369678711676930
957369711498596352
957369785276395520
957369966856167425
957370060846354433
957370121655345157
957370158825267201
957370193981968386
957370221362401280
957370412819800064
957370902630617088
957370949384404994
957371272442376192
957371648369405952
957371662399352832
957372082718957573
957372108258111488
957372156178063366
957372162066837504
957372284095823881
957372397467955202
957372434503618563
957372501352501248
957372557417738240
957372656361205761
957372935391637509
957373010683531264
957373013984505857
957373272898854912
957373316100182017
957373376913465344
957373493263458304
957373555037044741
957373732565278720
957373939122044928
957373977411899398
957374145129566208
957374199496134656
957374409408380928
957374537535979520
957374664745070592
957375396386926592
957375449709105153
957375586938359810
957375591581446145
957375722120712194
957376231464370176
957376432354811904
957376625267666945
957376694712721408
957377024477327360
957377258901180416
957377480779882496
957377729879519234
957377743372607488
957377757083729921
957377939355717632
957378029222813697
957378093659893760
957378557243731968
957378580253732866
957378708196724738
957379528858447872
957379621900750848
957379682374168576
957379831317999617
957379920400928768
957379938214141957
957380226257911810
957381089458311168
957381202318647298
957381402454085634
957381730922582017
957381731480457216
957381765806612481
957381792012660736
957381837839634432
957382212781006849
957382252329041920
957382349133672448
957382831336026112
957382964572192768
957383430228111364
957383557395243008
957383642115919872
957384004507963393
957384062603333632
957384676401872901
957384710954594304
957384956526948354
957385259447930881
957385847069925378
957385963101188097
957386240155963393
957386266663931904
957386560705527810
957386605253332994
957386901115297793
957386979527753729
957387012641878016
957387059559354368
957387226484125696
957387796452397061
957387968477630466
957388097628622848
957388147758858240
957388206634405888
957388244940967936
957388405943357440
957388442069028864
957388515607810048
957388689843384322
957388959474167808
957389250751860736
957389335405481984
957389535788314631
957389614041518082
957389722988548097
957389818874466304
957389843931320320
957390038970576896
957390093727215616
957390148970467328
957390180943650816
957390253391859713
957390313122926593
957390344089407488
957390397105430534
957390520405381120
957391343193649154
957391391914713088
957391463058432006
957391503772577793
957391558457921536
957391563847585792
957391565344919552
957391741954547713
957391781578067968
957391820237037568
957391843108577280
957391859822874625
957391944136708097
957392007030366208
957392020041068544
957392055990353921
957392089272193024
957392099128872961
957392101192491009
957392155731021824
957392163616231426
957392167214944259
957392168691388416
957392168871751681
957392194805096450
957392201667022848
957392206125502464
957392233103323137
957392238719496197
957392272793980929
957392291676684288
957392311020933120
957392314728673281
957392328343289859
957392341924532230
957392373327302656
957392376548511744
957392389869654016
957392392931422208
957392400326021120
957392413609418753
957392532803026944
957392541363720192
957392562574233602
957392580337168389
957392657608830978
957392744942534661
957392761908580353
957392785946152962
957392794582241286
957392795840499713
957392839100588032
957392875175759872
957393027647098881
957393041450586112
957393045170814976
957393059318255616
957393215740633088
957393264818229248
957393325593645057
957393353238241281
957393410737999873
957393453645778944
957393464576135169
957393507613888513
957393545387704321
957393635355561984
957393656524271616
957393674052292608
957393685712392192
957393810945961984
957393814066483201
957393821846917120
957393853832679431
957394041506844673
957394043796893697
957394049387950080
957394118946250753
957394282830290945
957394387989860352
957394434416660481
957394486971322368
957394679984685056
957394702675869697
957394980754116608
957394990828793856
957395171603288064
957395176661676032
957395177441824769
957395290872573953
957395380529967104
957395440693055488
957395441250963459
957395589855105027
957395668234063873
957395674152230912
957395704237961217
957395746046832642
957395792041533441
957395825671528449
957395825667330049
957395932143812608
957395932223557634
957395965861822464
957396069788372992
957396157063421952
957396202101800961
957396213124489216
957396311753535488
957396605585559553
957396657389363200
957396703518347264
957396765925429248
957397043907055616
957397049963671552
957397186471346176
957397245841813505
957397352393904128
957397369594744832
957397642513969154
957397680166264832
957397789645918214
957397826186735616
957397855437803520
957398020701786113
957398054067458048
957398294631735296
957398310695915521
957398342832705536
957398374432387073
957398386860322817
957398852742668288
957399078618451968
957399213620408320
957399355216056320
957399394432831488
957399445284507648
957399540683943936
957399752034930689
957399817826824192
957399827062689793
957399843722338304
957400156835590144
957400327262793729
957400432091062273
957400500122673153
957400890729750528
957401033315180546
957401095109783552
957401100453273600
957401107390541824
957401111014592512
957401159479652353
957401172893151233
957401386295144448
957401547268349952
957401649286434821
957401661869318145
957401750432108544
957402106197049344
957402113277079552
957402429376655361
957402479783591936
957402487782297601
957402650647121921
957402683895316480
957402720675213319
957402772600705024
