1009224308550348800
1009224347163287552
1009224375097229313
1009224607558176768
1009225321755955204
1009226697923850246
1009227569990918146
1009227673317634051
1009227790066114560
1009228092613824512
1009228324823097347
1009228528636907521
1009229298824368129
1009229521617334272
1009229835217047552
1009229913159856128
1009230016016678913
1009230312398782464
1009230369969901573
1009230526274777088
1009230610639085569
1009233849656795136
1009234236468006913
1009234265257791488
1009234410573623296
1009234566152765440
1009234608360181760
1009234696230834176
1009235359379619847
1009235673667301376
1009236323528568832
1009236635484151808
1009238334303014912
1009238964736159749
1009239409764552705
1009239438445236224
1009240838608695296
1009241588118286336
1009246677843300352
1009249250503528453
1009249282271084544
1009249434352410624
1009249693778530304
1009250971048955904
1009251065026502656
1009253276678787072
1009254031942823936
1009254467764617216
1009254509149687813
1009254542138101761
1009255309372678144
1009255550339764224
1009258560402882561
1009259032639627264
1009259718945247233
1009260094192803841
1009261175450849280
1009262373440540672
1009262447981625344
1009263599070556161
1009264098486480897
1009265141114986496
1009265413212004352
1009266824641417217
1009267431720800256
1009268385681756161
1009268705216356352
1009269607654445058
1009269610049228800
1009269646413959168
1009272395171913728
1009272485785849856
1009272507906576384
1009272608796405760
1009273476748922881
1009273932808060928
1009274066258350080
1009274640462635009
1009274651984433152
1009274995472830465
1009275054079791104
1009275256002015233
1009275450223415296
1009275810069602310
1009276393056866305
1009276479656644608
1009277514542469121
1009277876523462657
1009278316111695872
1009278631099666434
1009278760577851392
1009278793675091968
1009278959052316672
1009279554215653379
1009279673539235841
1009280050913533953
1009280276298641408
1009280475175809024
1009280464581021696
1009280556494974977
1009280593744596992
1009280623146610689
1009280634911682560
1009280877728354305
1009280903183589377
1009280924557758464
1009280949434159105
1009280954811047936
1009280958800039941
1009280939548176384
1009280968614645760
1009280985077346306
1009281019055403008
1009281704450805760
1009282767186747392
1009282994035716096
1009283146557415424
1009283304611336193
1009283457330147330
1009283957555425280
1009284118306349057
1009284673384706048
1009284711267667968
1009284709543751681
1009284731974901760
1009284848324931585
1009285148968439808
1009285538547892225
1009285783604350977
1009285875887419392
1009286201382199296
1009286848080957440
1009287016012541952
1009287024510210048
1009287040540839938
1009287125605511168
1009287128717627392
1009287233235570688
1009287241045299201
1009287286004084736
1009287326885990400
1009287335610077186
1009287459845394432
1009288023891173376
1009288102169468928
1009288518282240000
1009288523680223232
1009288596229062657
1009288656241266688
1009288692245188611
1009288772532482048
1009288776470982657
1009288793956995072
1009288830233522176
1009289135473950721
1009289211948814336
1009289718532657152
1009289739873210368
1009289759393366016
1009289766234288129
1009290001149054977
1009290242157838336
1009290536182837248
1009290555803570176
1009290959128027136
1009290998130733056
1009291094637588481
1009291174530682880
1009291405582389252
1009291428130967554
1009291685782872065
1009291962808262657
1009292108660867073
1009292114621009920
1009292204463009792
1009292265909563392
1009292267578851328
1009292535246794753
1009292569832980480
1009292723365478405
1009292733209628672
1009292842345402368
1009292883004936192
1009293127004409856
1009293150177947649
1009293185217163265
1009293201151275008
1009293227655073793
1009293539103137793
1009293660616318976
1009293799611359232
1009293886274056194
1009294026858815488
1009294034181869568
1009294109285257216
1009294143720443904
1009294260364042240
1009294268526153728
1009294326592167937
1009294476316168192
1009294475284369408
1009294499208744960
1009294772870176768
1009294773218357248
1009294783846772736
1009294875077107712
1009294956354330624
1009295093705138177
1009295138890403840
1009295153503272960
1009295320247828480
1009295355039637506
1009295447717023745
1009295495930540032
1009295794317529088
1009295820418617349
1009295833295196160
1009296057870749696
1009296103278342144
1009296113629908993
1009296356337479680
1009296366726733825
1009296568955088896
1009296734932094976
1009296931649179649
1009297180467908609
1009297202345316352
1009297233743933441
1009297272818061312
1009297388387930112
1009297411209129984
1009297456419483648
1009297550564904965
1009297626615951360
1009297704961363969
1009297743322415105
1009297839124615168
1009297850994429953
1009297951624220672
1009298016451416065
1009298032364572672
1009298101356650496
1009298309104615424
1009298314427129856
1009298555390054401
1009298553620090880
1009298799309680640
1009298931044569088
1009299045381271552
1009299107490553857
1009299219046379520
1009299290433441797
1009299356703477761
1009299472344649728
1009299485154004992
1009299594201706496
1009299614967705600
1009299627051503616
1009299806727090176
1009300097803390977
1009300275138613248
1009300301923409926
1009300345313521664
1009300405384286208
1009300419041021952
1009300438368301056
1009300451215495168
1009300486883807232
1009300543863390208
1009300619503525888
1009300642291224576
1009300989944455168
1009301085192966146
1009301149357346816
1009301299752562693
1009301303988768770
1009301445047455746
1009301485295939584
1009301555122769921
1009301724618686465
1009301782747590656
1009301863441854464
1009302108116541441
1009302116773564417
1009302208352063488
1009302219894804480
1009302319761166336
1009302340971589633
1009302340803780608
1009302361762869249
1009302367232290817
1009302372944838657
1009302617422516225
1009302676117606400
1009302735731257344
1009302834167156736
1009302838735003653
1009302939402465281
1009303318940803072
1009303372053217281
1009303445935976448
1009303560520196096
1009303581042855936
1009303609186582528
1009303701750730753
1009303762861723648
1009303777223020544
1009303869535506432
1009303887168376832
1009303895892471809
1009303898052587521
1009303943434862592
1009304046484803584
1009304578221801473
1009304633293131781
1009304656399486977
1009304776226549766
1009304776683778048
1009304800696127494
1009304819520163840
1009304839266930688
1009304846019809280
1009304847584251906
1009304849903706114
1009304873056206848
1009305042543931393
1009305122327941120
1009305147615469568
1009305316507430912
1009305508442988548
1009305514155618304
1009305558518820864
1009305644481024000
1009305819903660033
1009305854859010048
1009305883610877953
1009306074825052160
1009306169716985856
1009306173449867264
1009306182505455616
1009306183465865216
1009306623322423297
1009306638145282048
1009307179390783488
1009307357153656838
1009307358978142208
1009307554911014912
1009307769575493633
1009307825393295360
1009307891604574208
1009308098207649792
1009308147020902402
1009308175898726400
1009308182068547585
1009308198950653953
1009308273911181312
1009308390605062144
1009308592787329025
1009308700803321856
1009308725243514880
1009308915757211649
1009309024553197569
1009309056044077058
1009309139032592384
1009309173962723328
1009309229243686912
1009309287481561088
1009309403823079424
1009309595356065792
1009309597616787456
1009309699206991873
1009309700490432512
1009309813241720832
1009310010168537089
1009310137792819202
1009310188493524992
1009310275756085249
1009310365635792897
1009310429280133120
1009310474947743744
1009310483906744321
1009310507617177605
1009310577376800768
1009310641054724096
1009310703768035328
1009310744700170240
1009310748995145729
1009310833862762496
1009310992449392640
1009311035680018433
1009311055649099776
1009311058870358016
1009311137006018560
1009311138985717761
1009311197219426305
1009311200390336512
1009311219612835840
1009311608856829957
1009311730114101248
1009311747164065794
1009311817078923264
1009311891129294848
1009311974482685953
1009312003524124672
1009312055667683329
1009312056300965888
1009312159464116229
1009312200006172673
1009312292402495489
1009312293811834880
1009312454579499010
1009312464591294466
1009312581469835269
1009312611157016576
1009312689951268866
1009312731189665792
1009312761808146432
1009312855903088642
1009312893739945984
1009312904410214400
1009313091694231552
1009313110321188864
1009313152989790209
1009313167577579520
1009313221428334592
1009313227665281025
1009313336759119873
1009313395861020672
1009313447874564098
1009313507349852161
1009313525729292289
1009313554057646080
1009313587121278977
1009313642653863936
1009313655035432961
1009313778759061504
1009313795414593536
1009313896824438784
1009313979745828865
1009314039707684864
1009314090811052032
1009314092530720768
1009314112558501888
1009314130191364096
1009314248240050177
1009314317861343233
1009314347821121537
1009314597449469954
1009314627551924224
1009314678621855744
1009314717008089094
1009314747647512577
1009314794892128257
1009314800147619841
1009314896935378944
1009314905672085504
1009314909958569984
1009314915860049920
1009314917277683712
1009314925376765952
1009314941042651136
1009314942770733056
1009314949599059969
1009315063461830656
1009315135054368768
1009315183938949122
1009315390416138241
1009315443931303941
1009315723963924480
1009315805329285120
1009315804964409344
1009315912548265984
1009316112247508992
1009316153058045952
1009316223060934656
1009316232837779457
1009316322398932992
1009316393190379522
1009316422630232064
1009316529735946240
1009316598245666816
1009316661596491777
1009316725492518918
1009316837295886336
1009316955768139776
1009317032687493120
1009317033274691585
1009317052962795520
1009317214988750848
1009317285604020224
1009317336237641728
1009317410208350208
1009317426360651776
1009317432236920832
1009317430483673090
1009317433792921601
1009317469394219008
1009317556707037184
1009317722755358722
1009317737934581761
1009317755307388929
1009317825217953793
1009317901940219904
1009317964913496064
1009318089664749568
1009318150314307585
1009318165808078849
1009318191951241216
1009318214583619584
1009318272444051456
1009318271118708736
1009318321861349379
1009318463746334720
1009318500362485761
1009318626472742913
1009318626732716032
1009318656038330369
1009318680621006848
1009318706906849280
1009318753753067520
1009318936834445313
1009319046653804544
1009319071370891265
1009319089460793344
1009319096012296193
1009319177600032770
1009319190384250880
1009319228850098176
1009319477945696257
1009319718287749120
1009319792564719616
1009319811279654913
1009319877637804032
1009319901926916097
1009319941252628481
1009319948290871296
1009319949138087936
1009319948496330752
1009320123252035584
1009320157683027968
1009320299286925313
1009320656310333440
1009320700488843264
1009320817086394368
1009320875907276800
1009320957272641537
1009320993163182080
1009321095546187778
1009321189087555584
1009321204975587328
1009321232364392448
1009321392662351873
1009321432457805825
1009321507934306304
1009321552113012736
1009321569888464897
1009321589295460352
1009321647411810304
1009321782023737344
1009321855755411456
1009321914928631808
1009321941503791104
1009321946578870272
1009321952245317632
1009321978799513601
1009321995845165056
1009322007484346368
1009322066963771392
1009322220349509633
1009322320257847296
1009322359944351744
1009322393314168833
1009322423739736064
1009322452776902656
1009322474146811906
1009322585748856837
1009322658259861504
1009322843157532672
1009322890058194944
1009322895078719488
1009323075224162310
1009323236935512065
1009323459938316288
1009323476451119105
1009323486530031618
1009323496332128256
1009323501403197441
1009323609788121089
1009323723399278593
1009323724192010240
1009323721230815232
1009323767447908352
1009323851795353600
1009323958905327616
1009324047686164481
1009324087360016385
1009324152128528389
1009324212094406656
1009324350674268160
1009324420748464128
1009324659333058560
1009324675351097349
1009324801952047104
1009324952061923328
1009324971775029248
1009324978284658688
1009324981413703680
1009325008110411776
1009325051496321025
1009325219956355072
1009325262486597632
1009325283525005312
1009325334829981696
1009325367436431361
1009325506074939392
1009325528204095488
1009325546889728000
1009325573808754689
1009325703291199490
1009325840935653377
1009325943234748416
1009325980459192321
1009325995999027202
1009326045869297664
1009326157270003712
1009326280536481792
1009326334697529344
1009326368084123648
1009326408047431680
1009326539702521857
1009326867638292481
1009326890434383872
1009326951851425792
1009327124631687168
1009327295948083206
1009327449216339968
1009327476588384257
1009327499669590016
1009327522587267072
1009327588068732929
1009327677495529472
1009327745418125312
1009327771112202240
1009327790745964544
1009327955372363777
1009327971562377216
1009328037169717248
1009328122448285696
1009328127439507458
1009328184763043840
1009328224780898304
1009328234746515456
1009328261506240513
1009328332943568896
1009328395686240256
1009328416116617217
1009328507011452929
1009328525571182592
1009328541249437701
1009328687903371264
1009328724687273984
1009328754991169536
1009328779456667648
1009328805834522624
1009328980997165056
1009329056201011203
1009329105446277120
1009329112769617920
1009329130155003904
1009329144335949824
1009329141672566784
1009329166007914496
1009329268021760001
1009329319808765952
1009329335331942400
1009329364457132032
1009329382589190144
1009329429716365312
1009329507789082624
1009329512289570817
1009329573878738944
1009329684335812608
1009329729160339456
1009329843945771008
1009329866259468288
1009329876892045312
1009329926057742341
1009329988901003264
1009330009536753669
1009330010400985089
1009330012552663040
1009330169960689664
1009330227208601602
1009330257567080448
1009330317059088384
1009330363284541440
1009330396675309573
1009330446881247232
1009330466187595777
1009330484462211073
1009330604142419968
1009330613931991040
1009330713886326784
1009330737450012672
1009330761084923904
1009330784598216704
1009330802226851841
1009330814704865280
1009330830437646336
1009330978236530688
1009331068854591488
1009331178745319424
1009331257799520257
1009331374095028224
1009331394470973440
1009331599287242752
1009331612570484736
1009331708448079872
1009331749942382592
1009331847346704384
1009331875050086400
1009331951977844737
1009332015194353665
1009332027290783745
1009332104709189632
1009332105220886529
1009332103517954048
1009332148665487360
1009332210388946945
1009332240558575616
1009332285202673664
1009332298376888320
1009332305481961472
1009332310901121024
1009332409966432257
1009332516992507905
1009332566812446720
1009332584273211392
1009332662992064512
1009332678515150848
1009332714032508928
1009332767518347264
1009332791383937029
1009332844919951361
1009332856596975617
1009332868278079488
1009332871071453184
1009333068107321344
1009333077020114944
1009333083643023360
1009333130459860992
1009333172763537408
1009333299150557184
1009333312354226176
1009333382231281664
1009333389890150400
1009333468294189056
1009333485910286336
1009333498346397697
1009333508505063424
1009333527006138369
1009333602126090240
1009333649874046977
1009333789796065280
1009333791490543616
1009333796230123521
1009333838114410496
1009333885543600128
1009333950140092416
1009333954032406529
1009333999892877312
1009334052963352576
1009334058449588224
1009334072521445376
1009334087398690822
1009334165794447362
1009334194491789312
1009334210560184320
1009334216658702336
1009334229921095680
1009334273197953026
1009334333822382081
1009334360032542721
1009334369671106560
1009334384028278784
1009334407088439296
1009334452105940992
1009334607089754113
1009334639868203009
1009334791207051264
1009334861772058624
1009334949361733632
1009334963978764288
1009335018047582208
1009335077808037888
1009335085986992128
1009335175392657413
1009335243046875141
1009335302379528192
1009335329051037701
1009335332041576448
1009335362483834880
1009335429815062534
1009335438128091136
1009335494591860739
1009335623109488640
1009335651270000640
1009335684287664128
1009335711340822528
1009335823362387973
1009335926441553925
1009336023254470656
1009336076144693248
1009336108470153216
1009336141026414593
1009336193165725701
1009336242079698946
1009336250975698945
1009336305661153281
1009336303555612673
1009336305896120325
1009336303555612673
1009336362368159744
1009336389954097152
1009336401803005952
1009336509617487872
1009336513669169152
1009336556593864704
1009336570288263168
1009336633676754946
1009336637556436993
1009336649136910336
1009336709237133312
1009336829068369920
1009336829726871552
1009336833795350528
1009336939403767808
1009337007888314368
1009337050938662912
1009337050737401856
1009337086212702208
1009337163065057280
1009337388374679552
1009337449078775808
1009337452832743429
1009337484138999808
1009337492342964225
1009337570575224832
1009337599415201792
1009337665924280320
1009337771851280384
1009337895432441856
1009337895595991041
1009337933894160389
1009337977376595968
1009338197850157056
1009338201704665088
1009338245019205632
1009338390171570176
1009338472950386688
1009338494622294016
1009338529023954944
1009338540218572800
1009338619369172992
1009338639766126593
1009338730946158592
1009338759689703424
1009338830317604865
1009338842141380608
1009338875226087425
1009338924186128384
1009338941928034304
1009339028821430273
1009339091924738048
1009339095989047296
1009339100858650624
1009339116201349121
1009339275987562496
1009339321688653824
1009339337778061314
1009339351032098816
1009339443986206721
1009339457739329536
1009339520981045249
1009339532922314752
1009339645446901762
1009339703836008448
1009339801500291072
1009339864364584960
1009339873290084352
1009339902356545536
1009339953703194624
1009339993180049410
1009340046695071744
1009340071688974336
1009340082443161600
1009340081075818496
1009340133827596288
1009340141108908033
1009340181160386562
1009340191423762433
1009340199246155776
1009340307513794561
1009340332528545792
1009340350954135553
1009340360135528448
1009340396474978304
1009340484035203072
1009340543632134145
1009340574661406720
1009340636426854401
1009340771043086336
1009340793650368513
1009340799799169024
1009340848834670592
1009340861597880320
1009340864571805696
1009340866580713472
1009340870699569152
1009340934956470272
1009340963477708800
1009340995786412034
1009341073305501696
1009341121309405184
1009341134676660224
1009341155283210242
1009341162732257280
1009341204520144897
1009341252050079744
1009341322329718784
1009341334052851713
1009341341611036677
1009341356395950080
1009341360024047616
1009341360376307715
1009341367108161536
1009341375567970304
1009341482715762693
1009341616182657024
1009341634822230021
1009341639683436544
1009341652102770688
1009341723355549697
1009341813830901760
1009341881157914624
1009341939072884736
1009341973352808448
1009342017304956928
1009342100129894400
1009342107096674305
1009342123651555328
1009342158254608384
1009342164474744832
1009342188008935424
1009342240962023424
1009342259475681281
1009342289892790274
1009342319856844800
1009342342585831424
1009342385443176448
1009342459912941568
1009342521309319168
1009342596718776320
1009342599071698944
1009342695653945345
1009342696153022466
1009342757557669888
1009342906606514177
1009342926621691905
1009342979524452352
1009343024051183616
1009343043919663105
1009343053511917569
1009343059526651904
1009343123795955717
1009343149116936192
1009343184793686016
1009343264137383939
1009343293296013312
1009343303492530176
1009343373986148352
1009343427069272064
1009343638680342528
1009343759971160064
1009343782612062210
1009343800458842112
1009343804602765312
1009343862647738368
1009343883975839745
1009343992872558593
1009344001919606788
1009344015920230400
1009344058949554176
1009344067019436032
1009344072434245633
1009344166760009728
1009344169448497152
1009344200666746881
1009344213782269952
1009344246795599872
1009344538316562432
1009344647783763968
1009344670512697344
1009344695233908736
1009344698991955968
1009344707099529216
1009344723885154305
1009344744013561856
1009344803530735621
1009344937224175616
1009345088034570240
1009345098558115840
1009345144506765313
1009345168280047616
1009345181626269697
1009345189343907842
1009345192086966272
1009345221006712833
1009345223426826240
1009345238505271296
1009345278044987392
1009345314568929280
1009345315550396416
1009345330427637760
1009345350929408000
1009345376263069697
1009345420877852672
1009345563614175233
1009345599551037440
1009345615820656640
1009345665900662785
1009345746057990144
1009345841449095168
1009345908788604928
1009345908889325569
1009345976795090944
1009345978527305728
1009346009346998272
1009346018641575936
1009346021787357185
1009346082181140480
1009346101437231104
1009346103093932032
1009346126246490112
1009346236774780928
1009346303376150528
1009346308333883392
1009346313853468672
1009346331771580417
1009346363484667904
1009346373467164672
1009346378609364992
1009346402026180610
1009346446695522304
1009346549166628865
1009346769371762688
1009346898640195584
1009346947860320256
1009347104903434240
1009347117901492224
1009347147198758913
1009347165095956480
1009347170468757504
1009347174793121792
1009347184633044992
1009347199438852101
1009347206078443520
1009347352585494534
1009347366296735744
1009347441097834497
1009347440951152642
1009347466003714048
1009347535822090242
1009347570957725696
1009347622589648898
1009347660212367360
1009347773462994945
1009347780970713088
1009347869642514434
1009347969550778368
1009348004682371073
1009348086844592129
1009348101105180674
1009348104259342337
1009348124949786624
1009348129454526464
1009348132193341440
1009348160223830016
1009348200002674688
1009348341707223042
1009348354294386688
1009348380609466369
1009348418135887872
1009348446120300544
1009348465456041986
1009348465892188160
1009348489376157696
1009348543142924289
1009348553611804672
1009348570531749888
1009348603566010368
1009348646477942784
1009348756280627200
1009348772999192577
1009348809418297344
1009348809934229504
1009348888157917184
1009348889810493440
1009348890036981760
1009348937185202176
1009348958114779137
1009348984710860800
1009349087215390720
1009349093469118464
1009349114784608261
1009349245642727424
1009349279041904641
1009349313498157058
1009349373313060864
1009349400081022977
1009349404099149825
1009349465373904896
1009349515042803713
1009349591379120128
1009349667874885632
1009349675634364416
1009349678327128064
1009349686396882944
1009349839375695872
1009349877019619328
1009349900092542976
1009349932904538112
1009349942475927552
1009349954832404480
1009349965909577729
1009349992056750080
1009350019818848256
1009350023392489472
1009350118020190208
1009350137905319937
1009350197191827456
1009350261180108801
1009350275960852480
1009350368684396544
1009350370584297472
1009350408249241600
1009350418932133888
1009350441463934977
1009350560666005509
1009350577522905088
1009350601367539713
1009350644652797953
1009350873703690241
1009350938530910208
1009350952095272961
1009351145595293697
1009351162213085184
1009351203367596032
1009351217867345921
1009351231448461313
1009351336964579328
1009351414819311618
1009351441557966848
1009351451334803456
1009351519735607296
1009351595958657024
1009351620981911555
1009351621854269441
1009351811327815680
1009351853233012738
1009351960661815296
1009352270625067010
1009352351600214016
1009352419329953793
1009352472899485696
1009352495943049216
1009352540398542848
1009352579971715072
1009352622099312650
1009352744107462656
1009352746925895681
1009352776219004928
1009352777070469120
1009352910046711808
1009352923296518146
1009352950915923970
1009352958587351041
1009352983585452033
1009353002111684610
1009353012538724352
1009353023762714625
1009353074597617664
1009353074211737600
1009353230982303745
1009353244299186176
1009353302495125504
1009353413837062144
1009353472863559680
1009353523211927553
1009353545152434177
1009353575540166656
1009353594703839232
1009353683107102720
1009353687074893824
1009353740074258432
1009353873474097153
1009354003984080896
1009354053263020035
1009354082887372806
1009354164936245254
1009354209983127552
1009354230526771200
1009354263854796800
1009354267357040640
1009354269227659264
1009354305449680902
1009354356217536512
1009354379835641862
1009354395157483520
1009354399729225728
1009354417823461376
1009354511369064448
1009354512560218114
1009354587562790912
1009354662032674816
1009354734535397376
1009354772196089856
1009354818215907328
1009354832644313088
1009354844182900736
1009354869155745792
1009354906661203969
1009354995135807488
1009354995249090561
1009355032939126784
1009355040023248896
1009355045014515712
1009355105399951361
1009355179211272192
1009355181128118272
1009355248161484800
1009355293166374917
1009355351324577792
1009355458778365953
1009355490151796736
1009355511039430656
1009355616786272256
1009355625250385920
1009355655575162882
1009355680644517888
1009355733484392448
1009355765969084417
1009355782020849665
1009355868520009729
1009355894763806720
1009356007548555264
1009356058165465088
1009356077106913280
1009356114616569856
1009356207730118656
1009356264911114240
1009356364446097409
1009356424923811841
1009356481865637888
1009356485141426177
1009356516716109825
1009356543442210816
1009356557979668480
1009356584932212738
1009356601323638784
1009356607329796097
1009356702423179264
1009356778218426368
1009356798145462272
1009356822686429184
1009356828843630592
1009356875421376513
1009356956052721664
1009357119055892480
1009357165210095616
1009357191411830784
1009357214367256576
1009357274123563009
1009357360312266752
1009357364875743232
1009357369350991873
1009357392906280960
1009357436338221058
1009357521264336896
1009357714135371776
1009357744888012801
1009357749937999872
1009357814177959936
1009357836546174977
1009357844964048896
1009357871182745601
1009357968633024512
1009358017580527616
1009358028989231104
1009358048840863744
1009358052666085376
1009358076720410624
1009358110153150464
1009358141828591621
1009358142340247552
1009358142625509376
1009358240935763969
1009358241267150848
1009358300352335873
1009358351615045632
1009358400193482754
1009358582133993473
1009358646755708929
1009358689311084544
1009358713671618560
1009358776925933569
1009358786077904896
1009358790662205440
1009358819372294144
1009358852557598720
1009358918076784640
1009358937437691904
1009358944895164416
1009358945746644994
1009359085278564353
1009359110838636544
1009359183274266624
1009359186973593600
1009359198386352128
1009359252396404736
1009359413914865665
1009359497360527360
1009359680290934789
1009359681083592704
1009359701199523840
1009359923447287813
1009360075423649792
1009360096739184640
1009360132290080769
1009360186342035456
1009360189852737536
1009360207120510976
1009360211977670656
1009360238682787840
1009360309285543937
1009360313182031872
1009360429833949184
1009360515624206336
1009360523895296001
1009360731203145728
1009360957716488192
1009360997088485376
1009361048279842816
1009361088801132544
1009361101824430080
1009361131452928000
1009361156593635328
1009361181000327168
1009361260897554432
1009361340027326464
1009361384340185088
1009361474052116480
1009361475033497601
1009361471896260608
1009361526283698177
1009361538048823297
1009361565991292928
1009361567413088256
1009361587369664512
1009361603605737472
1009361655812194305
1009361683477925888
1009361746723835904
1009361762016165889
1009361922737737729
1009361955344306177
1009361958552956928
1009361962810204161
1009362135711977472
1009362209825329153
1009362225218367488
1009362242540716032
1009362314812944384
1009362385151447046
1009362416147271681
1009362426440151041
1009362474599149568
1009362483675529218
1009362489442734082
1009362489795076096
1009362496371732480
1009362498821263360
1009362520497360896
1009362540110012416
1009362583709732864
1009362586150858752
1009362642153005056
1009362649375789056
1009362708666384385
1009362732347543552
1009362809736581121
1009362810244124672
1009362828187365376
1009362832591376385
1009362940242296832
1009363043246116864
1009363048031752192
1009363122279370752
1009363310335217666
1009363347454689281
1009363369256681477
1009363395110416384
1009363467818631169
1009363485141004289
1009363615328210945
1009363706462031872
1009363722178125830
1009363854818795521
1009364035832352768
1009364074306637824
1009364126831988736
1009364139922350081
1009364178254155776
1009364263515901953
1009364314099191808
1009364316343144449
1009364481204514817
1009364511797760001
1009364555703693314
1009364703490068482
1009364715561279489
1009364731050840064
1009364740286623746
1009364765163032576
1009364779822022656
1009364786784727041
1009365049943740416
1009365056809832448
1009365153329111040
1009365156571336704
1009365203048427521
1009365235998887936
1009365240297992192
1009365275601440769
1009365383411916801
1009365408154030080
1009365659942313986
1009365694474055680
1009365704326381569
1009365713646243840
1009365723955818496
1009365752233775104
1009365775235407872
1009365824963055616
1009366092098232320
1009366207970119680
1009366224822849536
1009366262563180544
1009366266631675905
1009366298323808256
1009366360835620864
1009366420289925120
1009366431954325504
1009366469065478144
1009366475067363328
1009366480071188480
1009366506558382080
1009366538376359936
1009366545192103937
1009366736137801730
1009366791741689858
1009366851107934208
1009366870904987648
1009366874331770880
1009366972335869952
1009367037125197824
1009367078988668928
1009367080259543041
1009367125365084160
1009367130658279424
1009367267497381889
1009367338913861633
1009367426570637312
1009367534842318848
1009367555298021376
1009367588160397313
1009367763096399872
1009367765004808192
1009367761280225281
1009367812308119552
1009367823104212992
1009367835133513728
1009367898887000064
1009367962535555072
1009367964532002816
1009368074695446530
1009368089094443008
1009368094454710272
1009368102319153152
1009368141808521216
1009368307617746944
1009368349791440896
1009368354359070726
1009368438660354048
1009368480544710657
1009368516204646400
1009368566074957825
1009368699139223553
1009368722061094912
1009368762536136705
1009368812771315712
1009368815283695617
1009368920363556864
1009369048709324800
1009369313147580416
1009369623026982912
1009369672628785152
1009369800236306438
1009369819819307014
1009369923246796800
1009369967354138625
1009370026342797313
1009370071234433024
1009370071330848770
1009370077630812160
1009370210057555968
1009370229712048134
1009370270732152832
1009370276382105601
1009370323853234176
1009370334431268864
1009370380123983872
1009370412298457088
1009370434385711104
1009370471966609408
1009370496453042176
1009370537330597889
1009370544809172992
1009370547640152070
1009370582352367616
1009370655459037184
1009370686169735169
1009370796903555072
1009370865157459968
1009370888771424256
1009370952713588736
1009370975727742976
1009371005402435586
1009371083907260417
1009371228874989568
1009371348899106816
1009371447083589632
1009371497415282688
1009371629133205505
1009371758523240450
1009371841016844288
1009371945211781120
1009371976375455744
1009372075960819712
1009372086228471808
1009372092662534144
1009372155543543810
1009372155954462721
1009372158626328577
1009372355334950913
1009372388151132162
1009372471110373377
1009372590421544960
1009372785150517249
1009372795392884737
1009373012821512192
1009373047390965760
1009373145285918720
1009373173593362432
1009373219252588544
1009373311942479872
1009373343429136384
1009373454884368384
1009373490510815234
1009373782413316097
1009373789531013120
1009373800864124928
1009373857072009218
1009373902496325633
1009373974625767424
1009374052560048128
1009374054267092993
1009374056498565120
1009374166297038848
1009374240158740480
1009374298493120512
1009374388930727936
1009374467330596864
1009374507163889664
1009374508078325760
1009374528223531008
1009374539053174784
1009374554299555840
1009374621219487746
1009374625707503616
1009374625900318720
1009374630132396032
1009374814132408320
1009374860454387713
1009374866372530177
1009375066944045056
1009375111810560000
1009375194845204480
1009375305511985153
1009375372796981248
1009375384830464001
1009375415662731264
1009375461527474177
1009375469957996545
1009375611712729088
1009375630629261312
1009375683271938048
1009375774200205312
1009375782429515776
1009375869457092616
1009375882526457863
1009375884413952001
1009375895180718081
1009375955620593664
1009376034284818432
1009376133807263750
1009376149414268929
1009376167353376769
1009376174638817280
1009376201046097926
1009376205001326592
1009376226371407874
1009376235221389314
1009376274404597762
1009376299083862016
1009376317308104704
1009376319296212992
1009376376540024832
1009376379039895553
1009376405057097729
1009376421062545408
1009376440251572230
1009376449671856129
1009376481821196288
1009376491166191616
1009376512401903616
1009376542785441793
1009376595872796672
1009376608380248064
1009376629179678720
1009376637509668865
1009376680115343361
1009376707915247617
1009376818745565184
1009377002456010752
1009377013080231936
1009377094030196739
1009377106399293440
1009377125634371584
1009377220207497216
1009377223185485824
1009377231750168578
1009377253791330304
1009377275626905600
1009377297558798336
1009377312503140352
1009377376310996992
1009377558276792321
1009377605324288002
1009377636496404486
1009377638140514305
1009377650790617088
1009377699931049984
1009377710202814464
1009377726195818496
1009377814716575746
1009377900192256000
1009377920870178816
1009378058351054848
1009378124780462082
1009378141750652928
1009378252283097088
1009378276178055168
1009378352254406656
1009378378464550912
1009378438292140032
1009378445577674754
1009378505119948800
1009378536535351296
1009378619142090752
1009378757034037248
1009378789674151936
1009378849094885382
1009378897513910272
1009379018603483136
1009379089105420288
1009379099788247040
1009379114569084929
1009379120579395585
1009379201043050496
1009379319649591296
1009379396095004675
1009379409852321792
1009379483437142016
1009379509831860224
1009379531390701570
1009379546326544384
1009379560540995584
1009379564655726593
1009379674747744256
1009379684742844416
1009379689373294592
1009379719576543232
1009379904746676224
1009379952079327233
1009380041896202241
1009380058467852288
1009380091590270977
1009380136729358336
1009380337632325632
1009380346436182016
1009380348197818368
1009380407249383425
1009380409648480257
1009380426417401857
1009380487872294912
1009380516175470592
1009380583158484994
1009380661164150785
1009380662045036544
1009380672656564224
1009380828802093056
1009380865774968832
1009380904458964992
1009381000286277632
1009381029784817664
1009381103520579584
1009381114409037824
1009381128841629699
1009381146822610944
1009381391337959424
1009381564168507392
1009381631004725249
1009381695315939328
1009381943832702976
1009381985347866625
1009382026141552640
1009382105233739776
1009382106835898368
1009382124040916992
1009382216135266304
1009382230471467008
1009382240172822529
1009382361967005697
1009382504774668290
1009382679291351041
1009382850330849280
1009382864906006529
1009382866772426752
1009382893670543360
1009383076751990784
1009383194016264193
1009383264283447296
1009383457523490816
1009383460207845376
1009383509662806017
1009383525802500096
1009383569825894401
1009383633050787840
1009383669348425728
1009383692005986305
1009383895077400576
1009383932549324800
1009383962026921984
1009383967634739200
1009384002048942082
1009384331020832768
1009384428991283200
1009384617059782656
1009384634063388673
1009384670478458882
1009384711582515203
1009384742389796864
1009384856617476097
1009384911395057665
1009385065833533441
1009385176827355136
1009385206783139841
1009385234884890624
1009385271207583745
1009385304820736001
1009385320314560513
1009385344410800129
1009385369941434369
1009385380242706432
1009385414585651200
1009385486996115456
1009385486715097088
1009385547067002880
1009385587575574528
1009385643284328448
1009385665627336704
1009385834511044608
1009385971765432320
1009386012580155392
1009386040375873536
1009386142893035521
1009386347390537729
1009386395645947904
1009386399261478912
1009386418198769664
1009386450461384704
1009386523375136768
1009386525661024256
1009386583768948737
1009386615398195201
1009386633857249280
1009386635547631616
1009386637598617600
1009386633660125184
1009386655663427584
1009386658167427072
1009386669827612672
1009386741881589760
1009386744846876672
1009386755148181504
1009386775251443712
1009386848274272257
1009386980239659008
1009386986594099202
1009387112611893248
1009387169021153280
1009387183252307968
1009387255503446016
1009387258879905792
1009387321408524288
1009387423103705088
1009387535934648320
1009387606726062080
1009387708295335937
1009387746534854656
1009387860053635072
1009387885664112641
1009387900683866112
1009388007093399552
1009388073803767809
1009388074579701760
1009388146574942208
1009388212278714370
1009388248672677888
1009388257044582401
1009388282516566022
1009388376741556224
1009388382764650496
1009388506261618688
1009388515946352640
1009388638705278976
1009388661316771840
1009388688982372357
1009388724868829185
1009388800903172096
1009388813943214080
1009388893332881408
1009388897133002752
1009389157381263362
1009389191589978114
1009389199433306113
1009389209730330624
1009389224741744640
1009389350017273856
1009389401615601664
1009389432867344385
1009389439494344704
1009389584701063168
1009389687482568704
1009389710614114305
1009389722056232962
1009389788909199360
1009389798212202496
1009389814263828481
1009389899844182016
1009389952503898112
1009389964621156352
1009389962008121345
1009389975027224576
1009390000901894144
1009390028324302848
1009390041670520833
1009390319497109504
1009390375742697473
1009390402850312193
1009390404561784832
1009390411511713792
1009390414506397696
1009390513877864448
1009390638956253184
1009390708908797953
1009390763162177537
1009390805646282752
1009390852442030081
1009390863770931200
1009390983195299841
1009390986835972097
1009391004963786757
1009391060785811457
1009391104293253120
1009391224757850112
1009391243544195074
1009391255741259776
1009391263840432128
1009391285105561600
1009391292395216896
1009391295922692097
1009391298258690057
1009391323953053698
1009391331679133696
1009391407063154689
1009391594905235457
1009391621975109634
1009391795703345152
1009391872354275330
1009391894084882432
1009391931359719425
1009391934841016320
1009392101283520512
1009392109621657600
1009392115502084096
1009392119604056065
1009392126063333377
1009392237065760768
1009392239259344897
1009392602305650689
1009392631825223680
1009392812272570368
1009392816680824833
1009392928853250048
1009392930820419584
1009392947295653888
1009392968640401409
1009393030204477440
1009393059497377793
1009393101914427393
1009393239655403521
1009393270991020034
1009393340104826880
1009393382874079233
1009393507545559041
1009393541716631552
1009393586243362816
1009393596783620096
1009393757685473280
1009393930167779328
1009393949704941568
1009394012292251648
1009394014133596160
1009394017027706881
1009394055527137281
1009394056097681408
1009394126150828032
1009394130257051648
1009394208942194688
1009394338756022273
1009394448562782208
1009394499339128832
1009394769494200321
1009394867196366848
1009394883340177408
1009394899345707008
1009395228464304129
1009395402104295425
1009395499529535488
1009395539824267267
1009395560342749184
1009395587245109248
1009395634514915328
1009395738885967873
1009395827448647681
1009396054658297856
1009396095645110275
1009396265594052610
1009396311538446336
1009396315535626240
1009396391658049536
1009396432611225600
1009396449598205952
1009396468531294210
1009396517793345536
1009396665470672896
1009396706746748928
1009396728439586816
1009396740863156224
1009396931557232641
1009396939862020096
1009396955611529216
1009396957687754752
1009396996426338304
1009397304820891648
1009397410567741440
1009397462111522816
1009397542919049222
1009397607570001920
1009397614738014211
1009397619834216453
1009397623860727809
1009397624632434688
1009397677832966144
1009397712352096256
1009397796628258816
1009397810700144646
1009397884712833025
1009397900177215488
1009397955193987074
1009397956296839169
1009398041873350656
1009398055899222017
1009398114199986176
1009398190611845121
1009398197171752960
1009398238007488512
1009398445302599681
1009398457461768194
1009398797816991745
1009399058639843328
1009399116433186816
1009399220632203264
1009399222733561856
1009399243151376384
1009399301582348289
1009399306825142272
1009399374525489152
1009399478812663808
1009399563126542336
1009399608886382593
1009399703912501249
1009399721809600512
1009399750314033153
1009399777828786176
1009399871319805957
1009399879213506560
1009400101717061632
1009400122558550016
1009400246470873089
1009400285813501957
1009400304792690688
1009400469532430336
1009400511701897216
1009400530567823360
1009400587522396160
1009400753155465216
1009400861272039424
1009400899050131456
1009400967480176641
1009400990750081024
1009401072954245120
1009401096836669443
1009401185164554241
1009401189815988226
1009401216735088641
1009401289871183873
1009401304337272832
1009401315972091904
1009401320774619141
1009401485506031616
1009401593547120640
1009401626505961473
1009401639697113089
1009401708873764864
1009401843494150145
1009401857947656192
1009401921059414017
1009401978420592641
1009401988029829120
1009401998658154496
1009402007315206150
1009402043059113984
1009402070196195328
1009402076210913280
1009402172742799360
1009402270033772547
1009402280943157248
1009402303948959745
1009402417379794944
1009402487533686784
1009402604806385665
1009402668723384321
1009402682996613121
1009402716244889600
1009402726114095104
1009402734590734338
1009402762755485696
1009402903851864065
1009402913146462209
1009402994645979136
1009403002304827392
1009403059896799233
1009403293666349056
1009403315980046337
1009403343012270080
1009403427577876480
1009403438671777792
1009403508871913473
1009403531026141185
1009403665906626562
1009403747859038208
1009403881804259328
1009403899076325377
1009403957628821504
1009403993540513793
1009404057889443845
1009404118899847169
1009404146930323456
1009404255952924673
1009404315482681344
1009404351968874496
1009404426078040064
1009404433028059138
1009404702277226496
1009404786574352387
1009404799215919104
1009404876491755521
1009404969622097920
1009405054623809536
1009405200862412801
1009405259012296705
1009405331800231936
1009405508284043264
1009405508367745024
1009405509986897921
1009405521672237058
1009405665150947330
1009405679734546433
1009405681458405376
1009405739671146497
1009405743248887809
1009405786630623233
1009405785682526208
1009405800257748992
1009405934903463936
1009405953895215104
1009406007154544640
1009406067292467201
1009406092508528645
1009406185349541888
1009406215762468864
1009406293533184001
1009406334503194624
1009406355114004486
1009406379088662534
1009406472516718593
1009406506318598145
1009406627244642310
1009406687277707265
1009406689110618112
1009406822590173185
1009406823508725760
1009406832052449280
1009406863060979715
1009406867666284545
1009406881956356096
1009406906480386050
1009406969130704896
1009406991171833856
1009407056070299648
1009407119018414086
1009407139369111553
1009407248966344704
1009407288212426752
1009407305018994688
1009407313436971008
1009407352435601408
1009407495612305409
1009407512842469378
1009407517250719744
1009407767596142592
1009407804795387904
1009407883677786112
1009408034404229120
1009408055195459584
1009408340768755712
1009408382456008705
1009408537196400640
1009408551184424960
1009408588924760064
1009408612987482112
1009408772178051072
1009408866113769474
1009408868248621056
1009408912037154817
1009408911793950720
1009408983780782081
1009408993360478208
1009409000105021440
1009409095655415808
1009409105738551296
1009409214631043072
1009409216317218816
1009409252425961472
1009409440553099265
1009409455467978752
1009409619754672128
1009409627291779072
1009409671315247105
1009409928900038656
1009410070663323648
1009410151151960064
1009410187013259265
1009410250213150720
1009410269070680064
1009410289098543106
1009410301299585025
1009410314964615169
1009410318613786625
1009410321776193537
1009410370115637249
1009410422104043520
1009410558389555203
1009410548025438209
1009410577729576960
1009410703407665153
1009410728841924608
1009410794218573825
1009410805471719424
1009411057377513472
1009411121537798144
1009411178244780032
1009411216647905282
1009411245588566016
1009411398915502083
1009411510584606721
1009411568742912000
1009411592096813058
1009411594504343553
1009411688465076225
1009411692705480704
1009411781108948993
1009411802994704394
1009411805444177921
1009411867889029120
1009411910750568448
1009411923849424899
1009411944397361153
1009412063398154240
1009412152925540352
1009412244587900929
1009412306311286785
1009412308920086528
1009412319032610818
1009412333842718721
1009412391619170304
1009412456022765569
1009412470220492800
1009412502864711681
1009412679746965504
1009412715813752835
1009412770763345920
1009412898555351041
1009412906549764096
1009412933267357696
1009413031284166656
1009413060094816256
1009413063609606145
1009413190588030978
1009413239183171584
1009413257961070599
1009413302068432896
1009413385845428226
1009413403591479296
1009413561058234368
1009413629282799616
1009413718881468416
1009413857062916096
1009413926981984257
1009414028584767489
1009414096612192257
1009414090404564992
1009414105722220545
1009414124680380416
1009414158838792193
1009414233858113536
1009414384215580673
1009414490855759872
1009414593666527232
1009414605502930945
1009414709328666624
1009414770120953856
1009414782422790145
1009414830971813889
1009414843261247492
1009414879047045121
1009414908348436480
1009414943404371968
1009415006142660608
1009415016750206976
1009415058550554624
1009415114490040321
1009415331528499201
1009415569467047936
1009415866201575425
1009415935629975552
1009416013769736193
1009416161061154816
1009416262655541249
1009416329298960389
1009416331542892544
1009416340573220865
1009416331542892544
1009416368612167680
1009416427084963840
1009416429295341568
1009416515266007041
1009416709793566722
1009416738818150400
1009416839338844160
1009416848859959296
1009416965222490112
1009417085691232256
1009417256051372032
1009417359155716097
1009417367187853313
1009417470065676290
1009417474704662528
1009417523715035136
1009417537539407873
1009417565179965440
1009417571223920640
1009417621127745536
1009417911000358913
1009418028797263872
1009418095885250562
1009418093859307525
1009418143712899072
1009418162692116481
1009418412685185024
1009418566083457026
1009418700775141376
1009418795331604480
1009418845071839233
1009418861547048961
1009418927628259329
1009418967860080640
1009419028958449665
1009419077495017472
1009419103394770944
1009419258193997824
1009419463081496576
1009419618874724357
1009419633810661376
1009419698721652736
1009419730103435265
1009419744586489856
1009419783765397507
1009419823967883264
1009419824269856774
1009419854531751936
1009419876534976512
1009419935993532417
1009420013323857921
1009420022261960704
1009420168018169857
1009420228621733888
1009420323391930368
1009420380526784513
1009420390186307584
1009420471262154753
1009420515843420162
1009420519400189959
1009420601784709120
1009420607962931213
1009420612752822273
1009420628196319233
1009420658852401152
1009420718981959680
1009420858312536064
1009420902965051392
1009420908132519937
1009420926134386688
1009421072897363968
1009421094821023745
1009421125619736578
1009421344474361856
1009421552968978434
1009421591741116416
1009421674645729281
1009421699916468226
1009422166788657152
1009422263467364352
1009422265757429761
1009422466131877888
1009422498566410241
1009422506963472385
1009423129427529728
1009423131595935744
1009423130606161921
1009423212663529477
1009423223757393920
1009423321673486336
1009423368389443584
1009423435284602881
1009423483657445378
1009423488371822593
1009423489995034626
1009423491018428416
1009423546030940161
1009423632605614081
1009423696753319936
1009423831453356032
1009423905956749317
1009424145803894784
1009424183980380160
1009424189609201665
1009424364587003904
1009424385982324737
1009424385931972608
1009424388775731201
1009424452508160005
1009424549144944640
1009424592941797376
1009424691075874816
1009424740178710528
1009424868436336640
1009424996878508032
1009425000481345542
1009425261081882624
1009425278748250112
1009425290311995397
1009425333429391360
1009425343692853248
1009425443638915072
1009425451125825537
1009425475440082944
1009425517789970433
1009425594826809345
1009425616846848000
1009425635888988160
1009425643518484480
1009425661541474304
1009425689064493056
1009425725672353793
1009425837366661121
1009425896237944834
1009425903456342017
1009426124265402368
1009426220692406273
1009426339764596736
1009426370550796289
1009426375697190912
1009426384924631041
1009426410883166213
1009426457872011264
1009426603162685440
1009426621982535680
1009426664755953666
1009426723006550017
1009426732850573312
1009426749283807232
1009426762646814720
1009426882083938304
1009426908210171904
1009427174045167616
1009427188150566912
1009427260187856897
1009427416584990723
1009427419688767489
1009427456846188544
1009427565029871616
1009427600899485696
1009427668461281280
1009427675180486656
1009427706587598848
1009427735838625794
1009427744831234052
1009427871230640130
1009427874586099713
1009427877320724481
1009427950305980416
1009428046900809730
1009428129427927042
1009428163598749697
1009428163611512832
1009428186181103617
1009428231261474817
1009428241348608000
1009428265625378816
1009428287066521600
1009428338715320320
1009428403945132032
1009428406004518918
1009428442075496449
1009428454322917377
1009428575907348480
1009428612884451328
1009428644287086593
1009428660150001664
1009428757655048192
1009428870582407168
1009428912441569280
1009428940207935488
1009428984537473024
1009429026031783936
1009429094004678656
1009429149440729088
1009429158664069120
1009429211411632128
1009429255317544961
1009429298590158848
1009429390608994304
1009429419029561345
1009429450524590080
1009429490945134594
1009429531365662720
1009429544074391553
1009429657656152064
1009429727138975746
1009429745904357377
1009429759766487040
1009429843916873734
1009429880298196992
1009429945486118913
1009430013190508545
1009430050767335425
1009430067586486272
1009430132799524868
1009430173480087552
1009430175799562240
1009430207412035584
1009430213829292032
1009430223518076929
1009430238663794688
1009430256271482880
1009430353273081856
1009430364232790017
1009430408923176960
1009430577320210434
1009430677350166529
1009430679594110976
1009430679623553025
1009430752549748736
1009431010847707136
1009431051993845760
1009431090015195136
1009431106280677376
1009431115675860992
1009431146671824896
1009431206772043776
1009431339383193601
1009431361164324864
1009431401454809090
1009431454894477313
1009431507503546368
1009431620502241280
1009431752677445632
1009431759816097792
1009431773019758592
1009431820830756865
1009431910874050560
1009431956344492034
1009431973201305601
1009431981325553665
1009432052247203842
1009432341519978497
1009432365733695488
1009432394691117056
1009432447757508608
1009432595602472960
1009432852587429888
1009432981285605377
1009433009223847941
1009433023341891584
1009433041473859586
1009433145299566593
1009433280750514176
1009433312706924544
1009433436988346368
1009433457762684930
1009433500691333120
1009433530332479494
1009433532907868160
1009433639648710657
1009433797954342913
1009433941944815617
1009434120349474818
1009434143665655808
1009434190226644994
1009434201479933953
1009434208643756032
1009434209377808384
1009434309701271553
1009434310796087296
1009434327929774080
1009434437296295936
1009434486529019905
1009434503129989128
1009434530724368384
1009434531831611393
1009434589079613440
1009434903342182401
1009434936481402880
1009434971352780800
1009434983340142596
1009435035420807168
1009435041557090304
1009435071898619906
1009435138311249925
1009435138948784130
1009435182166892546
1009435202459000833
1009435212177199106
1009435303256477697
1009435343639244800
1009435473641721856
1009435711894847489
1009435721806090242
1009435772724895745
1009435840978784256
1009435939372961792
1009435941969190912
1009435950353506304
1009436124639629317
1009436160538669057
1009436281871454210
1009436333096435713
1009436491964141568
1009436556535451649
1009436651830104066
1009436663775416320
1009436693173276673
1009436757501337600
1009436940188442627
1009436968516808705
1009436970618105856
1009437042411884544
1009437166332760066
1009437471795490816
1009437502380429322
1009437640570163202
1009437650946789376
1009437757951893505
1009437852302761984
1009437862755004416
1009438085250154497
1009438091709435905
1009438092141481984
1009438126849298433
1009438324258430976
1009438343166418944
1009438383477874688
1009438422086422528
1009438459684147200
1009438460661334016
1009438499634892800
1009438648570392576
1009438660809428992
1009438688504418304
1009438691520077824
1009438764308058112
1009438809405222912
1009438816778817537
1009438829462384642
1009438856616316928
1009438959053701120
1009438986429968384
1009439002552946688
1009439022270369792
1009439051475234816
1009439059339603968
1009439124338683905
1009439243977003008
1009439258686390272
1009439289489461248
1009439304236625921
1009439317385768960
1009439377863438338
1009439495673073664
1009439514648039425
1009439552036069378
1009439655819993090
1009439708215201792
1009439708651323393
1009439713533530112
1009439768508329990
1009439918450302976
1009439929003335681
1009439943171739648
1009439981377646594
1009440016462991360
1009440059936968704
1009440263146573824
1009440288731906049
1009440294310330370
1009440426019950594
1009440447813636097
1009440468600573952
1009440567132971010
1009440736054579201
1009440802706161666
1009440828547305473
1009440887326347264
1009440990174875648
1009441024975015937
1009441045246107648
1009441079299584000
1009441086002036743
1009441206672199680
1009441220358230016
1009441234509795329
1009441254986452992
1009441328764252160
1009441353942487040
1009441431549890560
1009441452198375424
1009441543353176064
1009441561589895173
1009441631773364226
1009441748706160640
1009441845242466305
1009441971407073280
1009442004722429952
1009442563881922560
1009442603899768832
1009442624326037505
1009442816781582336
1009442872180006912
1009442995442278407
1009443009472155653
1009443041806110720
1009443133636202498
1009443198572343298
1009443214045204486
1009443235951988736
1009443260832600065
1009443263269556224
1009443425563889664
1009443494082080768
1009443596305682432
1009443691394686978
1009443708134219776
1009443760500039686
1009443837641707520
1009443842238615552
1009443881610629120
1009443890951327744
1009443927991123969
1009443952766980096
1009443967816134658
1009444051857432577
1009444074867306499
1009444118177763339
1009444209772908544
1009444216932589570
1009444294388862977
1009444313561030658
1009444359090130947
1009444410101202944
1009444439876653056
1009444448839847937
1009444539650617344
1009444683448225793
1009444713190121473
1009444735101079560
1009444859747414017
1009444934179606528
1009445006258601984
1009445012214616065
1009445046884753408
1009445193052033024
1009445194939420675
1009445294550011904
1009445333213089792
1009445398933590016
1009445455183400960
1009445592458723329
1009445633604947974
1009445653141864449
1009445768762220544
1009445848118366208
1009445896361267200
1009445904309420033
1009446048425824256
1009446120685174784
1009446122270658561
1009446482011975681
1009446599515394056
1009446635062087680
1009446684093505536
1009446726867083265
1009446727731032064
1009446775453863937
1009446880819011584
1009446878642147328
1009446917338787841
1009447005863718912
1009447097127587840
1009447220444389376
1009447252652380163
1009447262345400321
1009447345061289985
1009447363092602880
1009447459993595905
1009447489492176896
1009447838093381632
1009447854514065418
1009448000912019456
1009448320010473473
1009448387375255552
1009448494413893632
1009448697393008640
1009449075886809090
1009449090516545536
1009449119700615169
1009449151204134914
1009449213464334336
1009449236516270083
1009449241876549632
1009449290832498695
1009449327775842304
1009449420688064514
1009449497917902848
1009449550355091462
1009449553605660672
1009449555375554560
1009449569808257024
1009449614527946752
1009449658865930240
1009449714570448896
1009449737362255872
1009449741435002887
1009449889724497920
1009449913426567168
1009449919625728001
1009449948906164224
1009449983362334722
1009450122902679552
1009450136974581760
1009450545596248064
1009450577837875200
1009450663984672769
1009450786986840074
1009450796784766978
1009451081145946114
1009451070479917058
1009451151723565056
1009451227200065536
1009451246497992704
1009451299627261952
1009451513511645185
1009451543064711169
1009451625411424257
1009451628875911169
1009451883235246081
1009451933709623298
1009451988495552512
1009451993822384128
1009452188396150784
1009452858507448320
1009452959527325696
1009453044570959874
1009453310221410304
1009453422045810692
1009453454845251585
1009453553721671680
1009453570557554688
1009453575754297344
1009453654779277316
1009453922602356736
1009453962771226626
1009453973290569728
1009453976809558017
1009453997692989440
1009454008132661255
1009454184268263424
1009454387427729414
1009454502938898432
1009454546005954560
1009454636363911168
1009454687647682560
1009454812163989505
1009454877196550146
1009455081010409472
1009455100211945475
1009455379422564357
1009455388960358400
1009455429892616192
1009455843421585408
1009455845388750848
1009455849738264577
1009456040990175234
1009456092752023554
1009456137702342658
1009456153078714375
1009456250889949184
1009456355625832448
1009456367692861445
1009456503097561088
1009456648560275456
1009456890311528448
1009456984096165888
1009457160638664704
1009457184630075392
1009457223221866497
1009457259221540864
1009457296508932098
1009457324212269056
1009457333334888448
1009457392331968512
1009457455636582400
1009457467149955073
1009457502797422593
1009457548947263488
1009457666287009792
1009457671185969152
1009457675485134854
1009457684834340866
1009457710671257600
1009457783819948032
1009458352940830720
1009458450919755776
1009458458939162624
1009458511988887552
1009458543911690241
1009458618847191040
1009458610810875907
1009458649545216000
1009458764141998080
1009458776859205632
1009458812963651585
1009458900603670530
1009459080925208576
1009459366926389248
1009459397607804930
1009459441333350402
1009459442398744576
1009459460593668096
1009459514427559939
1009459603111804931
1009459637698121734
1009459650775961600
1009459719717736448
1009459890509762561
1009459912831918080
1009460093769969664
1009460162925654017
1009460230265167872
1009460328663568384
1009460386448527360
1009460684365746176
1009461018538409985
1009461213925969920
1009461372609064962
1009461389738594305
1009461593413947392
1009461622463557633
1009461863862734849
1009461950315712513
1009462046818230272
1009462090761949184
1009462134194016257
1009462136718979073
1009462139009032193
1009462152162258945
1009462192209444864
1009462206642118656
1009462213076226055
1009462806108925952
1009462953589035009
1009463020802670592
1009463163274723328
1009463213723934721
1009463385220665345
1009463600271056902
1009463598526197760
1009464077981224961
1009464107936964608
1009464343321169920
1009464464159240197
1009464501450747905
1009464513933053952
1009464573211168769
1009464721244852224
1009464762755899393
1009464962438389760
1009465149000953857
1009465285550714880
1009465513293025281
1009465577885392896
1009465651352821760
1009465767849545736
1009465783624327168
1009465808643350528
1009465903459766272
1009465936229912578
1009466002831224833
1009466100319432704
1009466123803414529
1009466205281845248
1009466210851966983
1009466265927344128
1009466330544791552
1009466507703865344
1009466534358634497
1009466660040962048
1009466714507997184
1009466800738713605
1009466941541638144
1009466965554094084
1009467168952643585
1009467171309871105
1009467198249857024
1009467331246948352
1009467371495546880
1009467471852703745
1009467539280318471
1009467585589637121
1009467620679090176
1009467988570005504
1009468058061205509
1009468061366267905
1009468201997144064
1009468390514315269
1009468400203116545
1009468401549496320
1009468426933493772
1009468430565691393
1009468433837248513
1009468444553744384
1009468481186787330
1009468600355360775
1009468671096426497
1009468776310558720
1009468782786547712
1009468800373329921
1009468877905055746
1009469023506063360
1009469059522531328
1009469078724104195
1009469206910337025
1009469327894929408
1009469412955607041
1009469444630958081
1009469484866957313
1009469545415880710
1009469685316882433
1009469828283949056
1009469857153331201
1009469881501339649
1009469943992258560
1009470003022835712
1009470147420147712
1009470573423013888
1009470662732320769
1009470776171524104
1009470785092751362
1009470835118235650
1009470859105525763
1009470965439344642
1009470994774282241
1009471199204831232
1009471227033944065
1009471233807745024
1009471403878506501
1009471517627908098
1009471520387760129
1009471557213843456
1009471571675766784
1009471574481817600
1009471698343735296
1009471738948849665
1009471861724532736
1009472282354479105
1009472422662299649
1009472449497518080
1009472485438492673
1009472614425939968
1009472736278843397
1009472843384610818
1009473034942590976
1009473051120070656
1009473073991561216
1009473117775949825
1009473245530247168
1009473287393632257
1009473386668609537
1009473450430345216
1009473525801996288
1009473631729037312
1009473641573158912
1009473852777422848
1009473930099331072
1009473989222326272
1009474004653142017
1009474211625295873
1009474222308167680
1009474718121058314
1009474720230772736
1009474724697698304
1009474924367568901
1009474976326602753
1009475158648741891
1009475296444211201
1009475297534730243
1009475302626615301
1009475406569857025
1009475448768737280
1009475495065477120
1009475497435287552
1009475530561933313
1009475538258362371
1009475565173211137
1009475696740241408
1009475751048032257
1009475774959833088
1009475934733438976
1009475984993726464
1009476085149503488
1009476221871194112
1009476281275240451
1009476316498923520
1009476346811121666
1009476484673753093
1009476612935561218
1009476728861884417
1009477156580315141
1009477318203625472
1009477437728657408
1009477505227608064
1009477603911258112
1009477637658546178
1009477843099758592
1009477855653384192
1009477954286571520
1009477979750260736
1009478069973929984
1009478123497426944
1009478186311340032
1009478236672282624
1009478369614942209
1009478449365385217
1009478527102709761
1009478627736588289
1009478646346678272
1009478670556319750
1009478704043626497
1009478735513505793
1009478741968543744
1009478780908339201
1009478788793749506
1009478832770899969
1009478892061642754
1009478892946640897
1009479029009932289
1009479177572110338
1009479199898374149
1009479323546505219
1009479360536039424
1009479483932463105
1009479591851909123
1009479766678949888
1009479773406486528
1009479782076055553
1009479912804290562
1009479963253395463
1009480005812965381
1009480086918172672
1009480117381488640
1009480159139979264
1009480217851777024
1009480299389038595
1009480445304721409
1009480466016145409
1009480469778452480
1009480483812597760
1009480545439485957
1009480553400324096
1009480591669067776
1009480679032311809
1009480860305952769
1009480874830770177
1009480887002640384
1009480920099971072
1009480992330080256
1009481004820652034
1009481006154383360
1009481009694412801
1009481011527344128
1009481012282318848
1009481028673658881
1009481121216843779
1009481139067682818
1009481170629939200
1009481265777659910
1009481485521424391
1009481489472458757
1009481510414675968
1009481588705562624
1009481617579167749
1009481636751212544
1009481644326125568
1009481666040156160
1009481732331106306
1009481736047267842
1009481927085248512
1009481954427797505
1009481982512951296
1009482012170903553
1009482077836926976
1009482116017553411
1009482177350946817
1009482248926715905
1009482386311122944
1009482487070945282
1009482514145140736
1009482517303312384
1009482577059643392
1009482604805050368
1009482686648463365
1009482711529152513
1009482739731648513
1009482796321116160
1009482799521333248
1009482889573093376
1009482950159847426
1009482968686104577
1009482998935445506
1009483087435173888
1009483175737905168
1009483454373908481
1009483712176803847
1009483765142474753
1009483836022034433
1009483989344714752
1009484123646431232
1009484358980337664
1009484371269648390
1009484493693030400
1009484496176074752
1009484497258237952
1009484577310683137
1009484602598043650
1009484672454352896
1009484722756575233
1009484922099326979
1009484929749700613
1009485084334882816
1009485364191465472
1009485387771805696
1009485546429865984
1009485660032569345
1009485701510041601
1009485920263737346
1009486040946610176
1009486045963063296
1009486051369512961
1009486208437809156
1009486235340017664
1009486496364187650
1009486748882231296
1009487002411159554
1009487013316386819
1009487042961604609
1009487080119062530
1009487203540619267
1009487228534476803
1009487297190952961
1009487299925696513
1009487521611436032
1009487558282285057
1009487584765104129
1009487647612506112
1009487659486543874
1009487731314102272
1009488066178965504
1009488324233326593
1009488475622658048
1009488609500712960
1009488632900734976
1009488643512324096
1009488678136242176
1009488689016332290
1009488701137850368
1009488890158288896
1009489068252631040
1009489074523164676
1009489105137389574
1009489131595096064
1009489188914417676
1009489234330292225
1009489309404221440
1009489341880684548
1009489505735331840
1009489593438269440
1009490163125407744
1009490190770081792
1009490254770958341
1009490342956105728
1009490495909883905
1009490688575229953
1009490695734939653
1009490746569871366
1009490760629149696
1009490818825183232
1009490956175933440
1009490982298116096
1009491067555762177
1009491524248375297
1009491754385584129
1009491838334619650
1009491883196809216
1009492036444217349
1009492077573525504
1009492091184041988
1009492114743447554
1009492128387469312
1009492150613135360
1009492162738868229
1009492298571403280
1009492338782162944
1009492371325771778
1009492406587265024
1009492512963252227
1009492529551511553
1009492536115617793
1009492557024415745
1009492586288107520
1009492602348064770
1009492669817638923
1009492670195163136
1009492719113252864
1009492830505619458
1009492914676912130
1009492921874337796
1009492946033528841
1009492962064175105
1009493023934353408
1009493064832966656
1009493086521741313
1009493142293315585
1009493173549355017
1009493179563986961
1009493201693143040
1009493249160073216
1009493283733688320
1009493382077566988
1009493484485693459
1009493492148695040
1009493503016128527
1009493555142889472
1009493570099863552
1009493591046189056
1009493593038483456
1009493595064332289
1009493641411350529
1009493723435192325
1009493871775150082
1009493877340983299
1009493898840899584
1009493954964938752
1009494046799253505
1009494129628405760
1009494220271472644
1009494310365089792
1009494357018374144
1009494594407583753
1009494602620030985
1009494633968209921
1009494658924367881
1009494708136136704
1009494769012264968
1009494827002683392
1009494862234836995
1009494877913133058
1009494911006146560
1009494920174931968
1009495124378779648
1009495196437045248
1009495338405724160
1009495409864138753
1009495510275719168
1009495534720225280
1009495673471979521
1009495746750681088
1009495752006160386
1009495810646691841
1009495862865776640
1009495878586028032
1009495898777407491
1009495903579799552
1009495899314278409
1009495910953488384
1009496106739175424
1009496223391371264
1009496280597520385
1009496375359393798
1009496395840180225
1009496526912180228
1009496539046301703
1009496540996653062
1009496632503820288
1009496680486621186
1009496764444004355
1009496876821827584
1009497003762618368
1009497184721670144
1009497260009447424
1009497463995158529
1009497506948972544
1009497592215064578
1009497644115382272
1009497693767520256
1009497704987324416
1009497721135403008
1009497943362162689
1009497961326436352
1009498070965506051
1009498078116753409
1009498130142728192
1009498159201079305
1009498222312771595
1009498354894581760
1009498430723514368
1009498462214377474
1009498589293400065
1009498966440833025
1009499030248935425
1009499131105107968
1009499213074485249
1009499368901226497
1009499622388183040
1009499650628472850
1009499651224064000
1009499710816735234
1009499876944728066
1009499883647225856
1009499885324955650
1009499885685657607
1009499898763464704
1009499987842076672
1009500027260194830
1009500095023341568
1009500238875414530
1009500603414958083
1009500732469497858
1009500781119229959
1009500857136795652
1009500933208887303
1009500974870880257
1009501028297953291
1009501131347640320
1009501498286460928
1009501542104387587
1009501547049472012
1009501591324581888
1009501689437704195
1009501869385887744
1009501975761866759
1009502024394788865
1009502041088151554
1009502053582983179
1009502076550991878
1009502103851687941
1009502112127094784
1009502135690678285
1009502244948017152
1009502391681593344
1009502391673253888
1009502394978357251
1009502466315046912
1009502503547932672
1009502596585967623
1009502647739699203
1009502674356768768
1009502687908548611
1009502695101779972
1009502775405924360
1009502775959531520
1009502943605936128
1009503029811384320
1009503082013741060
1009503107859042314
1009503177589346311
1009503185168453635
1009503285068386309
1009503430988222467
1009503495089770516
1009503639214444545
1009503718616719360
1009503761495183374
1009503842306838539
1009504047542472704
1009504095953178634
1009504136327548937
1009504274001383424
1009504626339655680
1009504683977822216
1009504697336680454
1009504792857759754
1009504882062168064
1009504978950672384
1009505090103803905
1009505092737826820
1009505128968347648
1009505194453815296
1009505389979815936
1009505422158585856
1009505478634803201
1009505554585260032
1009505609580990464
1009505683744620547
1009505776547844098
1009505842884997120
1009505866385707008
1009506077199732736
1009506165674262528
1009506176067887105
1009506176915197952
1009506174222430209
1009506211564310528
1009506221215412225
1009506249497563136
1009506372201996289
1009506458042593280
1009506484282064896
1009506549583183872
1009506564896681985
1009506595842162688
1009506628050280449
1009506675059904512
1009506782396538881
1009506812628959232
1009506937006936064
1009506999262998529
1009507113826177027
1009507163105120268
1009507328134123520
1009507339022618625
1009507498041270273
1009507591880310784
1009507777147015169
1009507790535225349
1009508022115237888
1009508105745518593
1009508134069723137
1009508206811533312
1009508342518120448
1009508348260241408
1009508367096844289
1009508464161378305
1009508516460220421
1009508520335757319
1009508543542767618
1009508545849692160
1009508565437034497
1009508573121073154
1009508648278781952
1009508756202323968
1009508772849463297
1009508785956818944
1009508801534418945
1009508817292398592
1009508859562602497
1009508936108605440
1009509104509964289
1009509181047656448
1009509194444279808
1009509208696545280
1009509212077076483
1009509281752846337
1009509289529151490
1009509373478137858
1009509479380111360
1009509498162237440
1009509513400127488
1009509533587296256
1009509566118289408
1009509575366672384
1009509712402870272
1009509734221795328
1009509753146564608
1009509763590361089
1009509902535053313
1009509967932600325
1009510269339471873
1009510314663137282
1009510427955531776
1009510471307812866
1009510541675716608
1009510548810199047
1009510603097075712
1009510632129953792
1009510649058201600
1009510731803451394
1009510781501636608
1009510795812786176
1009510811709136897
1009510815081418752
1009510876020342784
1009510887458295813
1009510913572032512
1009510983084191747
1009511163913105408
1009511236151570432
1009511300190363648
1009511528947740672
1009511533116829696
1009511608484352000
1009511650234335232
1009511713182507008
1009511857651159040
1009511903188701184
1009511995249393664
1009512057094406145
1009512249327783936
1009512373596672001
1009512391804178433
1009512464831209472
1009512468127809537
1009512468866043904
1009512630183219200
1009512803726700544
1009513014977056769
1009513136263761920
1009513174775812097
1009513376664444928
1009513409094848512
1009513584076836865
1009513596638892034
1009513634433785857
1009513642864316417
1009513829301092353
1009513897878065154
1009514119173754885
1009514229051920384
1009514285117198341
1009514286199332865
1009514535710019590
1009514566408134656
1009514612419629059
1009514666706468865
1009514744099819520
1009514807714893824
1009514812018233344
1009515050493759488
1009515081170935808
1009515170387947522
1009515224687415297
1009515237517774849
1009515394430840833
1009515525322362880
1009515527084093442
1009515532071075842
1009515535997046784
1009515590208360448
1009515593467383808
1009515687637864449
1009515734022713355
1009515853942001664
1009515915921297408
1009516039019941888
1009516047895093249
1009516103742251016
1009516232389713922
1009516450145546241
1009516472916430853
1009516475344814080
1009516910134915073
1009516968188301313
1009516978107748361
1009516993815437313
1009517030020562944
1009517142851584000
1009517219838156801
1009517220622454787
1009517241849741312
1009517338708905985
1009517621723582464
1009517684483031042
1009517710647144449
1009517712408764422
1009517716988923904
1009517764162347008
1009517940042018819
1009518000121307138
1009518046703071232
1009518175699001346
1009518269294755840
1009518276831936513
1009518354498031616
1009518606072369152
1009518607683018752
1009518755477704704
1009518758325555206
1009518759319613440
1009518799391993856
1009518914957651968
1009519019114876928
1009519120067506182
1009519178515189761
1009519218470064128
1009519430718631939
1009519497932394497
1009519505310142464
1009519507314966531
1009519591121399808
1009519760235778050
1009519768871882753
1009519776840978434
1009519856062955521
1009519946395717632
1009520049084948481
1009520214172631042
1009520255553753088
1009520401796485122
1009520496466186241
1009520515395014657
1009520569476411392
1009520569946136576
1009520701462761478
1009520714729304067
1009520720303607808
1009520894392328192
1009521113511137280
1009521113544757253
1009521121190957063
1009521169614229506
1009521237171810307
1009521236538511366
1009521395011813377
1009521491208298497
1009521728593199104
1009521735409061888
1009521790568337409
1009521812106022912
1009521816967237632
1009521825905365000
1009521844871983104
1009521906683465728
1009521923787755520
1009521986673020928
1009522100724490242
1009522107942952961
1009522191979991041
1009522219087728647
1009522375061397516
1009522425791475713
1009522458993537026
1009522541805748226
1009522547975585793
1009522584000565248
1009522803878649856
1009522834010492928
1009522964822446082
1009523039992762368
1009523063556399105
1009523164668456962
1009523483590692864
1009523536199905281
1009523585893924864
1009523759735300097
1009523897446944768
1009523974949261313
1009523996424069120
1009524075201486848
1009524128800485376
1009524136467714048
1009524280592424960
1009524378768461828
1009524461400453128
1009524762425593856
1009524771011350529
1009524802221170688
1009524819409416192
1009524834211188736
1009524854046056448
1009524892222545921
1009524908894941184
1009524926536192000
1009524945544732672
1009525048774922240
1009525051769618432
1009525052352745472
1009525115623804931
1009525156144959488
1009525306523254785
1009525319404056579
1009525367118422016
1009525490279964673
1009525684639813637
1009525706777415680
1009525711147880449
1009525916127694856
1009525962873229312
1009526049280061441
1009526075188305920
1009526246936629249
1009526310618755079
1009526499999928320
1009526570380419075
1009526637254279168
1009526740954337285
1009526800370806786
1009526857786712065
1009527076049903616
1009527083028975616
1009527087101771782
1009527095175680000
1009527155661983745
1009527192299212805
1009527243226472450
1009527296183566336
1009527787412221952
1009528028836302848
1009528337641897984
1009528535030157315
1009528537093738502
1009528655750598656
1009528667205193729
1009528719264935936
1009528995531100162
1009529013545701384
1009529165547261952
1009529187953201152
1009529340835581952
1009529347559084034
1009529387870556160
1009529457718292488
1009529605592702976
1009529683510210561
1009529706721538053
1009529919733460992
1009530126093123584
1009530189070635008
1009530208016326657
1009530438778605568
1009530452380700672
1009530638460968960
1009530643242455040
1009530643418673152
1009530660233580544
1009530667733045260
1009530715770408960
1009530856619302912
1009531012710313988
1009531035225395200
1009531214485745664
1009531225302814720
1009531270374838273
1009531315094540291
1009531331666067456
1009531337018101763
1009531339962568705
1009531342252576768
1009531343233998848
1009531382803107840
1009531512818225152
1009531779756249088
1009531789445132290
1009531841769033729
1009531868935532552
1009532011663511553
1009532079598702596
1009532138327244807
1009532208145715200
1009532241347784704
1009532283341230082
1009532413188427776
1009532424219516928
1009532524010319872
1009532555455016962
1009532634417041410
1009532730340724737
1009532812175855616
1009532818626695170
1009532909311746049
1009532992207884293
1009533035493109760
1009533149129445381
1009533151348187142
1009533175293530112
1009533274568392706
1009533477291790336
1009533484292038656
1009533507583074305
1009533607839436801
1009533767038496769
1009533784914628608
1009533832469647362
1009533870964953090
1009533885053652992
1009533952061771776
1009534002900979713
1009534009683185665
1009534150066561025
1009534308359524353
1009534324323028992
1009534362889736192
1009534371613888513
1009534469894803457
1009534855942635522
1009534887228067840
1009534906244968455
1009535145228013568
1009535224961789954
1009535285284278272
1009535439743668225
1009535543821176833
1009535577555783681
1009535727800143872
1009535878383980544
1009536115685187589
1009536188628250630
1009536213525688321
1009536277329383430
1009536355104378885
1009536365250433025
1009536505700913152
1009536622692589569
1009536764208472064
1009536773779873793
1009536862367731713
1009536888083046401
1009536922988015616
1009536930613202944
1009537080068886528
1009537151430791169
1009537218996785152
1009537279910711296
1009537430918172673
1009537629107388416
1009537630860644352
1009537871747997697
1009537903121371137
1009537966136492034
1009538174421557253
1009538325307445248
1009538665779953668
1009538705961488384
1009538758776098816
1009538779550494724
1009538806943502337
1009538853344964608
1009539168270200840
1009539182673453056
1009539192332931074
1009539480515203073
1009539502677856256
1009539559187771392
1009539563591749633
1009539632906764288
1009539816655114242
1009539900587347973
1009539910926098433
1009540110373871618
1009540136349175808
1009540164954349572
1009540508040024066
1009540510829240323
1009540562737946625
1009540625493057537
1009540702878003203
1009540798319333381
1009540853721980929
1009540909040467968
1009540914891522048
1009540916980269056
1009540918506995712
1009540919903678465
1009540921166188544
1009540922449674240
1009540923812794368
1009540925100457984
1009540925373247488
1009540926341931010
1009541015773044739
1009541029127651340
1009541068344512512
1009541087361413122
1009541181276086272
1009541402404032512
1009541454467911680
1009541795460632576
1009542003850448896
1009542084322385923
1009542403160727557
1009542569838170112
1009542598736965634
1009542666932183043
1009542853717094406
1009542887489572865
1009542913188081664
1009543140947177474
1009543438587629568
1009543548264419329
1009543567717687296
1009543924376113153
1009543926200578048
1009544029044920320
1009544576233803777
1009544708857761792
1009545083669090305
1009545167240613888
1009545318202068993
1009545573417062400
1009546046727380992
1009546185986793474
1009546232912588800
1009546269637988352
1009546461523169280
1009546496117760001
1009546832341602309
1009546947378712580
1009547158792605696
1009547250299752449
1009547255299354625
1009547509935558658
1009548297097367552
1009548947969503237
1009549108418351104
1009549534312009728
1009550166590926849
1009550214171119616
1009550216201109507
1009550453040910336
1009550851118002177
1009551218677551104
1009551580780064770
1009551809382436869
1009551972234559489
1009552130548563970
1009552310601764865
1009552396144562187
1009553510902296576
1009555108189831169
1009556500610772993
1009556506918965256
1009556509070589953
1009556535272464386
1009556618839814145
1009556648682229765
1009556660082429953
1009556665555972096
1009556694064664576
1009556928907837440
1009557892427665410
1009558141736910848
1009558736594178048
1009558961920577537
1009559698956345346
1009559793667858432
1009559956813565952
1009561085639192576
1009561166404653057
1009561670060998656
1009561746988830720
1009562086291202050
1009562459592683520
1009562796235919360
1009562798924365824
1009562947952218112
1009563851568893958
1009564925457584130
1009565904856846341
1009566986777620480
1009568627945811968
1009569214133407749
1009569440629968898
1009569565288927234
1009570405038817286
1009570525306413057
1009570592566267905
1009571534250311680
1009571633722470400
1009572140616749057
1009573472572493824
1009574573187088384
1009574616686309376
1009574626383446016
1009574628769988609
1009574631450107904
1009575831147024384
1009576308609896448
1009576588843896832
1009576674088898563
1009579344208056325
1009579845607665664
1009580063011065856
1009581107342467072
1009581444639977475
1009581720314707969
1009582001903538177
1009582249791119365
