1009949087183958016
1009949119249600512
1009949261587517442
1009951606832496640
1009951608447397889
1009952245843144704
1009952527801077764
1009952867107721216
1009952889131892738
1009953253453434884
1009953327663271936
1009953904115712000
1009954535366909953
1009954755765039109
1009957378731790336
1009957621904871424
1009957903883816962
1009957901975408641
1009961667357237248
1009963720829800454
1009964164473909253
1009964192793878529
1009964195012587521
1009964221717712896
1009965583889289216
1009965776198041600
1009967152345047040
1009968926753730563
1009970483549425665
1009970487768899585
1009971627159797761
1009972421561126913
1009972911694893056
1009972966438809601
1009973235507777536
1009974280564637696
1009975201063407616
1009975289299046400
1009975508380082181
1009979287020228608
1009979315721777154
1009979476795645952
1009979915993743360
1009980031806918657
1009980386032738305
1009980823850795008
1009982661325197312
1009982865667514368
1009985160799031303
1009985338645909505
1009985436977115136
1009989264292171776
1009989372416966658
1009989905987112960
1009990515041947648
1009991411930927105
1009991443031740416
1009991974160687104
1009992288485945344
1009992336477171714
1009993778994827264
1009993855519862785
1009993959114932225
1009994059962863617
1009994384551628800
1009994386032062464
1009994410094972930
1009994795547332611
1009994999713484800
1009995407903117312
1009995425682788352
1009995461355298817
1009995613612773377
1009995683468840960
1009995693912743936
1009995748325380096
1009995794072686592
1009995868358021122
1009995868651614210
1009995956799135744
1009996015880015872
1009996066043977728
1009996197275332610
1009996638470004736
1009996877520162816
1009997206198222848
1009997244282613761
1009997926729256960
1009997939396300801
1009997956710268928
1009998281672396800
1009998303524777984
1009998449452994560
1009998458500116480
1009998500728393728
1009999190594859009
1009999218126348294
1009999238560976896
1009999337957584896
1009999427438858240
1009999432182632448
1009999615951884288
1009999881212256258
1009999932181352448
1010000797613125632
1010000963434897408
1010001102522052608
1010001241513054208
1010001571957133312
1010001717629349888
1010001789461069825
1010001892162916352
1010001933375946752
1010001934739296256
1010002185814446081
1010002262494797824
1010002389364039680
1010002444292673536
1010002529571213312
1010002734915948549
1010002807448096769
1010002980563636225
1010003113581817856
1010003285393199105
1010004097850748928
1010004370375806976
1010004732423704581
1010005073127198720
1010005346868318208
1010005717430890496
1010005917239144450
1010005974155853826
1010006071337865224
1010006491837837312
1010006516517126147
1010006520422023168
1010006697987866624
1010006711653011456
1010006747069599744
1010007822237511680
1010007951891763200
1010007962213945344
1010008119269683201
1010008293442326529
1010008301432524800
1010008344642273283
1010008392125988864
1010008465425686532
1010008538008076290
1010008641854816261
1010008737367539712
1010009117765730306
1010009215186767872
1010009221264433153
1010009285672103944
1010009386759086081
1010009488466706434
1010009492782632960
1010009513984790529
1010009558251499523
1010009650312253445
1010009915056771074
1010010091691446278
1010010165242818562
1010010403294756864
1010010513797931010
1010010549684396034
1010010776118091777
1010010910549635072
1010011092150411266
1010011250326061056
1010011297478426625
1010011427111776257
1010011502965747714
1010011511937384449
1010011550352961538
1010011631118516225
1010011809934278656
1010011860656009221
1010011952611901445
1010011999726686208
1010012007481802752
1010012010346475521
1010012160536145924
1010012299451457537
1010012340526276609
1010012444842790912
1010012540959539200
1010012951376347142
1010013005495431170
1010013061455859713
1010013199695933442
1010013389693673473
1010013478558420992
1010013678744162305
1010013787921895426
1010013847820750848
1010013921011355648
1010013999050604544
1010014183339905025
1010014192303128576
1010014236515287040
1010014263748857856
1010014282241564673
1010014324964749312
1010014363455901696
1010014458842734593
1010014468141604865
1010014510818578432
1010014637528514565
1010014731514490881
1010014737159950336
1010014965598572549
1010015334764408832
1010015442843254785
1010015732208287745
1010015782753800193
1010015825460228096
1010016011888672770
1010016100463964160
1010016184438120452
1010016323655483392
1010016458804326400
1010016507743440898
1010016550697357315
1010016755182329857
1010016882584268800
1010017473809154048
1010017773341192192
1010017785420738560
1010017804580368384
1010017810666291202
1010017968590241793
1010018153944965121
1010018300129001473
1010018302364536837
1010018561757073408
1010018634645712897
1010018706733166596
1010018847858946050
1010018924816039938
1010018960048152578
1010019103472402433
1010019296926412800
1010019306367680514
1010019502577278976
1010019598207291393
1010019721041723392
1010019781724889088
1010019850020794369
1010020181882486785
1010020247460503552
1010020666916007936
1010020806859022337
1010021308426432513
1010021350235226117
1010021425145499648
1010021512663916544
1010021527813701637
1010021613981466624
1010021742708789249
1010021986091741184
1010021997898711041
1010022073496817664
1010022075275173890
1010022157705928706
1010022328304975873
1010022334147674113
1010022461767745536
1010022488812634112
1010022536065646593
1010022590281216000
1010022610292244485
1010022724041707522
1010022822729605121
1010023003537567744
1010023091974492161
1010023229577093120
1010023232894693378
1010023353174781953
1010023408946462723
1010023431956385798
1010023494241775616
1010023554576887808
1010023567042404359
1010023621048168449
1010023706507108353
1010023707660541959
1010023778955325440
1010023799352258560
1010023890653872129
1010023935218352130
1010023937030348800
1010023938691198978
1010023945863512064
1010023993296875520
1010024001576435713
1010024226185625603
1010024381005717509
1010024422797766656
1010024548131934209
1010024588158251010
1010024590918078464
1010024590729334785
1010024832329646080
1010024910146580481
1010024998898053120
1010025149351976960
1010025327072964608
1010025359922753541
1010025522829463553
1010025703130071041
1010025713485807616
1010025739800870913
1010025784902205441
1010025847254708224
1010025898018369536
1010026130303172608
1010026336860028931
1010026427738030082
1010026465717465088
1010026570063286272
1010026609116471296
1010026688665849857
1010026752972910592
1010026869255647232
1010026957499654145
1010027156439617538
1010027165977493504
1010027185015361538
1010027272961527808
1010027386526547968
1010027459331411968
1010027874789752832
1010027908688162816
1010027986475798530
1010028167166193667
1010028300255793152
1010028356765536257
1010028365343059968
1010028369520427011
1010028415355940864
1010028516329566208
1010028577545318405
1010028676757385216
1010028892369932288
1010028915929186309
1010028941166329856
1010028970035703808
1010029004462538759
1010029148256002048
1010029157332336641
1010029326547513344
1010029363574734853
1010029401155645441
1010029402040799232
1010029403831582720
1010029456499642368
1010029523847430144
1010029682492952577
1010029694735900672
1010029703288229888
1010029714415738880
1010030031580647425
1010030099998167040
1010030152695328768
1010030203626774528
1010030319439933440
1010030319066419200
1010030321323139073
1010030444161757184
1010030456274731010
1010030692435202048
1010030879534612480
1010030881648541697
1010031089652588544
1010031091174944768
1010031181969141761
1010031325712089088
1010031548605837312
1010031644139446273
1010031713848844288
1010031768848748544
1010031787739840512
1010031953524023296
1010032000001019905
1010032099720617985
1010032131387547649
1010032175176134656
1010032259003543552
1010032282764300288
1010032352691712000
1010032350833586176
1010032383263985664
1010032474678841344
1010032589095174149
1010032646217445376
1010032654106836993
1010032715356352512
1010032726949482496
1010032844742320128
1010032858596028416
1010032980872564736
1010033082617991169
1010033534084571136
1010033669904519169
1010033921495633921
1010033924528132096
1010033973366583296
1010034014533636097
1010034111954681856
1010034176379228160
1010034299976994816
1010034364103741440
1010034381082243073
1010034564524396544
1010034660842360834
1010034809731796994
1010034873560690690
1010034899804413952
1010034905823227904
1010034988371279872
1010034993312256000
1010035023700025345
1010035207628521472
1010035307125919744
1010035437224841216
1010035955267506177
1010035997168594945
1010036060225712128
1010036098880491520
1010036207055724544
1010036285694775297
1010036636158177280
1010036665988108288
1010036731150848000
1010036765045022721
1010036783042744322
1010036855297933312
1010036888240115713
1010036907936448513
1010036945894944768
1010037084147601410
1010037112014503936
1010037133741035520
1010037138950369280
1010037173117161472
1010037175038115840
1010037283762921472
1010037342118334464
1010037400612032513
1010037496485498880
1010037505201238017
1010037583357890560
1010037680841818117
1010037753503997952
1010037769865957376
1010037862983766016
1010037987269365760
1010038003547373571
1010038041061273600
1010038053019291648
1010038147961573376
1010038161307852800
1010038257676161024
1010038312990642176
1010038326630539264
1010038438446411777
1010038443123068928
1010038445383790592
1010038594193494016
1010038612149395456
1010038687936253952
1010038718051356673
1010038732978835457
1010038769507061761
1010038811240423424
1010038825882710017
1010038887564050432
1010038934611660800
1010039135871127553
1010039168435720192
1010039186160803840
1010039203596570624
1010039213771935744
1010039295376273409
1010039413248790529
1010039427303800833
1010039483448922112
1010039611220021249
1010039682502045696
1010039683533795329
1010039729621028865
1010039831190261760
1010039858750984192
1010040065521831936
1010040081200173057
1010040093594095617
1010040227057078272
1010040277954949120
1010040375774531586
1010040380086243328
1010040408704012289
1010040454736502784
1010040462323920896
1010040482712424448
1010040502006222848
1010040659124916224
1010040719325696000
1010040851156914177
1010040947776851968
1010041028764676096
1010041107663769600
1010041218150092800
1010041230007431168
1010041274496413696
1010041339394904064
1010041619465359360
1010041741456572416
1010041789141700608
1010041822096318466
1010041844040978432
1010041901624553472
1010041951092117505
1010042058420162560
1010042183813091328
1010042238389366784
1010042314922909696
1010042326302052352
1010042328403279872
1010042339564425216
1010042341820858368
1010042389514391552
1010042396262961152
1010042450667286528
1010042789382574080
1010042860945756160
1010042953069486080
1010042986040832007
1010042995700387840
1010043245831819264
1010043314685530112
1010043317365739521
1010043325901045762
1010043362462879744
1010043429110378496
1010043464405471238
1010043466448031744
1010043526284005376
1010043621570117632
1010043658324905984
1010043694714585088
1010043712804663296
1010043737248915457
1010043744949882880
1010043749311787008
1010043872737710080
1010043891607842816
1010043911895646208
1010043959635316736
1010043974831214592
1010044054275584001
1010044067768496128
1010044136941064194
1010044155492470784
1010044249608507393
1010044264540229633
1010044357561503747
1010044397713608704
1010044399500357632
1010044549186670592
1010044715214016513
1010044715247591425
1010044725372604417
1010044781513277442
1010044876619165697
1010044914716041216
1010045019649134592
1010045023675715585
1010045070689652737
1010045230442254336
1010045247416651776
1010045291377184768
1010045346590937088
1010045349694705664
1010045362269310977
1010045399858667520
1010045410679971840
1010045459421900800
1010045483069399040
1010045548768976896
1010045666276626432
1010045698639826944
1010045727509307392
1010045771041923073
1010045905331015680
1010045929959944192
1010045950566551552
1010045951451500544
1010045983684726785
1010045995504340992
1010046071517655040
1010046083274330117
1010046121752911872
1010046158788546560
1010046187595075584
1010046205030694913
1010046286454718466
1010046433062543360
1010046630488367104
1010046740861419521
1010046750290317313
1010046777658085377
1010046986588950528
1010047017824014336
1010047074380013570
1010047077492101120
1010047115219914752
1010047281582796800
1010047320841424896
1010047329972490240
1010047334607147008
1010047515947945984
1010047624592986112
1010047625033408512
1010047700010708992
1010047762946195457
1010047856324079616
1010047875999584257
1010047896018980864
1010047999467311104
1010048017037185024
1010048023215292416
1010048027640385536
1010048045587845121
1010048059454181377
1010048149132664832
1010048174386565120
1010048243395424256
1010048400413380608
1010048414548144128
1010048459976663040
1010048460207411201
1010048549734834176
1010048570765037569
1010048663866036224
1010048716122787840
1010048716802273280
1010048798234677253
1010048877704241159
1010049005609537537
1010049044964573184
1010049094709141504
1010049213298892800
1010049216939479040
1010049233372602370
1010049263282384896
1010049290738249729
1010049326691835904
1010049370920808448
1010049481440624640
1010049517574676481
1010049588282187777
1010049620376944640
1010049686617706496
1010049753961332738
1010049755987304448
1010049794054787072
1010049807975579648
1010049871456423937
1010049990662787072
1010050023890055168
1010050057444446214
1010050082610335744
1010050084808032256
1010050274424184837
1010050308167303168
1010050328430088192
1010050339188428800
1010050367676211200
1010050405068431360
1010050453843963914
1010050470835040256
1010050520495611905
1010050523918225409
1010050608051773440
1010050669133418497
1010050741019561984
1010050807759343616
1010050829888425985
1010050887727841281
1010051013602996224
1010051066405314565
1010051203030487046
1010051324111618053
1010051333133623296
1010051422816276481
1010051455791886336
1010051549454794752
1010051564197773312
1010051572028575745
1010051587081932800
1010051654069043205
1010051658565419008
1010051748860497921
1010051818792112128
1010051822415958022
1010051828162138113
1010051845241344001
1010051997758906368
1010052002284490752
1010052117778710529
1010052117556596736
1010052184099184640
1010052231402487809
1010052258254479360
1010052306782572547
1010052402211241984
1010052515176615936
1010052547791474690
1010052553898262529
1010052598756466688
1010052671573823489
1010052686732058624
1010052767522619392
1010052769707945984
1010052817367764992
1010052845104713728
1010052890885533696
1010052965774831616
1010053006400868352
1010053032200036352
1010053127406579712
1010053240782761984
1010053389584076800
1010053395061923840
1010053460459511808
1010053566378266624
1010053612230365185
1010053618077192192
1010053717305929728
1010053748767580160
1010053833886707712
1010053867998937088
1010053920826314752
1010054029831962625
1010054056591716352
1010054062954500096
1010054065299099649
1010054080834785280
1010054122102390784
1010054202905808896
1010054263358263296
1010054358988357632
1010054418514042880
1010054420837650432
1010054463523082240
1010054505503887361
1010054517868630016
1010054535602110464
1010054591675863040
1010054597455564800
1010054755119501315
1010054761184464896
1010054783196114944
1010054791563706369
1010054791551242245
1010054796450156545
1010054785200947201
1010054792528519168
1010054879509925888
1010054929376010240
1010054972262711298
1010054994480025600
1010055086209368065
1010055196427374592
1010055213733089281
1010055413709135872
1010055464783147009
1010055476153913346
1010055530818269184
1010055687345405952
1010055711915589632
1010055728013434880
1010055764348755968
1010055830283128832
1010055974453956611
1010056023074361345
1010056045027307520
1010056046654746624
1010056047569010688
1010056070709039104
1010056073498284033
1010056073854799873
1010056094616637440
1010056107790872576
1010056136752533504
1010056171875651584
1010056197511229440
1010056199730065408
1010056206118014977
1010056239563329536
1010056326762913792
1010056355988852736
1010056365946081282
1010056444337672192
1010056455267995649
1010056473777459200
1010056496812568576
1010056543629430785
1010056561987899392
1010056634977214465
1010056729592193025
1010056735686643712
1010056744947494913
1010056748894445569
1010056883992965120
1010056902024232960
1010056997243322368
1010057103078313984
1010057155087618049
1010057309991653376
1010057479609253888
1010057486836142080
1010057513310572544
1010057545464057857
1010057594344476673
1010057632994951168
1010057655375876096
1010057655405170688
1010057814545399808
1010057844580810752
1010057979016744960
1010057987862552576
1010058177411461120
1010058181647654913
1010058330876907520
1010058394366070784
1010058431536001024
1010058539384139776
1010058620963344384
1010058629993631744
1010058700013400065
1010058707005210630
1010058754895773696
1010058759220154368
1010058812181528577
1010059122702716928
1010059192483373057
1010059271667625984
1010059296191729671
1010059296334282754
1010059368799367168
1010059468674142208
1010059721309675520
1010059721376763904
1010059769594474496
1010059814230061056
1010059873277575170
1010059883788558337
1010060083173183488
1010060547553931264
1010060674544947200
1010060780501381120
1010060817813983235
1010060843617095681
1010060865800941568
1010061061859565568
1010061111239020546
1010061124572794881
1010061235377922048
1010061282962214912
1010061309377961984
1010061388398678016
1010061393524068352
1010061394950152193
1010061449794850816
1010061466605621248
1010061504622850048
1010061517562236928
1010061575556722690
1010061587309256706
1010061730993659904
1010061738501443584
1010061862115926016
1010061920056070149
1010062029510627328
1010062092479729664
1010062225820848128
1010062243147415553
1010062339712933890
1010062340354605056
1010062341495574530
1010062352409128960
1010062360466345985
1010062382192906240
1010062393186058240
1010062530658689024
1010062577831956480
1010062622241251328
1010062633494511617
1010062697633808384
1010062740231217153
1010062943407525888
1010062958926364672
1010062987460337664
1010063024546369536
1010063039876489216
1010063047828885504
1010063083610542080
1010063140330012672
1010063141110247424
1010063149335306241
1010063154401947649
1010063205517930497
1010063206516215808
1010063409965076481
1010063495327571968
1010063599967113216
1010063638022053888
1010063692686348288
1010063911402594306
1010064084270829568
1010064124603240450
1010064177392685056
1010064260712615936
1010064277905006592
1010064399443390464
1010064456368308226
1010064606449029120
1010064731095404544
1010064736187187200
1010064756957503489
1010064847269056512
1010064984976642048
1010065091725799424
1010065115876450307
1010065125493968896
1010065253504253952
1010065314405666816
1010065475630452737
1010065558560223233
1010065631318806529
1010065645810135041
1010065684628430848
1010065733831876610
1010065761656885248
1010065771005972480
1010065773715390464
1010065888475779072
1010065905701806080
1010065912362340352
1010065948370522112
1010066035414839296
1010066229929881600
1010066311693635584
1010066343067037696
1010066367884734464
1010066451783389184
1010066678095470592
1010066734714359809
1010066742842941440
1010066758118625280
1010066777848602625
1010066842533220352
1010066852234579968
1010067142119747584
1010067174696906753
1010067203499098112
1010067219060051969
1010067236806152192
1010067264916291585
1010067310651068416
1010067319014469632
1010067403273891845
1010067418272628736
1010067650519748608
1010067785479868417
1010067804547092480
1010067836990115840
1010067840571990016
1010067874126487552
1010067881009217536
1010067982377201664
1010068061045579776
1010068110827835392
1010068137826369536
1010068139063808001
1010068193052938240
1010068337718648832
1010068460888616960
1010068583987187712
1010068631546449921
1010068631835824128
1010068633358426112
1010068705600995328
1010068773242658817
1010068775281012736
1010068787008299008
1010068929803218945
1010069063563763713
1010069075672911872
1010069125169680384
1010069215695507456
1010069308754538497
1010069372541554688
1010069455269957632
1010069505383464961
1010069565190148096
1010069586979577863
1010069746564378629
1010069762636943360
1010069782270566400
1010069809399201793
1010069840676126725
1010069890626187264
1010069957625950208
1010070020955701249
1010070123514880000
1010070205576503297
1010070297746313216
1010070330478653443
1010070469645668352
1010070555578519553
1010070596103884801
1010070621986983936
1010070899448565760
1010071028482170880
1010071281335767040
1010071286155022336
1010071301384495104
1010071394770739200
1010071413431193600
1010071610278244352
1010071745393561600
1010071781913264128
1010071802201157632
1010071839492755456
1010071942953603072
1010072227562315776
1010072242414374913
1010072286949466112
1010072357279621120
1010072375948242944
1010072479258333184
1010072520328908801
1010072641175277568
1010072659051327490
1010072777796276224
1010072781210472448
1010072838940839936
1010072877583003650
1010072952803602432
1010072964681871360
1010072976719572993
1010072981438189569
1010073031614529536
1010073191274942464
1010073279644741633
1010073325161283584
1010073333340262400
1010073412943990784
1010073547128164352
1010073556502417408
1010073641667776512
1010073729785876480
1010073758692970496
1010073845712244736
1010073911395045376
1010074008920973313
1010074025001934848
1010074055402315776
1010074074939260929
1010074095155806209
1010074133542178816
1010074137132503040
1010074276526002176
1010074331467173888
1010074356989464576
1010074436094046208
1010074465252896769
1010074482151755776
1010074576636825601
1010074592285724672
1010074601332924416
1010074708509896704
1010074922662670336
1010074925363879936
1010075158869172229
1010075187981766657
1010075229098594304
1010075286522810368
1010075305472557056
1010075383092264960
1010075498989408256
1010075577796190208
1010075617537163264
1010075750433804289
1010075778657280000
1010075963403710464
1010076171726393344
1010076181889208320
1010076184217088000
1010076235458842624
1010076423657218048
1010076488383725568
1010076494587101184
1010076564225232901
1010076611536998402
1010076680965279744
1010076700183494657
1010076926734675968
1010076942710779904
1010077159703146496
1010077445393821696
1010077509571014656
1010077535567339521
1010077587278835712
1010077623148601344
1010077687451455488
1010077798063583233
1010077822558375936
1010077872420196353
1010077955379245056
1010078065559572481
1010078154520711168
1010078174103982080
1010078336540868608
1010078414974447621
1010078516455641090
1010078528614862850
1010078677411991552
1010078689642590209
1010078696051560448
1010078860640169994
1010078880126861313
1010078918261473281
1010078944945729536
1010078949899161600
1010078999421255680
1010079104127897600
1010079107919630336
1010079141679566848
1010079185656795137
1010079371510599682
1010079639463702529
1010079794699034624
1010079969043730432
1010079989755097089
1010079992762519552
1010080151290380289
1010080316541849600
1010080337819525121
1010080485547094021
1010080506736758784
1010080543529201664
1010080549715759104
1010080703302832129
1010080951702040576
1010080966059192320
1010081020954234880
1010081144883306496
1010081214215131136
1010081215909679104
1010081228555464704
1010081348923650048
1010081389147017217
1010081423305445377
1010081450400632842
1010081485716459521
1010081537273090048
1010081576330432513
1010081614964158464
1010081736217243648
1010081812868161536
1010082041721958400
1010082053277265921
1010082069706403840
1010082120402898944
1010082215114563585
1010082305455640576
1010082353534906368
1010082363001327616
1010082463341793280
1010082476126035968
1010082478898532352
1010082505721110528
1010082520593989632
1010082655226953728
1010082741310885888
1010082750097969152
1010082828443365376
1010082859166633984
1010082915672297472
1010082965538340864
1010082963726438402
1010082978565943297
1010083032508911616
1010083101308047360
1010083124947103744
1010083200947941376
1010083228223442944
1010083230421344256
1010083305314807808
1010083426823819264
1010083498479243265
1010083503214682115
1010083518456717312
1010083544360767489
1010083568368963585
1010083579941085184
1010083721691594752
1010083787953360901
1010083848246394880
1010084014433161222
1010084136135069697
1010084273741844480
1010084324602007557
1010084352833843200
1010084445255294978
1010084481531645952
1010084499860934656
1010084550184259584
1010084654806904832
1010084690500481024
1010084732082810880
1010084755474436096
1010084836898459653
1010084857903570944
1010084868347383808
1010084981488566272
1010085010920169472
1010085231880167425
1010085241896173570
1010085374738227202
1010085381566582784
1010085389292404736
1010085391830081536
1010085501209137153
1010085524730769408
1010085577994178560
1010085607186599936
1010085715315707905
1010085765391347712
1010085775508058112
1010085813382795264
1010085818776645632
1010085839081127936
1010085938104586240
1010085956383371264
1010086014570913792
1010086046846078976
1010086051677900801
1010086246880890880
1010086264916373504
1010086322667737088
1010086423230406656
1010086530197741568
1010086633268502529
1010086673835872256
1010086692655718401
1010086739304767488
1010086757935788032
1010086840421011456
1010086871475605505
1010086888747732992
1010086933018660865
1010087140779274240
1010087162824593408
1010087339371229184
1010087344417005568
1010087417896996864
1010087423471124485
1010087493956505600
1010087502726795265
1010087504408608769
1010087542258102272
1010087725515591680
1010087732868206592
1010087814527143936
1010087934106787840
1010088003912503301
1010088086108336129
1010088430187921410
1010088472005275649
1010088553878032385
1010088763031216128
1010088788629053440
1010088835232030721
1010089090992271362
1010089143337213953
1010089203080843264
1010089228066328577
1010089351072665601
1010089593889345536
1010089652672454656
1010089845719519232
1010089901847732226
1010089915076567040
1010089957162127360
1010090006252277760
1010090062128787457
1010090078675374080
1010090077727453184
1010090077928730624
1010090243821854721
1010090261614071808
1010090293515808768
1010090304500916224
1010090348209758213
1010090456187842560
1010090485002719232
1010090527113515009
1010090626619265025
1010090668985847808
1010090820014395392
1010090833931096064
1010090845230522369
1010091014130946048
1010091030048370688
1010091072763162624
1010091100143542274
1010091118741131264
1010091199141699584
1010091235233730560
1010091246826741760
1010091366326702080
1010091420659613696
1010091457766739970
1010091476200644608
1010091484358565890
1010091564947951616
1010091615032135680
1010091636255272963
1010091647235973120
1010091669268639744
1010091701564837888
1010091767863992320
1010091787350880256
1010091842417971200
1010091873711673344
1010091938463277056
1010092018754781184
1010092170617946112
1010092212271665152
1010092216625324032
1010092275186192385
1010092283188994048
1010092283709050882
1010092351769935872
1010092375300018176
1010092380203175936
1010092488793739264
1010092490735718400
1010092492602183680
1010092532129320961
1010092536805953536
1010092891430060032
1010092934522392577
1010093033977593859
1010093182003089409
1010093256879824896
1010093264689684480
1010093306766872576
1010093391491862529
1010093794241531904
1010093795952734208
1010093828076965888
1010093857390956544
1010093878974861312
1010093909853327360
1010094064987983872
1010094175650492417
1010094216335282177
1010094273935626241
1010094328860037120
1010094748193972224
1010094764996333568
1010094933536014336
1010094952729100289
1010095108493053952
1010095147114225664
1010095212281126914
1010095274142978049
1010095279935193089
1010095452258291717
1010095927426781184
1010096017210007552
1010096103960842245
1010096194712895493
1010096297876041728
1010096315601182720
1010096494354010113
1010096614420156416
1010096655595646977
1010096738395480065
1010096762231681024
1010096819689476096
1010096875301756929
1010096961708584962
1010096986723373056
1010097147331661826
1010097164989673474
1010097291066249216
1010097311387488256
1010097332698873856
1010097378723074053
1010097411207786497
1010097508046049280
1010097525741834240
1010097672563412992
1010097698656137216
1010097705018904577
1010097778150854656
1010098001451339776
1010098002109911040
1010098040227729408
1010098055268487168
1010098063438991360
1010098221581029376
1010098289516208128
1010098377420361728
1010098406579167232
1010098588783915010
1010098628223004672
1010098643213406208
1010098664159825920
1010098719189020672
1010098797668655105
1010098820946878464
1010098936982528005
1010098986399817728
1010098999309684736
1010099005647290370
1010099012958085120
1010099056872513536
1010099108797976576
1010099134248955904
1010099672063578113
1010099769920884737
1010099782336032768
1010099825583456257
1010099880373686272
1010100080802582529
1010100077610913793
1010100086859292672
1010100088612491264
1010100098917904385
1010100089094799360
1010100171903000578
1010100177275846656
1010100194439024640
1010100437645647872
1010100736661839873
1010100780907540480
1010100867238940679
1010100932032548864
1010101000622039041
1010101015062949888
1010101056355930112
1010101062840266755
1010101148357885952
1010101233967927296
1010101296215609345
1010101338708086784
1010101370295406592
1010101398724280322
1010101507386216448
1010101571160559616
1010101571890401280
1010101573287112704
1010101600902352896
1010101732767158272
1010101769567948800
1010101961599934464
1010101981309005824
1010102040528412672
1010102143842439168
1010102342887370753
1010102398038224896
1010102404119957504
1010102404149383168
1010102445215768577
1010102485233659904
1010102504162504706
1010102571695034370
1010102717539323906
1010102818647097345
1010102868634828800
1010102975950458880
1010103076571709440
1010103089683156992
1010103100605165568
1010103156951474176
1010103282780393472
1010103378859479041
1010103460145049601
1010103481913360384
1010103509453361152
1010103554525335557
1010103588344025088
1010103734402154496
1010103751464620032
1010103812382654464
1010103834558042113
1010103866380169216
1010103879235768320
1010103910495907841
1010103966615687168
1010104104142737408
1010104149269274624
1010104197675614209
1010104202390048770
1010104357545623553
1010104403691495424
1010104423278891009
1010104429977186305
1010104462201978881
1010104487585992704
1010104634587975681
1010104724748718080
1010104730511605760
1010104881426894848
1010104891451367424
1010104915178541056
1010105150910992384
1010105200839979008
1010105213494222849
1010105337544835074
1010105569229922304
1010105642051342336
1010105733944434689
1010105735450169345
1010105874495496193
1010105929050804226
1010105995706687488
1010106022780919808
1010106132600369152
1010106162514153472
1010106183997382657
1010106376322985985
1010106379728769025
1010106382979301376
1010106382392098816
1010106470770278400
1010106547341578240
1010106569516871680
1010106627465400320
1010106705525592064
1010106710265131010
1010106713045860352
1010106736244674561
1010106780620378112
1010106833686671360
1010106916180234240
1010107103502061569
1010107110716334080
1010107168916467712
1010107219248074753
1010107224495190016
1010107264458543106
1010107282791813120
1010107330468433920
1010107368284143616
1010107377981501441
1010107401024880640
1010107544897978368
1010107635654385665
1010107636644118528
1010107717199986689
1010107739308208129
1010107755175251968
1010107807553720320
1010107859370168320
1010107979293708288
1010108010935529472
1010108184676184064
1010108214896136192
1010108384073437184
1010108384723505152
1010108391631523840
1010108411541950465
1010108411932004357
1010108890451767296
1010108929618137094
1010109016410816512
1010109017195196416
1010109071800881154
1010109075915530240
1010109199030931456
1010109214151380993
1010109469206904832
1010109501435981826
1010109703496654854
1010109754017046528
1010109894010327040
1010109966059999234
1010110057894285312
1010110149808173057
1010110154996633606
1010110225158983680
1010110222193577984
1010110255181844480
1010110255328579585
1010110293903597574
1010110363264798720
1010110866308681728
1010110906653605888
1010110917286158336
1010110920071270401
1010111102250831872
1010111210946224128
1010111215643787264
1010111256177577985
1010111405989814272
1010111428261548032
1010111447500718080
1010111468442980352
1010111519630209025
1010111640937869312
1010111891895738368
1010111894433263617
1010111900510715904
1010111946496999424
1010112057725931520
1010112067414708225
1010112092999954434
1010112136486539264
1010112216350232576
1010112344616243200
1010112364988035075
1010112366242091009
1010112591568556032
1010112671537160192
1010112669356093440
1010112808493731840
1010112823458922496
1010112843063136256
1010112966644166657
1010113014362787843
1010113039302103040
1010113067877724160
1010113258945241088
1010113260933271552
1010113280805953536
1010113472561074176
1010113486310043648
1010113492936994817
1010113871913287680
1010113920814669824
1010113959633084416
1010114071771873281
1010114212100755457
1010114230731919360
1010114298742493184
1010114357295017984
1010114391889588225
1010114487142273024
1010114505622376453
1010114508122214401
1010114552074293248
1010114624933556224
1010114691300057088
1010114711709540352
1010114747860123648
1010114790436560896
1010114916580315136
1010114943704817665
1010114992522350593
1010115003574358016
1010115022197059584
1010115030665302017
1010115184558510080
1010115185951035397
1010115189310738432
1010115214010912768
1010115336467898368
1010115421645754369
1010115571466276865
1010115756883939328
1010115786940256256
1010115837972369409
1010115958726275072
1010115965789454336
1010115969769824256
1010116002879860736
1010116266252820480
1010116376877588480
1010116379977109504
1010116407009398785
1010116437636075520
1010116452723015680
1010116473262571521
1010116638031663106
1010116682067730432
1010116695371984898
1010116773709012992
1010116796857319424
1010116868810723328
1010116886577770496
1010116957587345408
1010117090395738112
1010117112474595329
1010117171454803968
1010117204044582913
1010117224856727552
1010117229457956864
1010117250928578560
1010117257039671296
1010117320033828864
1010117440628551680
1010117461708959744
1010117563211304960
1010117574825267201
1010117606127398913
1010117642626260992
1010117706341912577
1010117826378715136
1010117903574847489
1010117950530113541
1010118009057406976
1010118128041381888
1010118192897953793
1010118198878851073
1010118301727543296
1010118303153643520
1010118326973030400
1010118352176648193
1010118354756042752
1010118458988744704
1010118463078260736
1010118511111393280
1010118543235518464
1010118609501409280
1010118700140302336
1010118750979411968
1010118811322847233
1010118818146942976
1010118960988205057
1010118962779250689
1010119086817325057
1010119100264255488
1010119131084087298
1010119195017785345
1010119211170107394
1010119268812447744
1010119287523209218
1010119309245468673
1010119332733554690
1010119399779467265
1010119454267789312
1010119508584001537
1010119510412742656
1010119510697889794
1010119547289038848
1010119609230462976
1010119662972162049
1010119679896178689
1010119829842522112
1010119868933378050
1010119899983773696
1010119917801295873
1010119946746068992
1010120065822461952
1010120139940024321
1010120250824638464
1010120271968251904
1010120566391693312
1010120795379634182
1010120822948843520
1010120859799949312
1010120889285914624
1010120901705240577
1010120908370038785
1010120994093195266
1010121056928100352
1010121220828696577
1010121288394952704
1010121305088114689
1010121443701612545
1010121468422733825
1010121550664732672
1010121635515502593
1010121788318277632
1010121877791100928
1010121926193373185
1010121978064318469
1010122029712986113
1010122075405783040
1010122109480292353
1010122135401127937
1010122152241172480
1010122160139128832
1010122166321508352
1010122170792542209
1010122172197691393
1010122186739408897
1010122204904861696
1010122242204864512
1010122319107444741
1010122335230287872
1010122375151738880
1010122395540213760
1010122469666119681
1010122471335395328
1010122519972597762
1010122546363142146
1010122665439449092
1010122728689500160
1010122743570948096
1010122796008079360
1010122803314659328
1010122827821977601
1010122891755687936
1010122893823561730
1010122904628023296
1010123000052527105
1010123013650513920
1010123026866868226
1010123050094907392
1010123073360744450
1010123129182703616
1010123219607736321
1010123291095420929
1010123320652713985
1010123369717608448
1010123383906947072
1010123461107355649
1010123461648355328
1010123533488394241
1010123633207934976
1010123704150478848
1010123718352429056
1010123811969257472
1010123840322785280
1010123859180376064
1010123893187731457
1010123951266238464
1010123995683938304
1010124049891151873
1010124190354198528
1010124203100659712
1010124211334123520
1010124236315353089
1010124245790281728
1010124305571700737
1010124330498437120
1010124356410888192
1010124382260350976
1010124430163496961
1010124447926444032
1010124519405568000
1010124641896206337
1010124711261605888
1010124761672937473
1010124972352790528
1010125205304377344
1010125236497502208
1010125245389213696
1010125253660565504
1010125255116054528
1010125255468253184
1010125322975670272
1010125362708111360
1010125384598376448
1010125860521865217
1010125889831620608
1010126073437278209
1010126129288699904
1010126183453872129
1010126396100882432
1010126452291981312
1010126602578092035
1010126677668777984
1010126929813495808
1010126997987700736
1010127024357281792
1010127024667746304
1010127289470898176
1010127309083463681
1010127382999699456
1010127451622727682
1010127515564769280
1010127586847051783
1010127699225010176
1010127750227783681
1010127832612245504
1010127913511944192
1010127965823406081
1010128029283168256
1010128172275388416
1010128173806149632
1010128282342297603
1010128269197430784
1010128320153911297
1010128393688567808
1010128465427918848
1010128512177573889
1010128517038854144
1010128577831071745
1010128648844775425
1010128714313732096
1010128807280324610
1010128824829243394
1010128845729619968
1010128881179865089
1010128916659437568
1010129015187890177
1010129132519337984
1010129164161052672
1010129336144420864
1010129405295906816
1010129451303174145
1010129504323416064
1010129527006203904
1010129607465537538
1010129663274967040
1010129710272139264
1010129819709902849
1010129991366008837
1010130036463144960
1010130104746377216
1010130130570641408
1010130282668744705
1010130284333883392
1010130283939627010
1010130285806039041
1010130288826048513
1010130308509954048
1010130312045760513
1010130413329813504
1010130519865090048
1010130611410014208
1010130630070427648
1010130851563233280
1010130877828009988
1010130912061861888
1010130962678677505
1010130974099812352
1010131037941141504
1010131068895289345
1010131081549533185
1010131148222156800
1010131208947273730
1010131327247634432
1010131427617398784
1010131481992318976
1010131544378310657
1010131542604177409
1010131625508818945
1010131628960681985
1010131719721312256
1010131756291448834
1010131776591802368
1010131827477155840
1010131840575987713
1010131909819666434
1010131967164190721
1010132011032498177
1010132081714913280
1010132180092243969
1010132288615612416
1010132326100160513
1010132414537007106
1010132470166118401
1010132501379989505
1010132532288016385
1010132586033762310
1010132639364378625
1010132706871693312
1010132735908892672
1010132795094544385
1010132802199851009
1010132825079779329
1010132920370192386
1010132971356131328
1010133079149744128
1010133080596623360
1010133105477332993
1010133221173088256
1010133535246692352
1010133753279205376
1010133835462438913
1010133869243387916
1010133915384893440
1010133942974976001
1010134172210532353
1010134247439560704
1010134313168404480
1010134396152745984
1010134399134961664
1010134616831713282
1010134732900917253
1010134880863256576
1010135200968343553
1010135205154181121
1010135265963380743
1010135267511070720
1010135312809504768
1010135337774002176
1010135451552927745
1010135518477209601
1010135623930269696
1010135859667062784
1010136258033709059
1010136261238181888
1010136378213064711
1010136417585025024
1010136529266724865
1010136569339097088
1010136604898480129
1010136622791262208
1010136649450295297
1010136782963462144
1010136872981581824
1010136930267394048
1010137040359485441
1010137160480165889
1010137166993940480
1010137311462469633
1010137320656461824
1010137364793044994
1010137432203898880
1010137501279969280
1010137558796382208
1010137605915205632
1010137660378230785
1010137767643418624
1010137837306556421
1010137839797985280
1010137870756208640
1010137886870523904
1010138006605484039
1010138174281146369
1010138199451201537
1010138424924344322
1010138516133744641
1010138577366388742
1010138649063665666
1010138803942682626
1010138849236930561
1010139054241910784
1010139159124742146
1010139181560094726
1010139229916139521
1010139310488801282
1010139359423680512
1010139694590496768
1010139706108104704
1010139783803392000
1010140096438439937
1010140219302137856
1010140345177378816
1010140354929221633
1010140449921781762
1010140459564503042
1010140741358800897
1010140872091033606
1010140929972428800
1010140971328294914
1010141024411439109
1010141055969357824
1010141167739199493
1010141198013681667
1010141320776740866
1010141563236835328
1010141564860067840
1010141640596623361
1010141640466583553
1010141739729018880
1010141786507915264
1010141890413563906
1010141892753969152
1010142036983500801
1010142081023606785
1010142201395982337
1010142280295112706
1010142302310985730
1010142418036019202
1010142562903117824
1010142668456910848
1010142680553345024
1010142695925387264
1010142748727562240
1010142761419358209
1010142781690564610
1010142819107958785
1010142831057530882
1010142841287344130
1010142854721757184
1010143074528481283
1010143124247777280
1010143191713148928
1010143292850429953
1010143405614088194
1010143534702321664
1010143551404105728
1010143618789715969
1010143667955355648
1010143684866793472
1010143884251484160
1010143999196319744
1010144126359277568
1010144128259231746
1010144145242017793
1010144243191566336
1010144482807951361
1010144554174074881
1010144563053383680
1010144646780026886
1010145060443303936
1010145147089235971
1010145363754446848
1010145421451300869
1010145494218301445
1010145537742516226
1010145609842601984
1010145679505846273
1010145689018519554
1010145716512182273
1010145739182428160
1010146065587363843
1010146154137260032
1010146181614206976
1010146223234351105
1010146382664040448
1010146514579148802
1010146530425294859
1010146647576281088
1010146781248806912
1010146843311984641
1010146932549922816
1010147103119740928
1010147249626763264
1010147248829861890
1010147426081169410
1010147485489262592
1010147504996876289
1010147600278982656
1010147680134287360
1010147864020967424
1010148006035894273
1010148263918522370
1010148300136345601
1010148343543222272
1010148510858170368
1010148539396186112
1010148548741140480
1010148707029913601
1010148793017356289
1010148913570045952
1010148984311156736
1010148988400623620
1010149009296539648
1010149114196234241
1010149161398886401
1010149199306985472
1010149250536271872
1010149453024636929
1010149468061171714
1010149528232710144
1010149543210573824
1010149636441550848
1010149726640070656
1010149815177621505
1010149942130892800
1010149961596620801
1010150069872615424
1010150093570396160
1010150136394256384
1010150178744078337
1010150180027555842
1010150400752746497
1010150419744657408
1010150417165180930
1010150443060813825
1010150602637266944
1010150632500711425
1010150663291133953
1010150694270013441
1010150732090298368
1010150842815705088
1010150886046404608
1010150908007735296
1010150935568449536
1010151084927660032
1010151253387726849
1010151253865877504
1010151303505432577
1010151458115936257
1010151479016149002
1010151680443342850
1010151680590131201
1010151701809188865
1010151710369689606
1010151777000480768
1010151807304204288
1010151858726416384
1010151914288435200
1010151961189081088
1010151974552195073
1010152088586907649
1010152138281029632
1010152187970846720
1010152267604025345
1010152527864696832
1010152568448831493
1010152598010322944
1010152620051267584
1010152684341678081
1010152818064478209
1010152844190732288
1010152930123636737
1010152936951943173
1010152979440308226
1010153087024197632
1010153133522108417
1010153194931085314
1010153473004965888
1010153689829527552
1010153862534238209
1010153974224293889
1010154241829335043
1010154414336872450
1010154576807374848
1010154622898630659
1010154689315291136
1010154709372375040
1010154718109167616
1010154904038592512
1010155191033884673
1010155291244187651
1010155376296316929
1010155445904912384
1010155464200421376
1010155721038671873
1010155791742103552
1010155798419443713
1010155820133289984
1010155932758740994
1010155955168993280
1010156034789437440
1010156041621987328
1010156049855336448
1010156138283794432
1010156148668993539
1010156147863642113
1010156274040934406
1010156525430681600
1010156531629875201
1010156564001353733
1010156566366937088
1010156579839242240
1010156585803542529
1010156653088595972
1010156710005280769
1010156711905320960
1010156881707495424
1010156891324997632
1010157302287163393
1010157485691465728
1010157559360172039
1010157691573100545
1010157759109746690
1010157756333150209
1010157945215246336
1010157953859575811
1010157964190191616
1010158036160339969
1010158206583271425
1010158229253476353
1010158343036522497
1010158365857779713
1010158403405180936
1010158477094850560
1010158725259300870
1010158752811700224
1010158834445365249
1010158853495943168
1010159099101745154
1010159156316262400
1010159228961656834
1010159231243341824
1010159350739070976
1010159605337477122
1010159720278253568
1010159849571840000
1010159882010546176
1010160055268802561
1010160247518978048
1010160391492718593
1010160419674075136
1010160505791508480
1010160507788152832
1010160551941550080
1010160636725059586
1010160644191113216
1010160728622419968
1010160835887620097
1010160957912485890
1010161027437260801
1010161046890471429
1010161088137187328
1010161137663520768
1010161436193181696
1010161628191641602
1010161692184121344
1010161822064889856
1010161879837237250
1010162061995855872
1010162132489515008
1010162233656205312
1010162269995483141
1010162269899120640
1010162302467825664
1010162418356510721
1010162491819560960
1010162704399720449
1010162705204838400
1010162798255656962
1010163002740498432
1010163004518883330
1010163045220454404
1010163280055136256
1010163288460668928
1010163295423066114
1010163303300022272
1010163319280455681
1010163609731846145
1010163745262272512
1010163835813187584
1010163970894856192
1010164109361414144
1010164263355379713
1010164719582416896
1010164809416019975
1010164869860126721
1010165091432529920
1010165353811505153
1010165468446027776
1010165485353209859
1010165521554296832
1010165712588038144
1010165872126808065
1010165972605521920
1010166107053928452
1010166209676042240
1010166265183432705
1010166319445106690
1010166340609564675
1010166754964885504
1010166805485293568
1010166892160540672
1010166960070496257
1010167111715565569
1010167370550308864
1010167678118584320
1010167809375027201
1010167837766356998
1010168417171771392
1010168462554161152
1010168491272437760
1010168603499532288
1010168728980516864
1010168814192005123
1010168867572932608
1010168958400565248
1010168980441575426
1010169294473310208
1010169296855724034
1010169400668905472
1010169447317934081
1010169820598415360
1010169826218684416
1010169844895903745
1010169940819742722
1010170213575331842
1010170498758479877
1010170553011982338
1010170747866763264
1010171033624764416
1010171083767640066
1010171107045986304
1010171239359447042
1010171459422031873
1010171577286234112
1010171620831289344
1010171795629060097
1010171802545340416
1010171810044932098
1010171813563912193
1010171893524164608
1010172070897049601
1010172070607708161
1010172334919987201
1010172353211351041
1010172897216942086
1010173180579807238
1010173383080923136
1010173455986282501
1010173519135739906
1010173621501820928
1010173629957623808
1010173723629023232
1010173803379482630
1010174556215103488
1010174830610542592
1010174882339008513
1010174907584524288
1010174937267671041
1010174949355470850
1010175005613838337
1010175106499403776
1010175146647318528
1010175234153033730
1010175249839685633
1010175328537534465
1010175514219307008
1010175522826055680
1010175587644837888
1010175589733535744
1010175639545110528
1010175660214636545
1010175760714346496
1010175773662212097
1010175848639549441
1010176037769097216
1010176044534566912
1010176053787217920
1010176091875627009
1010176094081822721
1010176111924404225
1010176117955842048
1010176141305503745
1010176191062593536
1010176191767171072
1010176243583651840
1010176261543596034
1010176265666654208
1010176272713109504
1010176302324830210
1010176370390028288
1010176410055593984
1010176415126482944
1010176454888390656
1010176484852584448
1010176545531617280
1010176602263703552
1010176623641952257
1010176633129484288
1010176654159818752
1010176752239464449
1010176844983930881
1010176990303997952
1010177140644511747
1010177220005023749
1010177242759155714
1010177343464361984
1010177469582802944
1010177523940982786
1010177580635492352
1010177618199576576
1010177666559901696
1010177703335653376
1010177762043269120
1010177912216137728
1010177913369563137
1010177988766429184
1010178102423621633
1010178101047898112
1010178181779939328
1010178199735685120
1010178309995532289
1010178373862285314
1010178472004800512
1010178517928161281
1010178577667641344
1010178625855946752
1010178670030401537
1010178706235641856
1010178726548660224
1010178809432346625
1010178816441012225
1010178834753310720
1010178921491464192
1010179034679074816
1010179106800132096
1010179349172060161
1010179352145821696
1010179409259704323
1010179422601863170
1010179464427339777
1010179598674530304
1010179611836272640
1010179639904481281
1010179717872455680
1010179775481155590
1010179834885140480
1010179923884085248
1010180139345436673
1010180345289900032
1010180359777144834
1010180417767591936
1010180429637390338
1010180500496044035
1010180588995842048
1010180610369785857
1010180717819650048
1010180752363925504
1010180780855844864
1010180862523166720
1010180865593368576
1010181150130753536
1010181155792941056
1010181234813698048
1010181422353707008
1010181444164079616
1010181603983798272
1010181608190685184
1010181634463682561
1010181648229552128
1010181749706579968
1010181875564974080
1010181877909598214
1010182282836135936
1010182420203700224
1010182447672299521
1010182572301783040
1010182604488888321
1010182682108719105
1010182721795231744
1010182979774238722
1010183010711457792
1010183220887990272
1010183579203227649
1010183590699823105
1010183661218615296
1010183670844592128
1010183736019832837
1010183890131128320
1010183913279508481
1010184164581224448
1010184185099767808
1010184188245487616
1010184234533900288
1010184257845809154
1010184275180875777
1010184303228129280
1010184321607655426
1010184327710330881
1010184394135539712
1010184456764837889
1010184615775162368
1010184636167802881
1010185069695258624
1010185114146557954
1010185320195747841
1010185429096779776
1010185470884474880
1010185513951690752
1010185525020577793
1010185531664293888
1010185643589185538
1010185643631075328
1010185645216526336
1010185718013005824
1010185750346915840
1010185790855499776
1010185851043794950
1010185939602296833
1010186042052370433
1010186057277722624
1010186057982337025
1010186177058615296
1010186382810198017
1010186383351341061
1010186467996524544
1010186491606298624
1010186531720585216
1010186722846695424
1010186808049700865
1010186898231431169
1010187037906014220
1010187151563161600
1010187226322522112
1010187478882545669
1010187791236558848
1010187927228506114
1010188169504067584
1010188171492188160
1010188216090185728
1010188281517047809
1010188417903316993
1010188634971168768
1010188674963734528
1010188743523700736
1010189259054215172
1010189408744738822
1010189478407925760
1010189539917418496
1010189540374601728
1010189629281234944
1010189687984566275
1010189720985440256
1010189723145515011
1010190006772748292
1010190031548534785
1010190061147738112
1010190082622533633
1010190211643527168
1010190243008536576
1010190329352466432
1010190338584186880
1010190341075587072
1010190391835021312
1010190420532432896
1010190465558372352
1010190503567069184
1010190687206346755
1010190686736601088
1010190747583295488
1010190799760392194
1010190951594291201
1010190967587115008
1010191179147894784
1010191272424992768
1010191516726386689
1010191928128925696
1010192054385864704
1010192393612689409
1010192660357943298
1010192698878414849
1010192772618440706
1010192946103119873
1010193058120568835
1010193106791206912
1010193189658079238
1010193257660338177
1010193305014071297
1010193476275900417
1010193556420681728
1010193594513346561
1010193611860869122
1010193642236112896
1010193684003020806
1010193687291232256
1010193730622709761
1010193790768992256
1010193863481405440
1010193924751855616
1010193991973986304
1010194091647406082
1010194185109037057
1010194275496230913
1010194402801745920
1010194403800109057
1010194458426707969
1010194460414758913
1010194489976197120
1010194556464369666
1010194678829010945
1010194693597081601
1010194744608219139
1010194956210921472
1010194967300595713
1010195052629458944
1010195099014361088
1010195250357391361
1010195326056173568
1010195334222569473
1010195369039364096
1010195400035328001
1010195400798691329
1010195433568825344
1010195489646632960
1010195506314858496
1010195595401879552
1010195631003062272
1010195649252519937
1010195822246612992
1010195881033961472
1010196298937569280
1010196395339452416
1010196454189748227
1010196545130631169
1010196547089387523
1010196578861305856
1010196749124857858
1010196976787447808
1010197043606949889
1010197372150874113
1010197375279927297
1010197381764272128
1010197467432935426
1010197488010235904
1010197826155024384
1010198041910042624
1010198063154188288
1010198085480349698
1010198156737380352
1010198187066392576
1010198221770166272
1010198233921019904
1010198299369005056
1010198598024417282
1010198622233915393
1010198681130323969
1010198696645062656
1010198868343054336
1010198995891838977
1010199069598404608
1010199235675947008
1010199378190053376
1010199495525765121
1010199498449129479
1010199802385240066
1010199967540154370
1010199993486135296
1010200093243445249
1010200238005587970
1010200255072067584
1010200442226212865
1010200546660225024
1010200718945456128
1010200749593317376
1010200751593938947
1010200835257786369
1010200942447169536
1010201036362002433
1010201153898983424
1010201199268675584
1010201221859368961
1010201313647439879
1010201322061262848
1010201461958029313
1010201656875716610
1010201702560124928
1010201761037025280
1010201816796196869
1010201825323167749
1010201859171192832
1010202009893507072
1010202059365380098
1010202152285933568
1010202237250015232
1010202339892957184
1010202362173063169
1010202389805260801
1010202407303860227
1010202446889734144
1010202475536748544
1010202540670095360
1010202641253781509
1010202678595653632
1010202696744390657
1010202789077766146
1010202822678282240
1010202941045780480
1010203690760798208
1010203765050413057
1010203814668926976
1010203838635282432
1010203958432890881
1010204168445972481
1010204251992285185
1010204337472245760
1010204341498720256
1010204378551250947
1010204426617925632
1010204437485441024
1010204483949879296
1010204614464065537
1010204757129158656
1010204989019578368
1010205187393445889
1010205237225971717
1010205297481256961
1010205367681409024
1010205403022614529
1010205463101804544
1010205473344229376
1010205650771759104
1010205719055011841
1010205787396956160
1010205859975229441
1010206053160620032
1010206203732021250
1010206226184048641
1010206229833142272
1010206289979412481
1010206292236013569
1010206321008955392
1010206337626771457
1010206372515012610
1010206439502118914
1010206554581155840
1010206765730889728
1010206783875567616
1010206890725445632
1010206962804514816
1010207041275691009
1010207043947556865
1010207094891536385
1010207543161970688
1010207585256001539
1010207771877367809
1010207808141307905
1010207930145124353
1010207990404837376
1010208047371825152
1010208079621877760
1010208080469090307
1010208231837270016
1010208232835633152
1010208286610808834
1010208303396376577
1010208309570306048
1010208336581718016
1010208355980402688
1010208404470685697
1010208409600299010
1010208409822617602
1010208475278913536
1010208507738640385
1010208531222495233
1010208673799573504
1010208750475636737
1010208796134653952
1010208868251652101
1010208896823255041
1010209094135840768
1010209104000937984
1010209311040135168
1010209389054189568
1010209420800819201
1010209449779322881
1010209477780557825
1010209602997284865
1010209609141882881
1010209613982191616
1010209688623960064
1010209843582468096
1010209897374535680
1010209957084631045
1010209976156114944
1010209992883007490
1010210115310575617
1010210219232841728
1010210260164980736
1010210267257589760
1010210810721861634
1010210813716631552
1010210906217869312
1010210966594715648
1010210979278229504
1010210991454294016
1010210992368816129
1010211016972566529
1010211097285099521
1010211107594792960
1010211201102630912
1010211385396092929
1010211506540175360
1010211619568279553
1010211697427210241
1010211906798448640
1010211915031773189
1010211963224444928
1010212110389923840
1010212167885508608
1010212188810866688
1010212388551974917
1010212437222621185
1010212551018319873
1010212560346472448
1010212603925278722
1010212711240781824
1010212936088981505
1010212963377131520
1010213042943156231
1010213064728248320
1010213161457405953
1010213333021143042
1010213335143510016
1010213377724026882
1010213437736091650
1010213720184811520
1010213887235514369
1010213947679657985
1010213950640750593
1010213965044035585
1010213996958449670
1010214395866165248
1010214983786024960
1010215104586113024
1010215180347826176
1010215212895612929
1010215214300696576
1010215427174273026
1010215458316877835
1010215485491773440
1010215602949099526
1010215608904974336
1010215780934397963
1010215846894096384
1010215864262627329
1010215964267466752
1010215968956706816
1010216018390679553
1010216048228958208
1010216106697658373
1010216129359503362
1010216218975002624
1010216289900654592
1010216304882708481
1010216645615411201
1010216747289468929
1010216813630754816
1010216910573719552
1010217168515092481
1010217656555921408
1010217863003729920
1010218136048668673
1010218408439361538
1010218412168105984
1010218492732301313
1010218541805723649
1010218864645419008
1010218943863316480
1010218987165188096
1010219072188043264
1010219100088434688
1010219168719917056
1010219212781047808
1010219323414208514
1010219625366327296
1010219627798986752
1010219665384267777
1010219667284082688
1010219795558600705
1010219825245941760
1010219953738403841
1010219964421328896
1010220043622371329
1010220096684527617
1010220293426761729
1010220336485462019
1010220520044941313
1010220525401051136
1010220884634882048
1010221052667088899
1010221197118894081
1010221383899545600
1010221516057915392
1010221636975513600
1010221802675691520
1010221885198610433
1010222211939164160
1010222451521925120
1010222644845826048
1010222649669234689
1010222927596478464
1010222980746678279
1010223044848246786
1010223859856039942
1010224035609882626
1010224191088390144
1010224263188664320
1010224307069509632
1010224330326802432
1010224344704876545
1010224557310046215
1010225154801225728
1010225229010960385
1010225544502370304
1010225872077549569
1010225887248252933
1010225914247106560
1010225916608475136
1010226011827593216
1010226045079998464
1010226081268453377
1010226409653096449
1010226448668463105
1010226474689982477
1010226577282621440
1010226833755762688
1010226971035537408
1010227024659648512
1010227049376681984
1010227199453159425
1010227239592579073
1010227298237386752
1010227306768621568
1010227325198364672
1010227478114299905
1010227478500118533
1010227481318707200
1010227521844137986
1010227529435660288
1010227561924833281
1010227634385670144
1010227675431161857
1010227683714838528
1010227748860723200
1010227818343686144
1010227842116964352
1010228008756633601
1010228040402694144
1010228473833644033
1010228734010515456
1010229044900745217
1010229057781420033
1010229091872763904
1010229120171757568
1010229226816065536
1010229421180178433
1010229528919248896
1010229647039180802
1010229780577439744
1010229858780278784
1010229884935987201
1010229895300083718
1010229993614532608
1010230087114002434
1010230333298696197
1010230462114123777
1010230612207251458
1010230739143667712
1010230904931962880
1010230926100623360
1010230941955121152
1010230949953622016
1010230996460064768
1010231035202859008
1010231047894831105
1010231219018231808
1010231291931963393
1010231449340006400
1010231550758326279
1010231739468349447
1010231769319256064
1010232061376884736
1010232109619957760
1010232208626462720
1010232211193454592
1010232252066918400
1010232348028223489
1010232375270363137
1010232444489031681
1010232509739798532
1010232513883713540
1010232600588320769
1010232632641245184
1010232648969674752
1010232855723732992
1010232862329790464
1010232888720273410
1010232916411076608
1010232921842769920
1010232925697265664
1010232943825113088
1010232953014800384
1010232987747745792
1010233046002470912
1010233118488518656
1010233126931529729
1010233361787506688
1010233377755103235
1010233376803033089
1010233384705118208
1010233418712604672
1010233780035112960
1010233854387515392
1010233919969615872
1010233968002813952
1010234107723419651
1010234130163027968
1010234161158918144
1010234174370992130
1010234229697974273
1010234252875784193
1010234284496519170
1010234312585826304
1010234358765060096
1010234378298052608
1010234398338363392
1010234482446749696
1010234540059656192
1010234667222487040
1010234829353422848
1010234874375131138
1010235100196495360
1010235114410868736
1010235127602057223
1010235181142347777
1010235188847218688
1010235240533684230
1010235314030501888
1010235331319357441
1010235388840022016
1010235409304051713
1010235623217786883
1010235625319157766
1010235636106883073
1010235640364052480
1010235706030075904
1010235755883646977
1010235766583197696
1010235877711368192
1010235979356098562
1010235986218012672
1010236035744362496
1010236039062007809
1010236109794828291
1010236156150198274
1010236196419760128
1010236263662784513
1010236682090827776
1010236802748252166
1010236852593418240
1010236907224215553
1010236962576523266
1010236971619414016
1010236981991956480
1010236994172194817
1010237061574557696
1010237331406835712
1010237359256997889
1010237367297376256
1010237504174350337
1010237530531401729
1010237532985024512
1010237737914519552
1010237781665345536
1010238067758727174
1010238089741197314
1010238159022587904
1010238249422508032
1010238412899614720
1010238456352690176
1010238472794320898
1010238496903135233
1010238498354458626
1010238501332377601
1010238503786024961
1010238544403730443
1010238574938214400
1010238704856727552
1010238858238230528
1010238865435656193
1010239018649387009
1010239026723479553
1010239066208702467
1010239212006838272
1010239379145707522
1010239421613035520
1010239542933229568
1010239581189492738
1010239787352150017
1010239812878716928
1010239915836297216
1010240043775152136
1010240130496507906
1010240176306696193
1010240255390289920
1010240336537489408
1010240636530970624
1010240743259197447
1010240752532717568
1010240756651442176
1010240761978343424
1010240942044012545
1010241012281815041
1010241050043133952
1010241087254990849
1010241087141810177
1010241087078830080
1010241536406294528
1010241569314795520
1010241659605520384
1010241777398190080
1010241825133735936
1010241837611847680
1010241884705492992
1010241907396612096
1010241953399787521
1010242003014246400
1010242008299048961
1010242251698724867
1010242256735961089
1010242276940017665
1010242391553576960
1010242534285684736
1010242685486190592
1010242835692621832
1010242852151091201
1010242866919170050
1010242901823983616
1010243080048562176
1010243118996869120
1010243123459616768
1010243199137386496
1010243307153317889
1010243325620899841
1010243336207298562
1010243355496808454
1010243432709836800
1010243491002224647
1010243576528285696
1010243628676145152
1010244126569390082
1010244370669408257
1010244518657052673
1010244573258448896
1010244595777560576
1010244790049542146
1010244791785938944
1010244908500901888
1010244916985950208
1010245086033170433
1010245143117615104
1010245284671184896
1010245354711904257
1010245581304946690
1010245578951938049
1010245675785867264
1010245712385323012
1010245721193316354
1010245762578567169
1010245771692773377
1010245790525198336
1010245845290311680
1010246042288316416
1010246052308488192
1010246068376952832
1010246205031550978
1010246301739601920
1010246325563265024
1010246340281061376
1010246409185038341
1010246411307413504
1010246560779849735
1010246578366500864
1010246679478628352
1010246902779170817
1010247362177060871
1010247368808255488
1010247455382884352
1010248009467252737
1010248175771373570
1010248189197389825
1010248268306055169
1010248493141766147
1010248614592024576
1010248744330301450
1010248874290831362
1010249091962589185
1010249160254197762
1010249164666687488
1010249190520360960
1010249405751005186
1010249583396466688
1010249786489036801
1010250167759572994
1010250294146617344
1010250391605469185
1010250484530069504
1010250634849849344
1010250680748175362
1010250685097693184
1010250769549922306
1010250776416055298
1010250786473947136
1010250934138626048
1010250942896398337
1010251071984242688
1010251080586981376
1010251083472605187
1010251146022346752
1010251181065633792
1010251224069918721
1010251227077242883
1010251256928063488
1010251327312625665
1010251385366089728
1010251429011959810
1010251516098306048
1010251532644872194
1010251565691699205
1010251656439713795
1010251791529803776
1010252141989126145
1010252187820265472
1010252217499168768
1010252342522982401
1010252566750547969
1010252691916967937
1010252733801168896
1010252866362249218
1010253048080470018
1010253268788924416
1010253488658567168
1010253603229990912
1010254017178587136
1010254158019129346
1010254224716951552
1010254347429662720
1010254481764777985
1010254565701312512
1010254630352236556
1010254643765628929
1010254648056393729
1010254861970169857
1010255133232508930
1010255292611940352
1010255383452176385
1010255666148204544
1010255896553885697
1010255939419721728
1010256107959304192
1010256177110962178
1010256204667478016
1010256231146119168
1010256355326943234
1010256566078050304
1010256805602189312
1010257134037053440
1010257214471331845
1010257305353490434
1010257372760236033
1010257374781886465
1010257414166233090
1010257416850694144
1010257692903002112
1010257732899876866
1010257737853390848
1010257814256791552
1010257935090544640
1010257994947485697
1010258183724691456
1010258208965918720
1010258371134590977
1010258542618693632
1010258543637909504
1010258690753130496
1010258732654256130
1010259322138480640
1010259846967513091
1010259921122791424
1010260182507708416
1010260207958716425
1010260493876023296
1010260581025288193
1010260620388728833
1010260691415166977
1010260792380395527
1010260793517137920
1010261068218818566
1010261141069627393
1010261146362892291
1010261195914346501
1010261235873480709
1010261243830161409
1010261291129286657
1010261411329699842
1010261630486241281
1010261686299832320
1010262085194911745
1010262264602152962
1010262267072581637
1010262885824630785
1010262894599135233
1010263095497887745
1010263241031933959
1010263544905043969
1010263666598572032
1010263669110865920
1010263680905166848
1010263913802420224
1010263960929624064
1010264047449755648
1010264209605779457
1010264371098943488
1010264495174946816
1010264664738091008
1010264679011241985
1010264694521769985
1010265311902302213
1010265810881994752
1010265826069540864
1010266026225950721
1010266203221315586
1010266232564736003
1010266343248203776
1010266504590438401
1010266660157222912
1010266680755400704
1010267074273398784
1010267086197805056
1010267154401431558
1010267444164943872
1010267629263773701
1010268060463362049
1010268311161069573
1010268623355699200
1010268942479347712
1010269018433912843
1010269059840118786
1010269233941483520
1010269392423276545
1010269478310023168
1010269714260680705
1010269753552920576
1010269927620644864
1010269957140176897
1010269958918504448
1010270065307148290
1010270358757310464
1010271066604875777
1010271174885105664
1010271208703602689
1010271318888108033
1010271326903394304
1010271564250697730
1010271704017395712
1010271727484534784
1010271950550306816
1010272016346304514
1010272335889387526
1010272475916140545
1010272666455027712
1010272960161157121
1010273175404535808
1010273435585564673
1010273615265353729
1010273638371745795
1010273735075684352
1010273803790888960
1010273854437122048
1010273964705361920
1010274328380878848
1010274725485047810
1010274732279726080
1010274734955745285
1010274865495134208
1010275563792105472
1010276007847387136
1010276240543055873
1010276249464459264
1010276252056522752
1010277638940872704
1010277684356767750
1010277688467185664
1010277882537574402
1010278137387679745
1010278858321514497
1010278928873873410
1010279548221644800
1010279831190286339
1010279889482731523
1010280125110341634
1010280142965477379
1010280411690348545
1010280483488436225
1010280729320804355
1010281190807531520
1010281253571104768
1010281277566550016
1010281424430227456
1010281506298843137
1010281648317976576
1010282270417211398
1010282507026272257
1010282538651308033
1010282541008474114
1010282562479181824
1010282772454354946
1010282819074084865
1010282855824543744
1010283156807782405
1010283167134121984
1010283217247719424
1010283261111791617
1010283380469092352
1010284029617360899
1010284571944980480
1010285050187968512
1010285198536306688
1010285843767054336
1010285874100260864
1010286136319795205
1010286169316384769
1010286356336140289
1010286370680696833
1010286497965199361
1010286681260511232
1010286931245260800
1010287012899901440
1010287088711929859
1010287185130647558
1010287192277684225
1010287292240531456
1010287468325818368
1010287479717494785
1010287686819688450
1010287722957889536
1010287955804606464
1010288016613691395
1010288302082097152
1010288521716928520
1010288533037309952
1010288690407661568
1010288829645967362
1010288832258936834
1010291005940215810
1010294007761657856
1010295391785574406
1010296373797904386
1010296725574209536
1010297810493820928
1010300642416648192
1010300872058916864
1010302019398176776
1010302070241611776
1010302827376381959
1010303545369923584
1010303745949884417
1010304111894585347
1010304322041675776
1010305320265179137
1010306426366021633
1010306925530173441
1010307414443380736
1010307512313303042
