979871900808761345
979872485410828288
979873683534700544
979874364500971520
979874738439905280
979875924748488704
979876557392105473
979878122261745664
979879067632721920
979880778405502976
979886002692030464
979886662116356097
979886754453970949
979886853502504960
979888508469833729
979891082254258177
979891519963398145
979892766585974784
979894329782267910
979897336494247936
979898896590794753
979899885028855808
979901095395954688
979901349755277312
979903004240502784
979903275649650688
979903374584877056
979905940291047424
979906196403621890
979907574383431680
979907941502455808
979909424180588544
979911205987942400
979911564827426817
979911693710123013
979913674046369792
979915692563628035
979916200804278272
979916557039034369
979917469472215041
979917976894935046
979921276709023744
979922375843221504
979922399960461318
979922463596392448
979922569154433025
979922647789207552
979922713514004480
979922797563609088
979922910080126977
979922967462404096
979923650244677632
979923741747621888
979923774027059201
979924534559232001
979924572098220032
979924586115551232
979924644726804480
979925684410777601
979925897347239936
979925937079930881
979925990880227329
979927348282871808
979927984252620800
979928139261534208
979928202746396673
979928233134186497
979928353858875392
979929564758663168
979929569946939392
979929732044255234
979930444891242496
979930867463225344
979931112058359808
979931173597171713
979931295013916673
979931373992595456
979931448152154113
979931451507449857
979931736485388294
979931804969984001
979933393789038593
979933669556195328
979934708959244293
979935116121305093
979936293466640384
979936338551148544
979936960327249920
979938140700991488
979939057613623296
979939534774394881
979940293045882881
979940375593922560
979940384494243840
979940634562789376
979940728251060224
979940901932949505
979941383426461696
979941785211457536
979941852735471621
979941533662240768
979943406200938497
979943663089405953
979943709478473731
979945458775728128
979945493269766144
979945666393776129
979946050151763968
979946313059102720
979946689078464517
979947071418654721
979947096668360704
979947135398547456
979947172782161923
979947239098474496
979947655978774528
979947658537308160
979947988687601665
979948126097244160
979948918187454464
979949189470806016
979949297771995137
979949315606175744
979949436922101760
979949654103248897
979949763398438919
979949763465568256
979949893245702145
979949947415154688
979949967157661698
979949990230536193
979950024741277696
979950036149784576
979950109181046790
979950157117775872
979950194409246720
979950265133621248
979950469580804097
979950836829835266
979950968409378816
979951129852301317
979951309397864448
979951372253712385
979951578361802752
979951708586594305
979952016633065472
979952328139792386
979952693258211329
979953177981259776
979953339365511170
979953462069907456
979953468214595585
979953851032834048
979953893584068608
979954367536054272
979954373353615360
979954379414532096
979954698923991040
979954748479569922
979954750820159489
979954802045177856
979954867132235778
979955113375797253
979955206770356224
979955320414982144
979955704172707840
979956433214169088
979956455934779392
979956705286004736
979956709513932800
979956778950676480
979956906734292992
979956925914845184
979956950975860736
979956985926909952
979957176453206016
979957239615287298
979957325921480704
979957453382135809
979957653366562816
979958250266390528
979958279844585472
979958329144496128
979958386795204608
979958474908975105
979959161701195776
979959343457161216
979959359567523840
979959498386354177
979959518129020928
979959554883686400
979959729756753922
979959764607291393
979959929221021696
979959971164061696
979960093914615808
979960237942820864
979960240039964672
979960399259987968
979960590142668800
979960795604930560
979961122185981952
979961489422540800
979961888577552384
979961999088996352
979962050393923584
979962070413258758
979962171277889536
979962370297655296
979962495241564160
979962548245032960
979962658576355328
979962666348400641
979962675542274048
979963034423775232
979963065427988480
979963403023388673
979963661212143617
979963755550228480
979964218995855361
979964248347553792
979964428379713536
979964502321098752
979964517785497601
979964553256734721
979964654872080384
979964723730026496
979964725093117952
979964754616823808
979964897516810245
979964902352834561
979964967112847360
979965015372550144
979965074499670016
979965271116075008
979965390611779584
979965991747809280
979966089999405056
979966370317262849
979966434645245952
979966619454668800
979966650954010624
979966780960423936
979966834635149313
979966908228349952
979967027719868416
979967103427141632
979967122913841152
979967233425399808
979967332264144897
979967358621179904
979967381836652544
979967452305088512
979967603526504448
979967780693954560
979967813958950912
979967847983210497
979967876621840385
979967891213881344
979967943810473989
979967978472132608
979968059250061312
979968068322516992
979968071250202624
979968087368888320
979968170894163968
979968343666053120
979968421449347072
979968678006464512
979968924476432384
979969035826880512
979969081133686784
979969179200737280
979969437465006080
979969501784571904
979969530918207488
979969624614764544
979969679333740545
979969837563867137
979969839061225472
979970191365992448
979970352100118529
979970567020441600
979970575769722880
979970613883342848
979970787632472064
979970913360728064
979970954079232001
979971045892476928
979971056021659649
979971203908632576
979971231972806656
979971242517286914
979971304446046208
979971438802239488
979971462290427904
979971545895497728
979971567227691009
979971649448628225
979971722848952325
979971986851016704
979972229806133250
979972424925155329
979972502557470720
979972687828279296
979972980657807361
979973018733735936
979973345793003525
979973393490554881
979973550185549824
979973658138509312
979973865794359296
979973998372098049
979974135962095616
979974158930063360
979974391269294081
979974510291152897
979974642361348096
979974827263094784
979974955835187201
979975058356670464
979975163113504771
979975294261088256
979975329702821890
979975489661128704
979975581390589952
979975600227127296
979975797804032000
979975981921460225
979976053115428865
979976080554692608
979976254504996864
979976364576165888
979976470507544576
979976509489401856
979976594973437952
979976598412840960
979976596621754368
979976687847919616
979977356453515264
979977380650520576
979977645504040965
979977859421917184
979977950635483141
979978514861608961
979978647569403904
979978740716462080
979978761415417856
979978824552210432
979978954697248768
979979013014814721
979979029225885696
979979138080665600
979979167986012160
979979426438971392
979979440066256897
979979470365974529
979979524237594624
979979609147039744
979979717003628544
979979855226908672
979979882087288833
979980110207115264
979980313718919169
979980519621431297
979980670922559493
979980800421777410
979980866104406016
979980868415471616
979981081893056512
979981175581282304
979981198427553792
979981316065316864
979981451537141760
979981478833606657
979981621033136129
979981762100187136
979981825358618624
979981961031835648
979982117642887168
979982164015157249
979982545583566848
979982698675662850
979982859216785409
979982886286880768
979982888102977536
979982982709743616
979983046509301760
979983079975587840
979983113370685440
979983132588957696
979983223924117504
979983426521649155
979983630276681728
979983831141888000
979983918744195072
979983963774226432
979984047286947842
979984118413975552
979984148801650689
979984230422863873
979984383225589760
979984438057725953
979984476641120256
979984695319498752
979984725480796161
979984746561318912
979984757231669248
979984793587855361
979984915260420096
979984934654894080
979984955391512576
979985145141911552
979985336100184064
979985402881806337
979985405679423488
979985493130661888
979985532691329027
979985552815677440
979985755400531968
979986654663512065
979986671050555393
979986673265242112
979986781142749184
979986799656349696
979986975112482816
979987158760132609
979987459944648704
979987680401510400
979987717462413313
979987740052910080
979987943757701120
979988043934457861
979988145583394816
979988328585015297
979988330128576512
979988613927702528
979988778164150277
979988780680609794
979988856874430465
979988876197580800
979989022608187392
979989110051037184
979989148311400448
979989170885021697
979989259150090241
979989303710404608
979989419414441984
979989421352243200
979989422753107968
979989424065908738
979989425940770816
979989427895328768
979989430151864320
979989537878405120
979989865143074816
979989948408455168
979989963403091969
979989997683138560
979990439070781440
979990478979465217
979990693782474754
979990729148780545
979990738992861185
979991113745432576
979991316418490368
979991487877472256
979991754500923392
979991813909073920
979991873879232512
979991882418749440
979992193980092416
979992583878266880
979992611049046016
979992644398002178
979992697997086720
979992734244229121
979992735171129345
979992954386436096
979992956378722304
979993138491207680
979993176772612096
979993185417129984
979993245433417729
979993345819922433
979993350945337344
979993390975803392
979993497234300928
979993720354418688
979993802470494208
979993835399974912
979993863111749632
979993900088807424
979993906224992256
979993947526369280
979993957773037568
979994001502801921
979994039486484480
979994105643175936
979994142595010561
979994204846768130
979994307271839746
979994371067187200
979994585563877376
979994749305282560
979995049537736704
979995350298701824
979995906035548160
979995988357271553
979996126240821248
979996302258909184
979996623152574464
979996640017833984
979996665150083072
979996720779157504
979996727775150080
979996728530210818
979996815490732032
979997072274358273
979997150234005504
979997190574788608
979997295314964480
979997391997882368
979997554069966848
979997623804481538
979997663595843585
979997682533093376
979997684894437376
979998020094881798
979998111400644608
979998171165286400
979998284486987776
979998388266684417
979998575961755648
979998675345854464
979998687127572480
979998831260684289
979998871714779136
979998922511929344
979998931127029760
979999010995032064
979999160979124224
979999240616402945
979999243170705410
979999298376093696
979999339757043712
979999366034477056
979999503590809600
979999519361380352
979999524692340736
979999597958516737
979999653130366976
979999663108579329
979999676349984768
979999746449342465
979999772856766465
979999810366394368
979999864594599936
979999876246310912
979999936220672000
979999972585242626
980000025307762689
980000049022296064
980000086041251840
980000093318320129
980000097000939520
980000297861943297
980000368900956161
980000370704384001
980000485976494080
980000677328928768
980000726863794177
980001255199256576
980001417770520576
980001432714842112
980001512679264256
980001621076832256
980001762764566529
980001841487450112
980001942230392833
980002203539857408
980002463746023424
980002549808934912
980002567907348481
980002707812438016
980003012641882112
980003020149751809
980003059106533376
980003154560462848
980003181278191616
980003269668954112
980003393019240448
980003827037372416
980003854879248384
980003950559559681
980004025327411200
980004061155090432
980004195641315328
980004241900269568
980004298305220609
980004442559959041
980004482250571776
980004569659961346
980004742108729344
980005071923699713
980005141251280896
980005390166446080
980005480922742784
980005509079162880
980005524677722112
980005568411852801
980005696866521089
980005710355402753
980005727719829504
980005798335205376
980005953683771393
980006093387653120
980006316881084416
980006349110239232
980006600797773824
980006616870408192
980006641822298112
980006648893837312
980006892117413888
980006970294972416
980007021620744195
980007023483015168
980007149307944960
980007198255452161
980007227665911808
980007367889833984
980007418028490753
980007447489282049
980007466699313155
980007728130256896
980007835064029184
980007946783518720
980008014785777669
980008045638975488
980008284206845952
980008298974973952
980008553166581760
980008568794550272
980008794515111937
980008828682096641
980008978099908613
980009071989395461
980009128956497920
980009260330487808
980009302395154432
980009314042728448
980009326365560832
980009327430897664
980009490463457280
980009770336882689
980009936766881792
980010017087737856
980010026910801920
980010058661679105
980010099472203776
980010373679022080
980010391953661952
980010501127266304
980010835576750080
980010835719393280
980010923934081024
980011185650196482
980011355234332672
980011378676256768
980011620817567744
980011853169512448
980012150130380806
980012184402038785
980012290295595009
980012324990922752
980012338173677568
980012495183196160
980012516230254592
980012531405246469
980012603039780865
980012664134012928
980012781834506240
980012786964156416
980012853653639169
980013121690619904
980013215718371328
980013307443777536
980013318034415616
980013443775418368
980013491867168769
980013494086066178
980013856243232768
980014017048645633
980014091321401345
980014110594224128
980014117070233600
980014336591642624
980014408905777152
980014412420481024
980014453449207809
980014455378587648
980014502178631680
980014511464812544
980014582608646144
980014597485740033
980014713474990080
980014744856821760
980014817451880451
980014874792288257
980014848431050752
980015079428165633
980015229018017792
980015389307473920
980015423096872960
980015492852256769
980015501198942210
980015606299873280
980015607017037829
980015661136142337
980015700139020288
980015737543823361
980015739062153216
980015806762405888
980015872113856512
980015898764423168
980015923380867072
980015965932064768
980016076145774592
980016548495716352
980016603990339584
980016660252971009
980016721657520128
980016728750030849
980016866344267776
980016929665626112
980016957087977472
980017038927302656
980017237397573632
980017311577866240
980017403731103745
980017427181375489
980017611437236224
980017812256239621
980017950022303744
980017967164547072
980018072386981888
980018091013955584
980018108126638082
980018117203001344
980018393138057216
980018538395127808
980018679655038976
980018708528627712
980018855287377920
980018943208206336
980019039098556416
980019150490812416
980019516041302016
980019519526711296
980019642713477120
980019723395051521
980019748233777152
980020006275682309
980020039561678848
980020057920212992
980020351005491201
980020470090293248
980020574519873536
980020628437676033
980020630295728128
980020636327251968
980020638051131392
980020853873274880
980020858143100928
980021031829213184
980021059238973440
980021214411476993
980021553835454464
980021575075401728
980021644419915776
980021707468546049
980021807146299393
980021895797108736
980021924385427458
980022019969441792
980022178023436289
980022251490754560
980022440528109568
980022652600336385
980022658195746816
980022896079892482
980022963578826752
980023052334399488
980023056180699137
980023064124710912
980023138980388865
980023577889165312
980023672269410304
980023795925897216
980023992408051712
980024151183372288
980024187489341441
980024221324775425
980024271228624896
980024290341945344
980024387851227137
980024394557767680
980024457090641920
980024462165856256
980024467509383168
980024571955998720
980024612523270146
980024690629664768
980024895378739201
980024904077774849
980025111376953344
980025131144810496
980025183837786113
980025204469624832
980025280491413504
980025312078639104
980025318680379392
980025390633713664
980025457994289153
980025734365433856
980025875088461824
980026281071988736
980026340362637312
980026454900723713
980026475695964160
980026484529221632
980026515718098944
980026532105252865
980026615882231808
980026775689400320
980026784254185472
980026824330657792
980026920703115264
980026946296918016
980027698088153088
980027807739842560
980027833924964352
980028070735286272
980028188549054465
980028476169302022
980028522981986304
980028749147189248
980028903577317376
980029073694052352
980029092719312896
980029254602776576
980029264006434821
980029383590268928
980029587731214336
980029644647882752
980030018033278976
980030103001300992
980030125541593088
980030126892175361
980030174996697088
980030601104420864
980030811721424899
980030823134040064
980031094715162625
980031098980728832
980031176655204352
980031471179231232
980031550875230208
980031665610293248
980031727749025792
980031877607251968
980032529100083200
980032610142507009
980032699741204482
980032880620593152
980032947859402753
980033075030773760
980033198179708929
980033256761511936
980033838150598656
980034479547977728
980034641586343936
980034692283060224
980034705612591104
980035259969490944
980035361656201216
980035465603682305
980035498898087936
980035727726530560
980035869066321921
980035939266387969
980035945503260673
980036051954814976
980036078076874752
980036242376134656
980036304951005184
980036310466482176
980036460672966656
980036497285025793
980036542948311040
980036563735367680
980036577085845504
980036705259573248
980036720870805504
980036801338454023
980036876689166336
980036997308755968
980037096986632194
980037159481696256
980037306248761344
980037545735151616
980037605067755520
980037614479831041
980037745467944960
980038120203800576
980038237463785473
980038238684393472
980038341755375617
980038419052154881
980038496046825474
980038530511638528
980038813274820608
980039112030916608
980039137997807616
980039278414704640
980039303794450432
980039339815170048
980039343350910976
980039600877064193
980039627787644928
980039651988856833
980039777746653185
980039796029521920
980039979375218688
980039991869964289
980040063923912704
980040065345900545
980040184883548160
980040281025339392
980040294346477569
980040430460063744
980040478019276800
980040638329688064
980040651386638336
980040746119188481
980040761369616384
980040771570159617
980040790675218433
980040832756613120
980040908426170369
980041242045280256
980041357967478786
980041364577628161
980041421167235072
980041477555478528
980041591141359616
980041712952336385
980041750814318592
980041928879345664
980041951146921985
980041959069880322
980042020034027520
980042027839688704
980042029492252677
980042041508888576
980042169883996160
980042352827027458
980042489578049537
980042693437947904
980042700060848130
980042732348600321
980042730813485056
980042809414770688
980042833846587392
980042842654601217
980042895657926656
980043047164620800
980043114483208193
980043198977503232
980043349263638529
980043370159624192
980043554578935808
980043628230905856
980043633960288256
980043873031458818
980043925644890114
980043974533578752
980044049145937920
980044070750957568
980044107551789056
980044329560485889
980044318571458561
980044428609024000
980044538835341312
980044994982662144
980045187903901696
980045345118965761
980045364454658054
980045366241439744
980045518712819712
980045798938497024
980045860510855169
980045874909900800
980046132540829699
980046474603048965
980046632967426048
980046645495844864
980046788018176000
980046935187849216
980046984278024192
980047065257578496
980047077228113921
980047106525319169
980047177648168960
980047195075502080
980047205984821248
980047261748088833
980047427439812608
980047625859813376
980047674362748928
980047699373449216
980048212923858944
980048310646947841
980048310902902785
980048579162198017
980048604134916101
980048628260712448
980048901637005312
980048977113513984
980049150145376256
980049192222642176
980049294463037441
980049484104290304
980049520569569282
980049529885155329
980049630804267008
980049789969674245
980049865869848576
980050218942173184
980050273757552641
980050316321284096
980050657779552256
980050714025168897
980050812511707136
980050898532601856
980050941884813312
980050982024482816
980051188417736704
980051200291868673
980051205857730560
980051553842286592
980051669584052224
980051872873578496
980051958991151104
980051968927334401
980051983481552896
980052015924568064
980052154827395072
980052377175777282
980052446658596864
980052542917894145
980052630834761728
980052747155259394
980052787219324934
980052814360731648
980053072473968640
980053082762567680
980053353689436162
980053357053308928
980053370219188224
980053353689436162
980053395125030912
980053769038725121
980053860915077120
980053864320782337
980053944046145536
980053968209539072
980054105799393280
980054116272693249
980054272481071104
980054285378576384
980054307633549312
980054321978073089
980054563817508864
980054603218616321
980054603478663168
980054633061273600
980054885617061889
980054884404858881
980055230095249414
980055672917250049
980055677132558336
980055817717198848
980055846242668545
980056232529506309
980056391737102336
980056562487226369
980056760286416896
980056842553487360
980056969955471361
980057012506714113
980057050456739841
980057059251990528
980057076545269760
980057085806342144
980057103594344456
980057126558208000
980057129464815616
980057297710960640
980057543912361984
980057599532990464
980057707129593856
980057884238254080
980057923186544640
980058141831385088
980058412934422528
980058698000338949
980058764786192384
980058978284687360
980059314936311808
980059593752678401
980059644453425154
980059668478296065
980060034569768960
980060126441811970
980060248634482688
980060306557882370
980060308717948928
980060374836895744
980060665883873281
980060672187912194
980060694791053312
980060754194915330
980060837024010240
980060930963853312
980061132651159552
980061183490260992
980061197922979840
980061223793328128
980061261927985153
980061329653424128
980061792180297728
980061805962809345
980061883435757568
980061968672452613
980062101497614341
980062152798056448
980062178366631937
980062369857630209
980062568176848897
980062712800731136
980062762935123968
980062788000403456
980062884867829760
980062939129548803
980062950508630022
980062989444317184
980063318504345600
980063451874844673
980063515393384448
980063524704669702
980063724022231040
980063731081187329
980063732914155521
980063748877619200
980063751629082624
980063785573429249
980063872890449921
980063945141706753
980064017468284930
980064032689459202
980064153867087872
980064183017287681
980064233101635584
980064263497814017
980064393114411008
980064437993385984
980064440627417088
980064488954220545
980064512278745088
980064597913763841
980064608269545473
980064678218010625
980064676301168640
980064746585120768
980064790956662784
980065035140689921
980065076173557760
980065188345995264
980065203449671682
980065407364096000
980065407871614976
980065432823566338
980065440960598017
980065503405371393
980065511999500289
980065845966721029
980065939092852742
980065960395706368
980066006247886849
980066073092526080
980066092717629450
980066141694578688
980066172283621381
980066784924655616
980066790133944320
980066799541567488
980066979561246725
980066984594427904
980067199145660417
980067343828168704
980067359267475456
980067655938912256
980068129333219328
980068144168488961
980068215018741761
980068226515292160
980068444853989376
980068709879504896
980068864494129152
980068876892418049
980069281546293249
980069483703427073
980069663173263360
980070014807150592
980070066925514757
980070158105563136
980070401702285312
980070555436150784
980070673493217281
980070745958072320
980070868943503361
980071118215221248
980071496474177537
980071522747453440
980071556737986560
980071592108597249
980071806513156097
980071810459844608
980071929779539968
980071983412056069
980072012059201537
980072229378625536
980072381329936384
980072515677708289
980072642123313153
980072731679997953
980072766669053953
980072939835088896
980073195624718336
980073264574803968
980073477309894656
980073579751641088
980073675310297088
980073766448492544
980074296428126208
980074337687523328
980074527458758657
980074561294274561
980074589320605696
980074629564977153
980074718651969536
980074763602350082
980074770980012033
980075047007211521
980075049934827520
980075149075591169
980075627863781379
980075718519459841
980075763826388993
980075966998425600
980076080039124993
980076317642231809
980076353260281858
980076611944017920
980076813098672128
980076832207835136
980076874545188864
980076973904072705
980077238162018306
980077308806664192
980077781173374976
980078006331785217
980078014926073861
980078141698985985
980078233499717633
980078382099640320
980078446498996224
980078494863339520
980078493504606208
980078511229751296
980078517797965826
980078633875275776
980078678154637313
980078967255392257
980079043096858624
980079131353329664
980079424912707585
980079562695610368
980079554495766530
980079563224092672
980079567963639808
980079607356493824
980079768757399553
980079785828286464
980079938282971141
980079952354824194
980080047292866560
980080266973675520
980080272472526848
980080442417340418
980080492543447040
980080492887400450
980080539725193216
980080543114186752
980080588093841411
980080646319157249
980080818742874112
980081010468671489
980081114592239616
980081133860737024
980081302211788800
980081440070275072
980081454184050688
980081457422065665
980081933387517954
980081965939425280
980082114367500288
980082229991870464
980082243803713546
980082300280102918
980082357909753856
980082423449911296
980082532308762625
980082730007519232
980082833690636295
980083243931389952
980083456226086913
980083470121742337
980083616968597504
980083758828277760
980083788788137985
980083816407674886
980083846191476736
980083979931045890
980084152564404225
980084180137795584
980084511148052481
980084520547438592
980084528252444673
980084650776449030
980084811766419456
980084896264785920
980085237450407936
980085237890912256
980085294476288000
980085302789160960
980085305909895168
980085375342448640
980085446704336897
980085453637472256
980085456716091393
980085513309868032
980085568284581888
980085596432601088
980085759913971712
980085775277666304
980085816650358784
980085877266374657
980086060070854657
980086116144566279
980086155201990657
980086200987013120
980086214941401088
980086309334241281
980086553946001409
980086567883755520
980086666735030278
980086693897400321
980086746972028928
980086777577988096
980086865222098944
980086983530725377
980086986722525184
980087083350945792
980087325987409920
980087326725599232
980087329124700160
980087715701149696
980087716657364992
980087909964566528
980087921620475904
980088270817198085
980088344146317312
980088383438548992
980088832598183936
980088862260252673
980088944351092737
980089012798066688
980089228284620801
980089242427822080
980089399789703169
980089469494878208
980089620733063168
980089725326446592
980090031766495234
980090087059927041
980090330585411585
980090552153755648
980090751811031040
980090793741508608
980090928609284096
980091001577582592
980091101448155136
980091103658610689
980091477857652737
980091580660027392
980091647555002368
980091902354653184
980091925222117376
980092351489105926
980092367721115648
980092496259805184
980092654758367234
980092768935731200
980092927287398406
980092980492226569
980093140421038080
980093493191368705
980093563508703232
980093625924243458
980094140691120128
980094354965581830
980094369066881030
980094403665637376
980094453221339137
980094459034656768
980094634520170496
980094658482229250
980094732087959552
980094856834973696
980094941077692417
980094942713384962
980095014003986432
980095039278809088
980095237354901504
980095476841287680
980095535561560064
980095664297164801
980095700125061122
980095895793537024
980096014098096128
980096043877650432
980096469033259008
980096479032463361
980096624742592513
980096766472282112
980096811175211009
980096974895702019
980097116684128256
980096927281942528
980097294950318081
980097335597457409
980097338751545345
980097395118747649
980097400755884032
980097914734333953
980097929498243072
980098141373521920
980098153205719040
980098295052709890
980098439974477824
980098555422691328
980098644081893376
980098651488968709
980098714512568320
980098847409147906
980098904292253696
980099026396774406
980099400121778176
980099661099880449
980100003313090562
980100022921547776
980100048469012480
980100120430727168
980100212495613953
980100222545285120
980100305508499458
980100335032242176
980100481019252738
980100553236721666
980100799358472192
980100835194568704
980101311923458048
980101353753079813
980101662382706688
980101807891415041
980101980839346176
980102028159541248
980102050934607873
980102217377120256
980102435929837574
980102751056289794
980102766008913921
980103025661480960
980103213297913856
980103231224401922
980103248853037056
980103331514372096
980103562263920643
980103630622687232
980103680631431170
980103682854408192
980103710440378368
980103730824732673
980103790874562561
980103949486252032
980104046622265351
980104158920441857
980104221059055616
980104350021406721
980104450625896448
980104453973004291
980104575184199680
980104639269036032
980104752779448321
980104878180757504
980104937454518273
980104989350776833
980105107474968576
980105416905543680
980105608719405057
980105695403102208
980105709953134592
980105754840653824
980105821379026945
980105826802262021
980106037045981190
980106171968380928
980106358585511936
980106431805435904
980106531629817857
980106865530101760
980106960396849154
980106992026046469
980107097730945024
980107541396017152
980107563705487360
980107782073528320
980107799240863744
980107902206713856
980107926307262465
980107963129004032
980108036785299456
980108150987808768
980108214783172609
980108333347758080
980108373206228998
980108709366874113
980108793198600193
980108834227269632
980108842603302912
980108968637976576
980109019514855425
980109279813390336
980109368120180737
980109522487345152
980109668436578305
980109738573737985
980109815392428032
980109884309016576
980109963619196928
980110078148661250
980110077335138304
980110362837245953
980110441606127616
980110560133046272
980110575979126786
980110681226858498
980110749338079233
980111225836244994
980111243263578112
980111284480987136
980111303531532288
980111454157332480
980111848145072128
980111912854835200
980112076927590401
980112146133651457
980112191268577282
980112299762601984
980112312190357505
980112335049289734
980112437755162624
980112639136354304
980112650624487426
980113047443398662
980113053357363201
980113476118110214
980113514349170688
980113778779082753
980113796298674176
980113913894367232
980113955074072576
980113988783628293
980113995146330112
980114165778989056
980114839778615296
980114868496945152
980114985853571074
980115007026417666
980115317224624128
980115396652077057
980115409826471938
980115650755596288
980115659232301056
980115671148265472
980116139849191424
980116291339149315
980116322615996416
980116355096698882
980116566133047296
980116638979821568
980116750644760578
980116756885798915
980117156175187968
980117186869002241
980117314472464385
980117319996362752
980117430990245888
980117517820510208
980117614474260480
980117733047193600
980118089491795968
980118183830007808
980118198489178112
980118205246197760
980118221259976705
980118286103994368
980118309273325569
980118286103994368
980118457743302658
980118597329719301
980118784668258304
980118786928992257
980118848266489856
980119043066793984
980119075681722368
980119144552108033
980120079592579072
980120178188062720
980120213998981120
980120303874560001
980120386888175616
980120653465518081
980121144287289346
980121607522996224
980121641664614400
980121770203254785
980122088911593472
980122148265254912
980122343816212480
980122397947949058
980122465723658240
980122566428852225
980122704790589440
980122753998184448
980123032235724800
980123202084134913
980123454669295616
980123472948027392
980123742738243585
980123787134996480
980123808320270339
980123849474879488
980124067855503361
980124469481148416
980124535084277761
980124600955822080
980124794770337792
980124863439532033
980125020054794241
980125093236965378
980125544514650113
980125572876484608
980125612802281472
980125664954249218
980125808684564481
980125888254758913
980125928704667650
980125932160679938
980126006756495360
980126146162577408
980126140764389378
980126287250456577
980126402749108224
980126634966691841
980126663865454593
980126732182319104
980126905574789120
980126941788475394
980127095601889283
980127158537539584
980127205471768576
980127594145345536
980127676253032448
980127699002904577
980127738253271043
980127773657268224
980127782532300800
980127873251119104
980127885167091712
980127898207125506
980127902594412544
980128160875364353
980128164088352769
980128260464967680
980128311178399746
980128360838950912
980128534445416449
980128704214036480
980128848544137216
980128851090202624
980128853812174848
980128892387254277
980129363919327235
980129636251205633
980129692522045440
980130100128636929
980130100904538112
980130212401827846
980130555982434304
980130886334271488
980131179549601794
980131284147167232
980131368037470208
980131529774034945
980131918317522950
980132422087073793
980132610780250112
980132659975335937
980132677989879808
980132784034459648
980132829634932736
980132964406300672
980133031238397953
980133240257306625
980133474681151490
980133571867369472
980134099414388736
980134153327923205
980134211591069696
980134851432124416
980134890694848513
980134914220871680
980135059431845889
980135149131194368
980135198737223681
980135532532559872
980135534218678275
980135550958129152
980135750791565315
980136031436640256
980136044178870272
980136333002903553
980136362660818945
980136391341461506
980136398970871808
980136406130577408
980136434358251520
980136457863155712
980136663115534343
980136727867256833
980136743893684224
980136809899397122
980136909518311426
980137012631080960
980137066477613056
980137083934212096
980137166490816519
980137222484774912
980137277153333249
980137326734118912
980137354496299008
980137406014902273
980137424398487552
980137419273129984
980137431252037632
980137668133707777
980137684923551744
980137750128222208
980137789097496576
980138013421375489
980138035802202112
980138047881793537
980138062515769344
980138083906711552
980138088646283267
980138184574164993
980138190689439746
980138209928712193
980138239607570432
980138255017500672
980138415353159680
980138436274413571
980138503756541952
980138648170647552
980138648229351425
980138684929466368
980138679086829571
980138734212575233
980138747659513857
980138868107300864
980138915515523072
980138917935673350
980138923585343489
980138969739427845
980139296769368064
980139304021307392
980139376066908160
980139408555847680
980139447751794689
980139888086577153
980140088612057094
980140430930083841
980140532692340736
980140631086567424
980140880668610560
980140973186584578
980140976890109952
980140983479304192
980141087456100352
980141185045016576
980141402943377410
980141766069407745
980141913918574592
980141927931809792
980142096496693248
980142400378109952
980142453717192705
980142503667142656
980142517873184769
980142553067610112
980142676237586433
980142684479393793
980142685418909697
980142763919409153
980142813458370560
980142832332820485
980143146653880320
980143195597107200
980143319752863751
980143418826543105
980143687379439616
980143921593487362
980144013704605696
980144188300910592
980144189794111490
980144209050161153
980144261109862400
980144510503194625
980144984098787329
980145421975785478
980145583305486338
980145595162689536
980145705284235264
980145763148845062
980145772506337281
980145778562949121
980146065491021825
980146076752732160
980146339320418304
980146657961668608
980147008337006592
980147017816203264
980147101341569024
980147164679634952
980147272058130432
980147478812135424
980147691832397824
980147754944159746
980147764582600704
980148328020226048
980148518362013696
980148725589962752
980148762793447424
980148974068912129
980149041790152706
980149263899480064
980149314969358336
980149323966156801
980149496599535618
980149558314496003
980149839047557121
980149930412134400
980150044446904321
980150065250684928
980150151280021504
980150232661950464
980150289452994560
980150320557969409
980150355173441536
980150605388943360
980150692970147840
980150848952119296
980150905218748421
980151008558010368
980151023439433728
980151024836136960
980151169619120129
980151276821471232
980151376826298368
980151411441913856
980151496137433088
980151510704287744
980151498079383552
980151574675836928
980151777877250048
980151795963060226
980151876904738818
980151910064906247
980151924015198211
980152116189777921
980152194925293568
980152227984805888
980152284788199424
980152397879300096
980152576820826112
980152642356772864
980152721889251328
980152811286605825
980152824913956864
980152842248912897
980153066300280833
980153232948387846
980153274484576257
980153425206956033
980153583063756800
980153589552295936
980154015811072005
980154092478763009
980154252143288320
980154328194351104
980154617232314368
980154719694974982
980154880403832832
980154916596576256
980154931339460611
980155091738087425
980155097723408384
980155218943008776
980155351721967618
980155407556542465
980155462573273089
980155490348027904
980155519477301248
980155523654922241
980155564280991744
980155571063218176
980155588578627584
980155645210087424
980155728672542720
980155852182228992
980156061448630277
980156186313089024
980156507290591232
980156523937583104
980157013002018818
980157077036335106
980157084649099266
980157160247218182
980157195315707904
980157612586098695
980157637236060160
980157699785658368
980157783197696000
980157788939833349
980157790818848769
980157831037976577
980158049481609217
980158300888199169
980158507256307712
980158702018809856
980158924845350917
980159246972215296
980159334310129665
980159418015895553
980159508700950529
980160326162411521
980160445796450308
980160653292900353
980160680790773760
980160846058917888
980161333051248645
980161334271717377
980161331197284352
980161528002379776
980161627642359813
980161955250896896
980162375402901504
980162387494998016
980162715858726912
980162812889718784
980162815590830080
980162850302906369
980162947413696512
980162997917274112
980163056411045888
980163072743571456
980163116481896448
980163267472580608
980163318110474241
980163522524041216
980163656259432448
980164082753069058
980164084657283072
980164242350452737
980164294569549824
980164525768011781
980164639169433600
980165006909214721
980165068275974144
980165342969425920
980165584234139648
980165849330933760
980166026523545600
980166528904638467
980166832303886337
980166944656711680
980167083232198657
980167171337850881
980167301948420097
980167389273784323
980167397377282048
980167418340368384
980167478893596672
980167489882648577
980168220802998273
980168598864842752
980168715865133056
980168820856901632
980169107713687553
980169346004733953
980169387339669504
980169586837458944
980169593766498308
980169969676750854
980170268768460802
980170351459164160
980170375270207488
980170372728410113
980170392550739968
980170426373550080
980170595135520770
980171089597878272
980171109718024192
980171116965744642
980171917834547200
980171920296554496
980171927640793089
980172118250856448
980171661847785473
980172272135700481
980172370441900032
980172804992749568
980172847304925184
980172894436233217
980172997716840448
980173128327364608
980173165908430848
980174178312744960
980174516801458176
980174526460977154
980174738717921281
980175169758121984
980175246744543237
980175270656188416
980175299982839808
980175398519615491
980175443784556545
980175479616524288
980175599938490369
980176241042100229
980176488883507200
980176615111045121
980176784896479232
980176815724679168
980176918971641856
980177050865750017
980177088190844934
980177135842267137
980177230272843776
980177625581801472
980177636218621952
980177957758087168
980177991836880896
980177997327159297
980178197831716865
980178217586880512
980178325829312512
980178464002138112
980178665202843648
980178677014122497
980178784069578752
980178911475716096
980178919012880384
980179562289123328
980180257239072768
980180432896577537
980180838959722497
980180991191986177
980181275876253697
980181785593163777
980182046151757825
980182348842008576
980182584171945986
980182734084673536
980182805509541888
980182999814766592
980183279855861760
980183294523428864
980183418490294275
980183552196272129
980184375290748928
980185584990900224
980185709003751424
980186098109476864
980186232956350464
980186263604088832
980186330075418624
980187005597470727
980187068931477504
980187478282956802
980187736358473728
980187751676071941
980188554503622656
980188836843147264
980189253002059776
980189486503010305
980189683253686272
980189842389663744
980190134342705153
980190388324589568
980190639152418816
980191225176260609
980191581272670208
980191685643784194
980191740354318337
980192443516760065
980192781208637440
980193021366022148
980193023068983305
980193660418560000
980193765473292288
980194122874146818
980194319691911170
980194368169574401
980195057671266305
980195220599042048
980195441219338245
980195461851176960
980195540490170368
980195570710142977
980196077314985984
980196192490590210
980196212346441730
980196530228482049
980196586155159552
980196973058945029
980197416220708864
980197566183854080
980198431405871105
980198459239272453
980198625140707328
980198741209739264
980199132336975872
980199313971302400
980199311807000576
980199346552614917
980199412721995778
980199516984012800
980200024914079744
980200025987960832
980200302036049928
980200418457346049
980200682941829120
980200701098954752
980200835547369473
980200840832176129
980201503792226310
980201513694973952
980201773678899201
980201833091272705
980201989492609024
980202016235511808
980202075530424320
980202083499544577
980202089459732482
980202397145411584
980202900369629184
980203083824320512
980203094322577408
980203799762690048
980204480040964097
980206249022238726
980206527435935744
980206796722884610
980207371623501824
980207442830249991
980207922373328896
980208303224639493
980208653616762885
980208816640987136
980209002738012162
980209223274463232
980210514243469312
980211482926477312
980211675457638401
980211847919005696
980212861497757701
980213191719510017
980213273395154946
980214333018923009
980214765413912577
980215484183465987
980215662672007168
980215845619228672
980216434503618562
980216708408356865
980218064926060546
980218190407045120
980218200788033536
980218217305137153
980219705846910977
980220940759044097
980223207209930752
980223262511820800
980223640758255616
980223938088329218
980225162435055616
980225356018921473
980225516430086144
980226332826177536
