975159849733550080
975159865629802496
975159912685817856
975160071947628544
975161009894842368
975162522637660160
975162529008832515
975165956673736704
975166519117336577
975167952864661505
975168301713240064
975169170102013952
975171274023559169
975174889056362496
975174950205173762
975174963270479874
975177480016457728
975178226757595136
975178303622565888
975178818628485120
975179032554889216
975179946556608513
975180187196379142
975183767001337857
975183765319356416
975186542841929729
975189087740194817
975190050076897280
975190054367846400
975190056028819462
975190061003264000
975190484724453377
975190515820965889
975190969992843264
975193266286051328
975193432808476672
975193436314832896
975193437971640321
975193439745781760
975193441561993216
975194268124971010
975194937061978112
975195867820027904
975196345979031552
975196347648397314
975196597687549952
975196625323941888
975196996490420224
975197464692187136
975198128147238912
975200029022420992
975202640203313153
975202641956438016
975203918325133312
975205150997409793
975205168181665793
975209201344696321
975209564785258496
975209703692296193
975210917075079175
975213182821203968
975215155704365056
975215341008834560
975215506918604805
975215593455587328
975215711747534848
975215789031804928
975215963611303936
975216067193835520
975217084744466432
975217179649077250
975217245101150208
975217519295389696
975218224861208576
975219812858245120
975220060217397249
975220247987765248
975220260025634816
975220300941004805
975220429248974848
975221028153708544
975221172005670913
975225014432817152
975225289964949504
975225318331076608
975226411148595201
975226492237082624
975226580074188800
975226718763077632
975226789126656000
975227002864259072
975227054785548289
975227113438679040
975228008104648704
975228062223798272
975228078938042368
975228144427843585
975228200224804864
975228319527587840
975228523320356865
975228681088942080
975229154584010753
975229239007072256
975230592446009344
975231037054824449
975231579839778817
975231609946374144
975231767232827398
975231898418143232
975234801925050368
975235136320090112
975235215621836800
975235263206174720
975235347083771904
975235352280608768
975235353304096768
975235395725164544
975235427874541568
975235465161912320
975235511227965440
975235626802012160
975235705403248640
975236525431640070
975236689475047424
975236987950194690
975237767251800064
975237886256836608
975237994398576640
975238428592918528
975238465024610304
975238532892590080
975238682058940416
975239771848048641
975240397474746373
975240528324366337
975240931434786816
975241972033171456
975242216523395078
975242224828080128
975242795916161024
975243025873014784
975243173776756737
975243237823844352
975243397631037440
975243548516904960
975244030673063936
975244358046728192
975244441089990657
975244695793258496
975245460683321344
975245802145812486
975245815626186752
975246046573092876
975246192362819585
975246702138613760
975247679738580992
975247938053124097
975247939911258112
975247975097171968
975247980101013504
975248113630838784
975248218823983104
975248339527757824
975248770802872320
975248927883702272
975249206620426240
975249557700399104
975250364894253058
975250448255995906
975250453993836544
975250474025865217
975250573481136128
975250811033980929
975250980093734913
975251745101242369
975251884142247936
975252648294322176
975252823934947329
975253140026118144
975253422239821829
975253499419258880
975254070851227648
975254230490664960
975254232021569536
975254340633014273
975254945183256583
975254992981495808
975255282984071168
975255301455794176
975255559791415296
975255593408712704
975255710534643713
975255776838156288
975256255047483392
975256549076750336
975256748020895744
975257026958852097
975257512239706112
975257724324909056
975257997139161088
975258032908242945
975258072582180864
975258196716720128
975258231508434944
975258334021541890
975258369761140736
975258398760558592
975258624971898880
975258662024503296
975258772443672576
975258920905269248
975259038727458816
975259348774645761
975259495084580864
975259549971243008
975259796780781568
975259857359163393
975259935708729344
975260266828128256
975260289980538880
975260306065842177
975260521179033600
975260519371280384
975260569585451010
975260570462060544
975261063087312896
975261997951586305
975262254164824064
975262253531500544
975262457391394816
975262530758201345
975262706499571714
975263043922821121
975263105457549312
975263158058278912
975263876605448192
975264309994500097
975264669320536065
975264807774437376
975264901810794496
975265147194347520
975265423460651008
975265550703063040
975265561348378624
975265592688115712
975265624506163200
975265704827129857
975265717955198976
975266096445054976
975266155203047424
975266372333789184
975266376297385984
975266385155837952
975266595923726336
975266804342906880
975266811125084161
975266812765114368
975266812962230272
975267250071588864
975267265686929412
975267908409528321
975267954819510273
975268088923983872
975268248366219269
975268429086281729
975268515514068992
975268583218532352
975268599534407680
975268628810620928
975268846272593920
975268856913514496
975269128700350464
975269170567876608
975269306761084929
975269325740363778
975269331595595777
975269371760316417
975269393306472448
975269432724541440
975269529755537409
975269547640020992
975269601750781952
975269723758833664
975269752980590592
975270003309207552
975270039833251840
975270083990839296
975270208679145477
975270491626799104
975270510136385537
975270564658065409
975270578838913024
975270836641951744
975270862629859328
975270976077422592
975270978027708421
975271098013990912
975271100329312256
975271187466027009
975271287143780357
975271459823210496
975271556355100672
975271581638451201
975271790657396738
975272058774085632
975272095583211521
975272201120309250
975272249564585984
975272450316558337
975273096746745856
975273149288894464
975273187415150592
975273259636805632
975273289038770176
975273293576945664
975273344210800640
975273479007285248
975273702446260224
975273707882074112
975273718636310529
975273768514981889
975273935792234496
975273960345567232
975274051303329792
975274156987121670
975274172493508608
975274301535477760
975274567387222016
975274683674320898
975274684215414787
975274736807743488
975275391328882688
975275525152354305
975275612200841217
975275620048437248
975275900349579264
975276120189952000
975276148245651461
975276185595908096
975276280122937345
975276369813868545
975276397232033797
975276413166260224
975276589419245568
975276681463296001
975276791798681600
975276881233801217
975277127561080833
975277183232036864
975277401742696448
975277401369227266
975277404037009409
975277773785837568
975278185544855552
975278230553939968
975278409952694272
975278876560707590
975278940314062848
975278969590308865
975279178563153920
975279371203342336
975279665559625728
975279820417458176
975280161661825024
975280280947838976
975280292641550336
975280312661020673
975280321594843139
975280336216174592
975280411021541376
975280645034401792
975280647559372800
975280695282225152
975280834000416769
975281129090699264
975281134408957952
975281209591857152
975281217045258240
975281403226132480
975281447236919297
975281460683968512
975281759897169920
975281807934533632
975281819330457600
975281839781961730
975281849785184257
975281916122484736
975282584656728064
975283275924156416
975283333981667328
975283511920943104
975283561333960704
975283696759603200
975283754745913344
975284162432307200
975284206803800064
975284494990303232
975284645431533568
975284999028166656
975285191873835009
975285249193234432
975285346069024769
975285409134579712
975285422581575680
975285678824198146
975285703335645184
975285736231579648
975286037336461313
975286208786911232
975286755229388801
975286783993774080
975286906404646912
975286910863269888
975286946527416320
975286948188258305
975287071245037568
975287211372482561
975287237784064001
975287427500830721
975287496291602432
975287509323264005
975287722431733761
975287759299645440
975287879936159744
975287983086751745
975288120374685696
975288181875716096
975288748329095168
975288810434121729
975288956366589952
975288991036690432
975289049480073216
975289061308076032
975289118719725568
975289262722764801
975289351092436992
975289362203267072
975289400794939392
975289563231989760
975289581728927744
975289590419460096
975289660195901440
975289712704413696
975289763728187392
975289775623204864
975289892392591362
975289985019662337
975290014866210818
975290256462434304
975290311416131584
975290393410469890
975290400461144064
975290712395628544
975290765739003905
975290803735195648
975290815894474752
975291016315113473
975291134854549504
975291229868052480
975291231218651136
975291781830135808
975291810166820864
975291947081437184
975291979180494848
975291984289157121
975292613938032640
975292707965952001
975293073369583616
975293137529835520
975293156181856256
975293220790919168
975293511737204737
975293801542627329
975293859847647232
975293973639188480
975294311544782848
975294518076624896
975294762734399489
975294995526713344
975295158613921792
975295448008273920
975295469302796289
975295577964638208
975295595400368128
975295672873349120
975295682386038784
975295730024943616
975295747531902976
975295747267710976
975295752800014336
975295753361829888
975295754377015296
975295750920957952
975296069742546944
975296195529764864
975296216807460864
975296539856916480
975296589995610112
975296717661798400
975297028493316096
975297089142968320
975297093899313152
975297153156501504
975297355930128384
975297468555517953
975297570900725760
975297925285842945
975298152399015936
975298245537787904
975298254115082240
975298261442588672
975298273807405057
975298292362960896
975298403860180992
975298611465670656
975298711340355584
975298780932186112
975298898586750976
975298953020354560
975298989946961922
975299154938355712
975299193437868032
975299229655724037
975299265173082113
975299316813266945
975299403949977600
975299425886236672
975299567750209536
975299689548574721
975300003756498945
975300090754732032
975300236360015874
975300399551967233
975300418686341122
975300510206046209
975300590317330432
975300778440114177
975300897927499776
975301134930849792
975301138521247744
975301198084559008
975301416838365184
975301427781398529
975301483586605056
975301499122221056
975301582098255873
975301648372420608
975301780341915648
975301835752960000
975301926484107264
975302048223776768
975302117404618752
975302189127258112
975302215974998016
975302438503804928
975302451397103616
975302719467638784
975302766976491521
975302951479758849
975303013433794560
975303106366984192
975303481408897024
975303573855768577
975304130481868800
975304135489851392
975304175931346944
975304327886667776
975304348040335360
975304452315009024
975304626387017728
975304719592812545
975304811611639809
975304830406283265
975304870084403200
975304922051891200
975305022614507521
975305049533493248
975305058454786048
975305143670464513
975305169838755841
975305261895299072
975305329125871617
975305487003672577
975305542133538816
975305549947527169
975305759960510464
975305811567267841
975305967859650560
975305988986298368
975305998658342912
975306516965281792
975306862475317249
975306863066648576
975307180567130112
975307290692739072
975307368526434304
975307411094429696
975307482762567680
975307594397925376
975307600857268225
975307667152490496
975307716657930240
975307780918775808
975307850300973057
975307896799014913
975308331362504704
975308333413470208
975308335032434689
975308336731222017
975308465328525318
975308475646595072
975308497381396480
975308511721742336
975308568999223296
975308606215204864
975308643397758976
975308854434115584
975308879398625280
975308921882710016
975309113373667328
975309157728432128
975309170898558976
975309274162368513
975309406316453889
975309589561380869
975309594972053504
975309603348115456
975309634868215809
975309692275707906
975309747120492545
975309875554213888
975309989056274434
975310065245786112
975310614980694022
975310621569900544
975310641845211136
975310634748346368
975310848079073280
975310847974064128
975310869780365313
975311153889972224
975311167915806720
975311196915105792
975311440860139521
975311774005317632
975311841588056064
975311887935123456
975312009813200896
975312125236162561
975312135927615488
975312333940588544
975312401083125760
975312679220006912
975312695896440832
975312912175726597
975312921885626368
975313028668448768
975313034716565505
975313447981338625
975313466998362112
975313671294476288
975313681738289152
975313766991745024
975313809157091328
975313860067516416
975314269561606144
975314280781316096
975314295163678720
975314405805215744
975314424507588608
975314539385376768
975314591310864384
975314626874310656
975314625230266368
975314695602262016
975314743799017472
975314762279145473
975314880021585921
975315061232283648
975315115041017856
975315458361581569
975315731528208384
975315835349884929
975315877640986625
975316192905826304
975316374993227777
975316381511008256
975316413001814016
975316986824724480
975317490522828800
975317704814006272
975317734841077761
975317769532137472
975317781766918144
975317787219517442
975318014714372096
975318116770172929
975318160982372352
975318169756815360
975318198005436416
975318284454301696
975318350116028417
975318405426352128
975318456630464512
975318466944258048
975318478428233728
975318624067031040
975318689691111424
975318865138761729
975319065030926336
975319076867362816
975319290135138306
975319373555683328
975319458108641280
975319478287437824
975319662631243776
975319797880803328
975319877740367872
975319942852694016
975320215461466112
975320288006111233
975320304770863104
975320319715049472
975320450694860801
975320569934737408
975320660540092416
975320687467421696
975320756400852992
975320902358519809
975320911191691265
975320926857330689
975321061922308096
975321431969075200
975321448398118917
975321543919177728
975321603104964608
975321714564399106
975321770743001088
975321774689792001
975321829165420545
975321911596081153
975322059281715205
975322085999435777
975322180866248704
975322538208321539
975322585440358406
975322585721442304
975322673080340480
975322723898527745
975322796183244800
975322832279429120
975322916542930944
975323067688857601
975323086173110273
975323178582118400
975323189306953728
975323212618850304
975323316851425280
975323318403420160
975323374359638016
975323423621644293
975323424951283712
975323447277604864
975323600415797248
975324045813125120
975324061281681408
975324195138736128
975324634718629888
975324867418607616
975324956010557441
975325024772083713
975325395305328640
975325360991735808
975325755449241601
975325943576186880
975325945761615877
975325954125062145
975326056239583233
975326110572601345
975326120869580800
975326117811949568
975326197423968256
975326330832211968
975326407147577344
975326409299234816
975326581118898176
975326815895027712
975326817799241728
975326877584973825
975326964394455040
975327027078352896
975327253491011584
975327256015986688
975327328824889344
975327386626650112
975327403131244544
975327665015189504
975327846469169152
975328062110883840
975328096885895169
975328177294888961
975328196332851200
975328240482029568
975328245880119296
975328651783954433
975328733438660608
975328818943660037
975329029430575104
975329109663469568
975329181868417025
975329182686302208
975329249526599681
975329320221790208
975329345643393024
975329346134126592
975329433467973632
975329498056024064
975329683645616135
975329729355112448
975329726595203072
975329747050942464
975330065717366784
975330134696845313
975330153491386368
975330187532521472
975330476205461504
975330528323887104
975330732997513216
975330733077225473
975330741323214849
975330761430708224
975330862639337472
975330977969979392
975330996026511360
975331022610018304
975331041408946176
975331147935879168
975331154588037120
975331262419357697
975331423656792066
975331564090425344
975331564971315200
975331624815603712
975331992639336448
975332017054322688
975332148944297984
975332308067799041
975332338170253312
975332343350288384
975332393031749632
975332453542957056
975332465001881600
975332520974868481
975332525307584512
975332584522698753
975332735689674752
975332901138173952
975332911804305408
975333000849313792
975333016426991616
975333196203220994
975333502362292224
975333518522929152
975333532762624000
975333547874684933
975333645274812416
975333688144625665
975333695258161153
975333806671564802
975333822677037056
975333970530402304
975334027291918343
975334236994580481
975334263783673857
975334395266699269
975334519371894784
975334558915813382
975334626842628096
975334764386373632
975334756907929600
975335012731183104
975335015402885120
975335093731512320
975335099955924992
975335476746997760
975335579788435456
975335585782038528
975335612642463745
975335813297987584
975335823691468800
975335831639674886
975335886530469888
975335923033559041
975336011524984833
975336016251899904
975336017883430912
975336043007365122
975336044341223425
975336310553698304
975336311170256896
975336325695115268
975336358473621506
975336465763913728
975336610593234945
975336684744212482
975336733490532353
975336777367150592
975336899136163841
975337028811444225
975337634150141952
975337809430052864
975337848273559552
975338018067353600
975338044927590401
975338134245400576
975338210086850560
975338274637033472
975338282409132033
975338494162882560
975338594192773125
975338648035102720
975338660034904069
975338910019710977
975338961215385600
975339154627268610
975339192984264704
975339272969576450
975339359519076353
975339402720370688
975339578331746305
975339579908788226
975339684678307841
975339827695628288
975339942812504069
975340263441928194
975340309386231808
975340398871707649
975340470162411520
975340478072750080
975340806079881216
975341045939519488
975341049378992128
975341053606703104
975341062557446145
975341055427207169
975341120862457856
975341133952966656
975341301397942272
975341496630235136
975341564447936512
975341799110840320
975341847861219328
975341963540160513
975342309779935232
975342525966897152
975342549757059073
975342582464110592
975342693583867910
975342715843080192
975342840984297472
975342938107666432
975343173122879488
975343459291815937
975343543526002689
975343654163374080
975343781301178369
975343819049918465
975343888956362753
975343922204565505
975344041268273154
975344125066334208
975344199758475264
975344250454970368
975344266087104512
975344452335157248
975344521713242112
975344569473695744
975344582652198912
975344609801928704
975344749472346113
975345103786168320
975345165580800000
975345227761319937
975345343146717185
975345381889454082
975345396728942592
975345418392522752
975345512982499328
975345513972236290
975345562106114048
975345609346551809
975345935940276224
975345937705938945
975346018849120256
975346077774708742
975346113577439232
975346180891738112
975346189829918720
975346339906248704
975346340422213633
975346506386505728
975346521636876288
975346545058111489
975346600666005504
975346637802483712
975346730815377409
975346759684804610
975346765523234817
975346804937166848
975346845873594368
975346903218098176
975347056331186176
975347067810910208
975347128959684608
975347359608696834
975347478168993792
975347503649513472
975347610088361987
975347628698456066
975347835527888897
975347881870856192
975348087635021824
975348202126958592
975348390757326848
975348544432459777
975348598543089664
975348600149610496
975348858422210560
975349047765630976
975349175809466368
975349267190738944
975349499362205696
975349562167775233
975349808201334784
975349860852383744
975350028838604801
975350040691535878
975350113769009152
975350143041130496
975350242148315137
975350346141851648
975350365116882944
975350445047779328
975350454707216384
975350516585771009
975350553051058176
975350645736792064
975350704452898816
975350727961927681
975350774229172224
975350831900917760
975350860149592064
975350929665986561
975350980102492160
975351021970092033
975351028332814339
975351063321677825
975351109849006082
975351121895190528
975351240442990592
975351382021627906
975351434756722688
975351567007338496
975351818162188289
975351898038505472
975351916627746817
975351992305569793
975352142386081792
975352275290947584
975352304550506496
975352331301777410
975352378382802944
975352449165877248
975352830193172481
975352962204733441
975353163212607488
975353311850311681
975353481925218304
975353526539997184
975353555086438400
975353680122826752
975353852273807360
975353855616737282
975353899250061312
975353904463478785
975353950508605441
975354045304057856
975354383570386944
975354525442719744
975354685388414976
975354820373696512
975354899037736961
975354990016585729
975355191187968005
975355202143444992
975355343994634240
975355478225162240
975355569111556096
975355635951984641
975355646706143232
975355937279094785
975356020213145600
975356155290677248
975356158016983040
975356163905777670
975356251449282560
975356304687550464
975356360543080448
975356529993011200
975356630161350657
975356928065982464
975357168118587394
975357169498542080
975357235323863040
975357353720733696
975357412147331073
975357420896751616
975357442019250176
975357719208226818
975357763223158784
975357864469549056
975358088378224642
975358176760684544
975358307484471297
975358355345674241
975358403915714560
975358665002831877
975358666865078272
975358675417206791
975358684514668544
975358707277225985
975358707981791233
975358866253910019
975358997204209669
975359017617903616
975359422427029504
975359686525571073
975359784017907714
975359849184800772
975359857749409792
975359861943713792
975359889194307585
975359911096979456
975360246934835200
975360310486994945
975360463256080384
975360528867618817
975360546227748864
975360932997103616
975360959777837056
975360969768669184
975361023367680003
975361096826671106
975361176140951552
975361233707765760
975361271158755328
975361330860478464
975361571387072512
975361795606147072
975361975281766401
975362223437737985
975362712736882690
975362755950768130
975362880567726081
975362905196638209
975362946804207616
975363240292245504
975363287402668034
975363353894846464
975363642232328192
975363673828003840
975363710544990208
975363723903643648
975363792044470272
975364035926425603
975364105413582848
975364157687173120
975364230177202177
975364763399094273
975364881691095042
975364961777213442
975365163581956098
975365352778616833
975365348915601409
975365453077008386
975365510840967170
975365578486616065
975365658568425472
975365788591972352
975365813543800832
975365815771062273
975365817943588864
975365852731269120
975366009707270144
975366209792196608
975366238737260544
975366314993778689
975366591104868352
975367003115573248
975367373803982850
975367422675996672
975367477881434112
975367547859107841
975367707133652993
975367770102738944
975367815787139073
975367883424452608
975368073359347718
975368285846982658
975368411315290115
975368530722983937
975368801805111296
975368986341855232
975369063810715649
975369218161102849
975369250771648512
975369390022643712
975369447862095872
975369463251001345
975369491705102336
975369740540628993
975369816549797888
975369965896388609
975370019642269696
975370143814569984
975370258386247682
975370289604431872
975370418415693825
975370505497862144
975370518554701824
975370583402835973
975370634988531712
975370699136217093
975370718698442752
975370785530503169
975370866006601728
975371026187145217
975371020583473152
975371059351511040
975371084957614080
975371134358126592
975371248946630656
975371255762247680
975371255208660992
975371315355013126
975371354500411398
975371415200436224
975371543772651521
975371567147442176
975371602278961153
975371849898102788
975372207537967104
975372281529675776
975372343357865984
975372373372358656
975372399905472512
975372399909711873
975372617984172032
975372668965801985
975372682475790338
975372701455060995
975372711651311616
975372779561324544
975372829620408320
975372920640897025
975372993324093440
975373034239528960
975373038144323584
975373072902520832
975373197255290882
975373250879479809
975373290826092544
975373510565613568
975373728921083905
975373774693588992
975373974187270145
975374089375354880
975374125949767681
975374239057530881
975374257130737664
975374324415844353
975374328215764994
975374373967278080
975374405500133376
975374422680002560
975374544293761025
975374776901435392
975375003972718597
975375088341147649
975375143961808897
975375260538327040
975375315756347398
975375376368177157
975375428234997760
975375818737233920
975376069938343936
975376074988191744
975376276411338752
975376295780634624
975376365976543232
975376444154105856
975376494410321920
975376554468495363
975376733661810688
975376784173740032
975376807561084928
975376924192198656
975377300618465282
975377303944474624
975377544349405186
975377682493005824
975377769491259392
975377937695498241
975378118360911873
975378142306230273
975378161457422337
975378590073278464
975378591348338688
975378604866535424
975378776744976384
975378796097437698
975378810282610691
975378974426718210
975379107616870401
975379455035215872
975379579073368066
975379797768638464
975380393636646912
975380550176464896
975380567154876421
975380698633818113
975380855735676928
975381309613924353
975381332921524225
975381340270022656
975381369982513153
975381420934946816
975381465612636162
975381577990574082
975381971286228997
975382062902456320
975382113322233857
975382129822625856
975382303039021057
975382314086694914
975382573252833280
975382575320588288
975382695940378624
975382763380584448
975382799086751744
975382808607764482
975383157234110464
975383192885579779
975383322795880448
975383336695844865
975383559249776645
975383626291523589
975383642682937344
975383661108498432
975383831883780096
975383836916899840
975383888406118403
975384098771435522
975384336986988544
975384374517665792
975384501256847361
975384593015517187
975384595267911680
975384651345940481
975384679686787072
975384710401724422
975384772850716673
975384914685284353
975384933093998593
975385127655235588
975385129278476288
975385324787511296
975385501824937985
975385520535584768
975385529242894336
975385680917430272
975385742921879552
975385746847739904
975385824123654145
975385988754296832
975386045608071169
975386203251003392
975386216521748485
975386286046498817
975386320850833408
975386345408487426
975386353817890816
975386377964703755
975386441248276481
975386802545725440
975386816063918080
975386894304333824
975386894564560896
975386948687642624
975386985811587073
975387205286887424
975387221938225152
975387330486906882
975387601476734976
975387657399304192
975387796444770305
975387945065697280
975387959879970817
975387967962472454
975387995275657216
975388047662616581
975388110954598401
975388140763598851
975388520314523650
975388653466906624
975388727106293763
975388747192852481
975388866365612032
975388868303351808
975389161913049088
975389253088763905
975389280955699202
975389388791304192
975389426544185344
975389542722232320
975389668555489281
975389704895025152
975389725761482753
975389940719718400
975390403355664386
975390532783423488
975390603285549056
975390719769763841
975390806663221248
975390816989470721
975390859905654784
975391297904267264
975391303411421184
975391375310180352
975391401981677569
975391478079016960
975391626397859842
975391729460416517
975391785668304897
975391804802650113
975391928794664960
975391955780808704
975392004048900101
975392040749096960
975392071782682626
975392072411893760
975392112752627712
975392341946138624
975392392642785284
975392634779852800
975392826417655809
975392835754233857
975392906558279680
975393025361956864
975393080659533825
975393211689717760
975393418057781249
975393460487442432
975393543022960645
975393627085123584
975393711759810560
975393888369348609
975393920392708096
975393927019732993
975394078270656514
975394194209591299
975394212949708800
975394240678182913
975394263537156097
975394430218915840
975394451840552961
975394454684217346
975394684876066816
975394692312584193
975394735157366787
975395004268138496
975395129354784771
975395158949793792
975395160971497472
975395401422446597
975395418602463234
975395477192630273
975396030345891841
975396331165536256
975396370633908226
975396386253492224
975396408621662209
975396420818784257
975396430281105410
975396482697310213
975396675324989441
975396747278155777
975396960806100999
975397203106820097
975397352910606336
975397469709373443
975397526915436545
975397667156066307
975397707467706368
975397739675770880
975397874577104908
975398205075619841
975398469476274176
975398529224118274
975398547884457985
975398717950894080
975398746971410432
975398778655166465
975398924210057218
975399111351398402
975399807396216832
975399914560770048
975400107536502784
975400160854454273
975400281432363008
975400962344013825
975401156305408003
975401204514668544
975401249607704577
975401254884204544
975401290804158464
975401304880304128
975401341785788416
975401447998218240
975401449453772800
975401448191098881
975401451211100161
975401553753493505
975401637878599680
975401709815164928
975401859698569216
975402005870075904
975402229640433664
975402240457478144
975402242307186688
975402321776644097
975402426923732994
975402481168670720
975402532678897665
975402609769988096
975402708592222208
975402810518003712
975402811717451776
975402829719498752
975402891262377984
975403186000420864
975403203066933248
975403226588680195
975403540721160192
975403836029497344
975403970834427904
975404068444229632
975404620754407425
975404709610754054
975404775574556672
975404936140939264
975404973449269248
975405408792793088
975405417865138176
975405513415581697
975405819566198784
975405832304291840
975405996255432705
975406067114012674
975406209447669760
975406249616560129
975406269447229440
975406279836536832
975406312958947328
975406474632486913
975406543951802370
975406544786460672
975406593704710144
975406788337160192
975406988686495744
975406999641837569
975407040364457984
975407067015139329
975407322406313984
975407420557135873
975407455285972993
975407498055311361
975407552006672392
975407592309747713
975407654595170306
975407738762223616
975407740595113985
975408102941052929
975408173032116224
975408314145300480
975408431808073728
975408524615438336
975408543238062081
975408612309794816
975408664587722752
975408679552942086
975408719948386309
975408751925743616
975408837170786304
975408963494776833
975409085746155520
975409151982518272
975409351836958720
975409373378957312
975409412851552257
975409580137095168
975409641353072641
975409739164102656
975409755765297158
975409803509010437
975409839236141056
975409872509521921
975409876477366273
975410028126572545
975410261032087553
975410528754524160
975410618000986113
975410698103668736
975410877661933568
975411291279052802
975411507906269184
975411519545659394
975411524528427009
975411531163693056
975411546041053187
975411643445399552
975411871154044929
975412189241794561
975412226159992832
975412244551958529
975412559028342784
975412767459917824
975412837156839424
975412893679280130
975412902411816966
975412948217810944
975412974939713536
975413002047557632
975413047517904896
975413109539115008
975413117193785344
975413174940946433
975413253324115971
975413256268517376
975413310517542912
975413447704891392
975413604508868613
975413652529516546
975413717620936704
975413797870555136
975413994503598080
975414028137828352
975414029215784964
975414031061221376
975414033481457664
975414266475016193
975414300788645894
975414342748385281
975414359181676546
975414431801896965
975414525401993216
975414633791094795
975414765232295937
975414837491781634
975414854273196070
975414962628841473
975415182791991296
975415429148696579
975415436413165569
975415539819601920
975415707482578944
975415724561743872
975415738449235968
975415751925555201
975415775107403776
975415794166312960
975415794761945089
975415804475789313
975415829222313985
975415871593238531
975415875313553408
975415947879223300
975416051478487041
975416132537634818
975416232580141058
975416276595167233
975416505763598337
975416540878139394
975416551032602624
975416591742570496
975416715260686337
975416763683950598
975417358092324865
975417498135916544
975417621448445952
975418219463880704
975418268621115392
975418374745358336
975418430282256384
975418581377863680
975418615037128705
975418685774090240
975418753570803712
975418759836991493
975418818624442373
975418910051917831
975418945749516288
975419028557778944
975419349669474305
975419574907580416
975419578988707841
975419777601736705
975419833746509825
975419857134063616
975419858077831168
975419908283666432
975420058787774465
975420111195639808
975420296177111042
975420324740325376
975420326820614144
975420359263612929
975420616395378688
975420732460150784
975420858549358594
975421209314766849
975421318471483392
975421575553081344
975421587372601345
975421607496900616
975421631425376262
975421709863018497
975421824308834305
975422008614899715
975422023433256960
975422043586998272
975422064134893568
975422082346635265
975422088189227009
975422170720555009
975422388589465602
975422846355869696
975423146521255936
975423161515806720
975423437849100291
975423591851413504
975423653298036741
975423731265888258
975423859192102917
975423857833148423
975424059944177665
975424114201477120
975424119671017472
975424128294576133
975424259924418560
975424371094409216
975424690381623296
975424892119273472
975425248849027072
975425331833266177
975425363651256322
975425403207725057
975425777201238016
975425836563214336
975425942842695681
975425963520659456
975425974010564608
975426202818269184
975426279330762752
975426372519657472
975426467344633856
975426506401943554
975426517466533889
975426608583532544
975426614707326977
975426617576128512
975426656788729856
975426702473035776
975426750975967232
975426750686617600
975426765245026304
975426853983981568
975426877585346560
975426917661839365
975426931368906753
975426982828589056
975426993968869377
975427001246011392
975427063934083073
975427099237416965
975427263113154561
975427645067464706
975427763573174273
975427779205435392
975427801057775616
975427867361280001
975427908935274501
975428220580397057
975428493663227904
975428643810820096
975428656334979072
975428702631813120
975428751747178497
975428782524911617
975428916037980161
975428975202795521
975429134338920449
975429144564690944
975429330519183360
975429541719166976
975429572295647232
975429653849690113
975429674707898368
975429682278666246
975429745872637952
975429943642542081
975430126111424512
975430135158640640
975430237906440192
975430301483700224
975430333150781442
975430344143974401
975430384161820672
975430444056563713
975430464264720386
975430477808062464
975430505251393536
975430709325303809
975430718204588032
975431096052736001
975431147177070595
975431329650130944
975431445022937088
975431519580971009
975431641643528193
975431648455090176
975431682802311168
975431684173844482
975431734232743936
975431790772019200
975431972838428672
975432018828947457
975432097228820481
975432191621595136
975432235015864320
975432290959372288
975432463056072705
975432621172973568
975432766899834880
975432932943777792
975432953823158273
975433055665115137
975433105178812416
975433198736945152
975433283751247873
975433288159563777
975433377200398336
975433405692334080
975433418694537216
975433443877249026
975433603776761856
975433619224387584
975433696122691584
975433951916494849
975433990298587137
975434002277568512
975434309636182017
975434354406158336
975434464674439169
975434470785536001
975434473155284992
975434828282818561
975434913771130883
975434911678021632
975435019719204866
975435062698299394
975435106809794560
975435146353573893
975435220341149696
975435254239547392
975435342139592705
975435355074842625
975435547895353346
975435585983799298
975435701280964613
975435735376498689
975436209630732290
975436234205155328
975436288403918851
975436306405871616
975436313733337088
975436460076781568
975436674262970368
975436683465379841
975436714356498432
975436804668174337
975437135435137024
975437208910991361
975437211972743169
975437310182481920
975437470065152000
975437543951994881
975437621508816896
975437697815900161
975438093720412160
975438132358328320
975438297127321600
975438303821484037
975438623624650752
975438759650103296
975438889086345216
975438941460553728
975438943964598273
975438982568964096
975439015703908353
975439104199544834
975439204036595718
975439235183534081
975439405291851777
975439643905847302
975439716089847810
975439795563483136
975439797849415680
975440089336528897
975440106025881601
975440128041803776
975440202079588354
975440215836975104
975440238725222400
975440305687232512
975440334716129282
975440378336817152
975440625301622784
975440785402408960
975441231743455232
975441332750733312
975441346025742336
975441560891518976
975441645775683584
975441682077552644
975441706840506368
975441721432698887
975441746799800321
975441809458548746
975442053458026496
975442186325049344
975442589896896512
975442598109368325
975442721677758464
975442761720778753
975442808852156423
975442844096892928
975442955875045378
975443098779209728
975443104605011974
975443151623245824
975443496298598400
975443560916021251
975443758069243904
975443928722833409
975444078090387456
975444182176235520
975444195807846400
975444320688988165
975444349889777667
975444637736415232
975444840359055360
975444916678660097
975445046802747398
975445318799101952
975445487917654017
975445493928087552
975445610106097664
975445634273734661
975445728905613313
975445728985255936
975445748752973824
975445816855990273
975445837173096452
975446008074330114
975446011941392384
975446016819306496
975445999782113280
975446153901813760
975446233434279937
975446266808356864
975446296071942145
975446300702445568
975446304095719425
975446441396260864
975446463672213504
975446532135714816
975446532911763457
975446713078083589
975446741838376960
975446868334440449
975446932859637760
975446949460660224
975446956121128966
975447113583747072
975447520854855680
975447542862401537
975447975362101248
975448009839398913
975448099685568514
975448166639329281
975448166794395648
975448536853766145
975448689975136256
975448753569222657
975448785508855809
975448807654686725
975448785508855809
975448856254205952
975448908771024896
975448935602032640
975448957731078145
975448965536780288
975449053633875970
975449476285558784
975449722298224641
975449746226798595
975449843144458240
975449951122677761
975450022086172672
975450107561857026
975450177468329990
975450201434439680
975450205679005696
975450264009310210
975450531060699138
975450559003185155
975450692952313856
975450729031880704
975450775500488705
975450864063275008
975451094494203906
975451107081228290
975451126777729024
975451145987678213
975451163108741125
975451208633737216
975451248454504449
975451376405962753
975451389420818432
975451421163302912
975451433968513026
975451454893969409
975451502574792710
975451515207987206
975451583411605504
975451687866568706
975451773673631744
975451797644107776
975451804115918850
975451802677235713
975451825532030986
975452015525613570
975452087663382529
975452128335540224
975452183901687809
975452183272542209
975452225542684680
975452298523676672
975452398968885253
975452404979326977
975452500567429120
975452510214385664
975452541667500033
975452604330381312
975452718503464966
975452726778675200
975452815849132032
975452959772471298
975452974012092416
975453009676324864
975453039011254272
975453040873476098
975453042198941696
975453042689572864
975453075199680512
975453080299999233
975453184931061760
975453256586539008
975453263796604929
975453418444804104
975453475860598784
975453768178429952
975453834750423042
975453851955408902
975453859815489536
975453962957672448
975453964295659520
975453991386664960
975454013738110976
975454014883139584
975454058294034432
975454071170715648
975454205069676544
975454289295441920
975454314364841985
975454472464875520
975454568468353024
975454705060143105
975454796030398464
975454805391966208
975454810710429697
975454901051559936
975454948682010625
975454991858114560
975455001605746688
975455102118121473
975455112243138562
975455113044099072
975455283664310272
975455388396072962
975455580214235139
975455588233641985
975455634970890240
975455703287713797
975455732706496513
975455733859921920
975455789237391360
975455859168940032
975455936407048192
975456145962921990
975456204393779201
975456328264110081
975456332450066432
975456456165257221
975456466944581634
975456479867219968
975456507289534464
975456529313878021
975456604706492417
975456635304005632
975456682573795329
975456792707727360
975456806179762176
975456831886823424
975456852640018432
975456995535880192
975457139337637889
975457222481375234
975457227833249792
975457470498988033
975457518276276224
975457545023258625
975457549297291265
975457809528705029
975457921206190080
975458025866760197
975458036235100160
975458052454395904
975458175062331392
975458314866786304
975458458270097408
975458529598492672
975458592177475584
975458595994157056
975458621617254400
975458718065315841
975458734473404416
975458735769481216
975458772624789506
975458905261330432
975458910554480640
975459053341237249
975459123339898880
975459203342008320
975459203295916033
975459308291928064
975459558062739457
975459588836339713
975459592854482945
975459618691473408
975459619521916929
975459628589953024
975459718561959937
975459952071528448
975460029145976832
975460039468179456
975460095600578560
975460108464476160
975460127544397824
975460206791426048
975460291185205254
975460750759165952
975460752445321216
975460766840246272
975460842694209536
975460873157382144
975460840903270400
975460976051957760
975460976328957952
975460982213373952
975461033136488453
975461093681311744
975461126707302401
975461227215409153
975461279019257858
975461368433344513
975461567558029313
975461578354151424
975461634603995138
975461658012409861
975461706032910337
975461777940021249
975461852879769601
975461877336723456
975461886870409218
975461907888001024
975461963621896193
975462043619819520
975462344217321477
975462363229978624
975462394389581824
975462411129053184
975462456234520577
975462461141934080
975462549549350912
975462785235673088
975462790868606977
975462804500221952
975462889468448768
975463184344801285
975463224740073472
975463397201448960
975463525383639040
975463563673391104
975463634494279681
975463781726900224
975463809572851713
975463850354016262
975463959200444417
975463998211706880
975464358267453441
975464362742878208
975464599599435778
975464720600887297
975464721943093250
975464736010711042
975464744466436097
975464927258431489
975464932069298178
975464948997423104
975465049996320769
975465223275663362
975465231689375744
975465257211715586
975465522979594240
975465562032701442
975465630425124866
975465741213368321
975465831575506944
975465929437077504
975465942066122753
975466003172872192
975466149411524608
975466431247732742
975466437279133697
975466606477312000
975466695191035905
975466705299431429
975466734994980864
975466789797810176
975466874032017409
975466873402793984
975466888129122304
975466933544996864
975466984107335680
975467152873373696
975467300945104896
975467462899707906
975467776419815424
975468086106251268
975468142393745408
975468499681374208
975468554412855299
975468555067064320
975468571487764480
975468681483472896
975468731223695365
975468733274689536
975468771878948869
975468858260754433
975468859351293952
975468923352215557
975468923964608512
975468934693564416
975468936421666817
975468956533379072
975468999382323204
975469132735971331
975469305675632640
975469328161222657
975469376261541890
975469396595494912
975469426425376769
975469471077937156
975469581815906309
975469639441506304
975469693753614349
975469731128934401
975469744848560133
975469748103282688
975469801891155970
975469921160388609
975469929624371202
975469960687443968
975469972280561664
975470105269342209
975470229794033666
975470280377274368
975470316490280961
975470337033949188
975470458593267712
975470506949431307
975470538121465857
975470955756736514
975470969123942400
975471135914713089
975471149483257856
975471171205521411
975471268970541061
975471295013015554
975471390160838656
975471413753794560
975471449648648192
975471500882038785
975471607891275776
975471679404150785
975471739605012481
975471776829530112
975471779450892288
975471865920741376
975471896086155265
975471907297374208
975471913203130368
975472104253612032
975472293794189312
975472330980851713
975472369740509185
975472378267435008
975472429500895234
975472438254424065
975472481510227968
975472756182614021
975473023594745856
975473150749282304
975473174233145346
975473221293232130
975473270249095168
975473407348404226
975473559723216898
975473611581607937
975473833087000576
975474040336011266
975474315796860928
975474662762254337
975474732651941890
975474758912536579
975474903364374529
975474913313091584
975475449601118208
975475461353598976
975475532409253888
975475635756982272
975475844549435392
975475958365937665
975476074472771584
975476535758147585
975476857121492992
975476882748698624
975476942219575296
975476948943228930
975477120859336704
975477117378007042
975477163288866817
975477301994455041
975477420445794304
975477466398674944
975477474992771074
975477492520714241
975477671164633088
975478268869701660
975478282119458816
975478300863803393
975478718951972864
975479004206718978
975479035798212609
975479435683094529
975479577270276096
975479633037668352
975480397873074176
975480497865482240
975480590739832832
975480749938888707
975480898782154752
975480898908024833
975481047994585088
975481165820973056
975481195038461957
975481267541237760
975481451813720064
975481464396673026
975481830475534336
975481847508623360
975481905893249025
975481971999674368
975481984054169604
975481987652833281
975481995143909376
975482201449140224
975482420953866240
975482434547482624
975482520912490496
975482731126804480
975482791692468224
975483361169944577
975483962712879106
975484037857935361
975484122721374208
975484284197920768
975484287024816134
975484446530064384
975484752231878657
975484940652597249
975485204373622789
975485457411780610
975485581596725248
975485620536664066
975485825730404352
975485904394563584
975485946740314114
975485988582633472
975486300290781190
975486581820854273
975486662234066944
975486948063301632
975486985417707526
975486997270757376
975487005705424896
975487620523360260
975487687074418688
975487941048000512
975487962996727809
975488135785254912
975488304362741760
975488353851396096
975488406678589440
975488779006832640
975488785457676289
975488866365902848
975489086541783046
975489289873186821
975489746179903489
975489789087580160
975489850764906497
975490005530488832
975490250532425729
975490325404930048
975490726493675521
975490816482463745
975491062474203137
975491223522807809
975491438573244417
975491527970639872
975492038689869824
975492056486436867
975492558678720512
975492705823477760
975492889517096961
975493310046498818
975493464388521986
975493505354227719
975493559087456256
975493989334962183
975494091772497920
975494165403439104
975494188014952448
975494301424738305
975494440717619200
975494453862518785
975495262700494849
975495770366455808
975495923651330048
975496234919190529
975496343245541376
975496386560036865
975496435264380930
975496743868608512
975497165232594944
975497324465197056
975497732550025216
975497782302822400
975498499226775552
975498676067012608
975499024215281664
975499209196670978
975499831308439552
975500117221486592
975500147227545606
975500376387485696
975500942375301121
975501263965163520
975501272555180032
975501574901583872
975501706535555073
975502178453458945
975502220195229696
975502372700086272
975502786866614274
975502840033632256
975502871386083330
975502909818507265
975503730870312961
975504052841779201
975504420040568834
975504928142655488
975505013765279744
975505335107584000
975505486673006592
975506220835573761
975506967866363904
975507142957551621
975507153300738049
975507563369455624
975508846818004993
975509755245588482
975510540058587142
975510751631814656
975511367179530246
975511988930514944
975512107386134528
975512849731768321
975512961597964289
975513968813932544
975514535216996353
975514694726438915
975516669194981377
975519731536023554
975519838192963584
975520840816254977
