959215527733407746
959217307464753153
959217309268238336
959218070144286722
959218438068633601
959221993454305280
959223599759544322
959223597830234113
959223669376602112
959223985081847809
959224417904746496
959224891521294336
959227601712795648
959229888992632833
959229890968150016
959229892817752075
959232502442360832
959234653071736832
959235935979393025
959236182189268992
959236180423389185
959239995902054401
959240188533800966
959241055689494528
959241592514252800
959241969569533952
959244987920564224
959245037048680449
959250058070896641
959252266774597632
959253133829591040
959253640623083521
959254074209243137
959254568893911046
959254678415532032
959254750024880129
959255101339852800
959256822606647296
959259591841402880
959260082776154112
959261566133833728
959262181240942592
959262212937474050
959264136029913088
959265148019015680
959265721393000451
959266729632333824
959268414505213952
959269966787895296
959270469751922691
959270721959608320
959271415320104960
959275184552325120
959275192265555970
959275230786023424
959275293377576960
959275476253491200
959276122977402880
959276971854196736
959277989480480768
959279791370194944
959279976569688070
959280062804586496
959280802063204353
959282486818742272
959282730788941824
959282733380984832
959282740104347650
959282754176208896
959284103735427072
959284125961089024
959284208605646852
959284288851099649
959284308618854400
959284402965561347
959284544976269312
959284688064933889
959284696877187072
959285486392033282
959286277936852992
959286302897192961
959286400125321216
959286434338193409
959286472653258752
959286509131059200
959286559425028096
959286918700662790
959287183457763329
959287299254054925
959287417592168448
959287437846433792
959287764268277760
959288282797424640
959288364460470272
959288402272120832
959288488578330624
959289149147590662
959289196383944706
959289421643137024
959289579449675777
959289622411931649
959289832865390592
959289870156939264
959289987316400128
959290174344540160
959290286319968256
959290295526412289
959290315176734726
959290540926820352
959291287487709184
959291849054724097
959292014079561728
959292408868425738
959292628557688833
959292749303316482
959292797181456384
959292809617465346
959292847122825217
959293096105099264
959293370202914816
959294055405555712
959294064918065153
959294067321352194
959294105632194560
959294403851386881
959294464291295232
959294883163877377
959294970963247107
959294983424507906
959295313814196224
959295314439147520
959295386350321665
959295607079751680
959295632379801600
959295711220178944
959295730283196416
959295802349727745
959295851347591168
959296125885755394
959296178218086400
959296505084432384
959296583975055361
959296929908768769
959296991204327425
959297100071682048
959297335422414850
959297614989504514
959297828202758144
959297837711343616
959298189777018888
959298391858593793
959298448951451649
959298618489319424
959298650563203072
959298816586350598
959298983196635136
959298984413085696
959299102994345985
959299347111268352
959300091684073473
959300179126927363
959300347683659776
959300347465433088
959300411218800642
959300469649584131
959300654400380930
959300696695713793
959300709437984769
959300937180303361
959301032076460033
959301127211646977
959301907129909249
959302036972974081
959302055306276864
959302140291248129
959302176903380992
959302278153842688
959302288102735874
959302451441549313
959302623420547072
959302675866173441
959302681486491651
959302759232159744
959302790987243521
959302833878151168
959302876127363072
959302950400094208
959302996235468800
959303548382019584
959303775478427648
959303809905262592
959303812069572610
959303875860742144
959303967728582656
959304126336126977
959304131151241217
959304127648944128
959304328195465216
959304403785203715
959304659599990788
959304673000747008
959304896527790080
959304933924159491
959304963649241088
959305096914862080
959305149242949632
959305190934380544
959305263227420678
959305317031882752
959305382362583040
959305399743627264
959305570288222209
959305648822304770
959305710587723776
959305738072899587
959305803265011713
959305875574857729
959305883049062405
959305932470562816
959306097398968321
959306169868173312
959306350093221888
959306382515126277
959306394452213763
959306459459694592
959306635914092545
959306638598463488
959306775781564416
959306777408892930
959307064685113345
959307085849620480
959307180485746693
959307278221377538
959307335133929473
959307555414556672
959307561026514944
959307897439076353
959307904376385541
959308123776282624
959308148782915584
959308296199876608
959308453800853505
959308669828526081
959308795645018114
959308927216238592
959309077728837632
959309152374857728
959309155327664129
959309168019517440
959309286399594496
959309345551872000
959309373360168960
959309377466281985
959309545817255936
959309705104441344
959309776256622593
959309924860751872
959310068440166403
959310133732917250
959310149117554688
959310175868895232
959310242814177281
959310345180389378
959310383960834048
959310413690126336
959310413967085568
959310413723721728
959310415288127489
959310518304481280
959310743521783809
959310901554774016
959310917157634054
959310948765872129
959310988074864642
959310992239767556
959311088218079232
959311111764918272
959311382280744960
959311666163867649
959311730445713410
959311744148500484
959311751664738304
959311896905052160
959311970557030401
959311983706128386
959311986382090240
959312050043277312
959312489308553216
959312574247460865
959312641251459074
959312677196652544
959312930750828544
959312942213750784
959313021670637568
959313132387647488
959313190965297152
959313334066601984
959313390425354240
959313475704045569
959313489348067328
959313722136133633
959313754969194496
959313779497422848
959313835403325445
959313845117362179
959313984305311744
959314046414553089
959314158494695424
959314202883014656
959314214228602882
959314219945443328
959314453887008768
959314462816616450
959314491644116994
959314654735482880
959314658468360193
959314672850620417
959314845035257856
959314918175461378
959314947908935680
959314962911907840
959314997485580288
959315018331254784
959315084970307585
959315155120111616
959315196123660289
959315199982419968
959315278919188480
959315281188347904
959315358548074496
959315376839380992
959315446699786240
959315459265851392
959315883700056064
959316070979985413
959316090827374592
959316608756809728
959316793595641856
959316901926064129
959316970477731841
959316978212126720
959317115411968000
959317121565057024
959317196416606208
959317216876412928
959317245980655622
959317273440747521
959317472645062659
959317510658056192
959317571303391232
959317639179862016
959317728191430658
959317964339097607
959317969158356997
959317971045818369
959317986841526272
959318151996436480
959318251204263936
959318262453424128
959318335979581440
959318454292512770
959318568843165701
959318595267264513
959318668378193921
959318765124009984
959318899115245574
959319250182615041
959319391534858241
959319477123887105
959319571999019008
959319602332225537
959319706233487365
959319740492607489
959319879798018048
959319903521062912
959319916770820097
959320116700696577
959320371353870336
959320500378918913
959320504426414081
959320492799922176
959320535912955904
959320557509492736
959320598043279361
959320637247340546
959320830046908417
959320881343348741
959320962649870336
959320989531279360
959320999773716480
959321029507084288
959321278103433216
959321286991265792
959321327164301313
959321388703145984
959321612720865280
959321738784854016
959321772494598144
959321850361782272
959322154729988097
959322331322576896
959322477309526016
959322557257220096
959322574126747648
959322671333937152
959322722705858560
959322874694766592
959322878822043648
959322911864754176
959322986728820736
959323240878497797
959323282494271489
959323342179364864
959323388115238912
959323504767393792
959323520093380609
959323848653942784
959323886142787585
959323893973401601
959323953901789184
959324046235234304
959324072692903936
959324076685910016
959324093915910144
959324126816161797
959324166628528128
959324236010655745
959324310673375232
959324363047735296
959324371193073669
959324389677436928
959324436078870528
959324434128687104
959324548486242304
959324570502221824
959324620376694784
959324627930615808
959324665989693440
959324677389742080
959324750848905217
959324763087884288
959324777323220998
959324781270020097
959324805639163909
959324822307184640
959324844713304065
959324899146805251
959324921611595776
959324946941046784
959324962367705088
959324990683443200
959325025571504129
959325076138221568
959325149236473856
959325158463897600
959325189858299904
959325194941812736
959325411833335808
959325496621203457
959325512807174145
959325522479255552
959325630901997568
959325654000001024
959325674686337024
959325789178048512
959325802025377792
959325884321640448
959325907730206720
959326142854557696
959326174341156864
959326188438089733
959326272919814144
959326325508050944
959326462422654976
959326474468704256
959326484178579457
959326531255455744
959326546308743171
959326553845809152
959326701812666368
959326780304838658
959326817860583425
959326865138778114
959326985733328897
959327061902069760
959327234405302272
959327298926325760
959327316559257601
959327331285438465
959327348226064384
959327448059076608
959327479931588608
959327505894334464
959327526559432704
959327550286647297
959327724643995648
959327780830896128
959327798237302784
959327834778099712
959327884841172992
959327896681828352
959327949383176192
959327990185381888
959328047081185280
959328075455475712
959328088520908800
959328150336532481
959328175233708032
959328550632517633
959328757936021504
959328865826074624
959328928665079813
959328997808197632
959329126242029568
959329233741996032
959329281330446336
959329290151186433
959329298489393152
959329296660787201
959329326545039360
959329412075401216
959329490194386944
959329496045441024
959329591377657856
959329619282415616
959329624395337728
959329837134630912
959330010392915968
959330069582934016
959330257814851584
959330321010376705
959330362517344256
959330362680889345
959330377583210496
959330414774177792
959330416913240064
959330459250561024
959330464182996992
959330506868449281
959330546533924864
959330588955238400
959330743574061056
959330752411394048
959330830496751616
959330875950419968
959330893281288192
959330985228763136
959331285159247872
959331323444736000
959331331627827200
959331344395460609
959331446002520064
959331505045688321
959331527552356354
959331577200304128
959331672599777282
959331717717864449
959331757878382593
959331803013308417
959331814144913408
959331930041933824
959331943904096256
959331984634867712
959332051387330561
959332063471169536
959332130324209664
959332136590471168
959332194895441920
959332339628290053
959332349132632064
959332405520797696
959332419169120256
959332482180173825
959332511838035968
959332665106321408
959332697264021504
959332701726806016
959332717375754240
959332756974129152
959332757586444288
959332803442888704
959332818945019904
959332901820289024
959332930245070848
959333014730887168
959333046242734080
959333063191867392
959333069827334144
959333071651790848
959333076013912064
959333075539890177
959333088030609408
959333114861498373
959333170603855872
959333250983518208
959333268637343744
959333365009801216
959333456550551553
959333542353305600
959333572191678464
959333574842421249
959333581326815232
959333635244601344
959333639191515136
959333671009472512
959333694929559552
959333974681313281
959334090330787841
959334182412529665
959334239786455040
959334362683727873
959334379427426304
959334392375271424
959334396942868480
959334521438134273
959334689512161285
959334706557915141
959334767551492096
959334819204358144
959334819523125248
959334840352104448
959335061702299649
959335076315222016
959335259568566272
959335264308137984
959335279231406081
959335405840748544
959335464464470017
959335599877607426
959335611575316481
959335622820356097
959335647382331400
959335752810291200
959335854580871169
959335940270542848
959335963452428288
959335972147224576
959335991805906945
959336026257969152
959336033858080768
959336107182821376
959336120319389697
959336169652834304
959336171527647232
959336262485315585
959336357502963712
959336459961593861
959336472976547840
959336507285917701
959336600281985024
959336630158024705
959336632485859328
959336695224307714
959336738798948352
959336751553744896
959336758000410624
959336886803320832
959336972954292224
959336978100686848
959336983926591493
959337060128710656
959337196590387200
959337332955582464
959337346452852736
959337365843083264
959337361695019009
959337381181652992
959337388119031808
959337395060658176
959337423720378368
959337492976676865
959337539231502336
959337543257985024
959337628649783296
959337731150303233
959337737307541505
959337828504174593
959337833378013185
959337849622540288
959337869298069504
959337918329389056
959337942467694592
959337961568514048
959338037028249600
959338084939726848
959338108935385088
959338136647229441
959338145186754560
959338351865278464
959338382135562240
959338414939222016
959338462242656256
959338483641978880
959338600155500544
959338613577256961
959338633986703360
959338635748429827
959338774118453248
959338780032487424
959339059851284481
959339279477542912
959339318199422976
959339359857201153
959339361572737025
959339363019755520
959339442321412096
959339537909547008
959339640389070848
959339741455011840
959339889006338050
959339896795099137
959340068874924032
959340126609559552
959340240212242432
959340296533348352
959340298483757056
959340325994139648
959340424451248128
959340514901463040
959340566743052288
959340569146331136
959340612771303424
959340673978822659
959340765771108353
959340929273430016
959341170458492929
959341191430107136
959341363811799040
959341418035666944
959341460888965122
959341499715608576
959341516065071104
959341613142167552
959341931460513792
959342146913488901
959342179461357568
959342216631275520
959342254254166016
959342311833505792
959342419778162688
959342423439757312
959342443681468416
959342456851582976
959342630625783808
959342722846019585
959342744593412096
959342815976271872
959342824364871680
959342922360672256
959342947668869120
959343028568756225
959343033790681089
959343079231770625
959343119736213510
959343134927966208
959343139575226368
959343143064952833
959343152611110913
959343163138805761
959343160093790208
959343379233558528
959343445121871872
959343523756740608
959343534309507074
959343632720445440
959343704384339968
959343716271120384
959343797611192320
959343810395373568
959343833568948224
959344160963674112
959344225312825349
959344246816890881
959344268384133120
959344348872798208
959344443156557824
959344669195952128
959344832081690629
959344891615727616
959344918136344577
959344932732506112
959344940882022401
959345022142439425
959345190195597312
959345256532729858
959345261914058752
959345303114706944
959345347062652928
959345444521500672
959345522673946624
959345561928388608
959345575006175232
959345645579468800
959345649488683008
959345653183926275
959345653603356672
959345654886641665
959345666622459904
959345690852888576
959345720548577280
959345883811930112
959345884294246400
959345921271255040
959346049411371008
959346056382251008
959346095783600129
959346112120459264
959346113714192387
959346157209219073
959346205259194368
959346208216100864
959346225077202946
959346277438849024
959346289791197184
959346356035911680
959346442707054592
959346480921407488
959346549653491712
959346551008178177
959346706738569216
959346817438834688
959346914230767616
959347026151510017
959347032673669121
959347110884904960
959347146439901184
959347233710895104
959347386509332481
959347443207991298
959347601274494977
959347663144734720
959347739766206464
959347920754618369
959347984868704257
959348054888472578
959348063998529536
959348185436246016
959348243770630152
959348244143837184
959348319532220416
959348410162860034
959348452521000962
959348472146141184
959348521332703232
959348616619089920
959348673560924160
959348723108204544
959348728825073665
959348821368197121
959348834404052992
959348987101933568
959349028197683200
959349027866333184
959349075102650368
959349162000216064
959349174520172545
959349197576294400
959349215225933824
959349300344991744
959349347539476480
959349367902801920
959349429571670016
959349468842921984
959349525860241409
959349526376132608
959349533959512064
959349568075915264
959349692265062400
959349745402699776
959349756052017152
959349871701569537
959349898402508800
959349911950168064
959349933647245312
959349952454545408
959350014068908032
959350111498272768
959350137096163328
959350261302157312
959350279727669250
959350290083471360
959350323411374081
959350427421519873
959350438872088576
959350633336856577
959350648314703872
959350683097907202
959350689397919745
959350755680538624
959350780061978624
959350821271031808
959350834126557184
959350863818084352
959350938938019840
959350947725168640
959351057880141826
959351140315000832
959351152662974464
959351153409646592
959351182518046720
959351214331883521
959351225417437184
959351225929084928
959351258346815488
959351279230373889
959351332334391296
959351389112668160
959351425317908480
959351462013915136
959351464580780032
959351470452862980
959351722446589953
959351731904753664
959351861026394112
959351867502407680
959351910955446272
959351942404288512
959351944304308225
959351954534289408
959352193370509312
959352357590110208
959352364028317696
959352385977110529
959352628860907520
959352674155139072
959352687203528705
959352692047933441
959352698742198273
959352717935292416
959352882851086336
959352913658306560
959352973779525632
959353006532767745
959353178310496256
959353472821932039
959353554115973120
959353636630482944
959353703403802625
959353822987595776
959353827509063680
959353866046377984
959353900020240384
959353916088635393
959353985143590912
959353986452262912
959354102735081472
959354121970180096
959354142492971008
959354330607472640
959354453865484290
959354712863727616
959354805171998720
959354894477033473
959354932284489728
959355181333909504
959355227341078530
959355322132463616
959355462406803456
959355479968370690
959355502986780673
959355541284966400
959355705911316480
959355716048949248
959355722608922624
959355764644237313
959355798957838336
959355826308878336
959355875780628481
959355904431968256
959355920168968193
959356117494181888
959356127606603778
959356202256879617
959356288659488768
959356360617021441
959356380598632449
959356436362022912
959356469140443136
959356481983434752
959356595577786368
959356598425653248
959356704029896705
959356724011524096
959356748757962754
959356817670361088
959356959605522432
959356982225506305
959356999178702848
959357001695338496
959357010272690178
959357029298135040
959357038571728897
959357067931865088
959357133589491712
959357163348078592
959357228183629825
959357237184679936
959357275625357312
959357318747119616
959357318616973312
959357333921988609
959357385486856192
959357531960365058
959357689171267584
959357721060487168
959357748390572037
959357941152468993
959358032277893122
959358049386409985
959358103505555456
959358116746973184
959358235529510912
959358237475786752
959358247533760512
959358275350401024
959358296141516801
959358316739690496
959358323295510528
959358436986286081
959358463850708993
959358472147095552
959358521237270528
959358553428561920
959358617626476544
959358656897789952
959358662451048448
959358689164627968
959358788053749760
959358814461087744
959358906249236480
959358935672246272
959359025564528640
959359077024493568
959359094875410433
959359226735943680
959359258486890497
959359307203731457
959359304380887040
959359493191733248
959359584031985664
959359658489188353
959359664260616192
959359690512662528
959359780694429697
959359785102651392
959359808427249664
959359994486558720
959360099721646080
959360152834109440
959360242034335744
959360285294424064
959360364537372672
959360374238863360
959360380601556992
959360407684120576
959360424100712450
959360450122190848
959360454320644101
959360473077571584
959360561942335488
959360582611738626
959360745589927936
959360750006538240
959360779060465665
959360906605088768
959360942206345216
959361147400081408
959361272541302784
959361286185406464
959361288647290880
959361319861477377
959361323007135745
959361545519226880
959361618038677504
959361693989171200
959361895697473536
959362015277015040
959362054602788864
959362066330120192
959362132621053952
959362234970501120
959362288259125248
959362466328338432
959362571563425793
959362578886660096
959362595554824192
959362624927555585
959362662181363712
959362973952245761
959363143179952128
959363172301000705
959363249639698432
959363254211489792
959363383530262528
959363430544236544
959363542116896768
959363578435383296
959363678851170304
959363678138232832
959363787492151296
959363919801475072
959363936167571456
959364060063174657
959364222688940032
959364306260328449
959364314347032576
959364479044775937
959364512519524352
959364514021105665
959364520777990145
959364529397354496
959364531083505664
959364550679252992
959364657785069569
959364666328838144
959364772520189953
959364845731766273
959364957275123713
959364959082868737
959364961926598656
959365067191078912
959365112586035200
959365115022897152
959365121347915776
959365338415722496
959365690854658048
959365708235886592
959365773406990336
959365796970496000
959365798488870913
959365811466096640
959365832139837446
959365882345611265
959365889203363840
959366058300682240
959366117868306432
959366161350709253
959366174000676864
959366192371814402
959366226056306689
959366269974786049
959366574053429248
959366588720795648
959366719851630592
959366753263542272
959366988714921986
959367035720519680
959367049712726016
959367057161801728
959367060525641728
959367091739594752
959367205036150785
959367235130351616
959367343163011072
959367440248471552
959367524252028930
959367534586880000
959367542165864448
959367666539655168
959367718653882368
959367729315794944
959367802854416387
959367837365268480
959367925290455040
959368016445214720
959368100163530753
959368203947343873
959368297455259648
959368367122640897
959368410114265089
959368433128402945
959368492939177984
959368584299536384
959368641811763203
959368747285909504
959368804441772032
959368807251894272
959368810007597062
959368840739282944
959368856824352768
959369056964042752
959369113750687746
959369121191415808
959369213097005056
959369241634967552
959369260936998912
959369456274243584
959369513346195456
959369532849745923
959369534955229185
959369545461923840
959369561991733248
959369574037700608
959369648742522880
959369656766222337
959369729029951488
959369737364000768
959369816506281984
959369969065713664
959370078931292160
959370086564941824
959370216126889984
959370295843966977
959370415406710784
959370648622649350
959370821008543745
959370822690525184
959370872644612096
959371089834102790
959371120100159490
959371474737000449
959371494156652545
959371538419142656
959371577925259264
959371634200236032
959371719449501697
959371908180598784
959372107837837313
959372131237875712
959372268601249794
959372345914937344
959372352684519425
959372459999973376
959372619383558145
959372668939227136
959372716871770112
959372844219162624
959373015619461120
959373147320606720
959373157927997441
959373169441243136
959373286420504576
959373302274887680
959373329919553537
959373331781832705
959373346155753472
959373341336457217
959373350031298560
959373341336457217
959373385053736960
959373454628806656
959373505887424512
959373521926410241
959373535851569153
959373574032248833
959373608828194816
959373617002885120
959373775761440768
959373786024996864
959373810502914048
959373814328168448
959373826114183168
959373828349726720
959373831847604224
959373850126487552
959373939972730880
959374121174994944
959374124987682816
959374167471742977
959374296056582150
959374365023522816
959374381280526336
959374421705322496
959374421688545280
959374469025488896
959374524553879553
959374679604649984
959374703759708160
959374733958701056
959374776186875904
959374804880166913
959374876267175936
959374901646897152
959374908730953728
959374908831817728
959374918751281152
959374939500531712
959375041233240064
959375067007410176
959375103036243970
959375114407100416
959375124137832450
959375290261823489
959375435518939136
959375480385351681
959375522211024903
959375536081469446
959375556340051969
959375597414871040
959375605123960833
959375763500871680
959375837131919360
959375876600352769
959375922720800768
959375932447485952
959376059232931840
959376070872092672
959376086223212544
959376495687929856
959376518064504832
959376529955414016
959376532434309121
959376653221875712
959376705583493120
959376767025860609
959376935280365568
959376935272026112
959376939801772032
959377011004321792
959377082219458560
959377103555842048
959377110363144193
959377114435936258
959377131175366657
959377157100326912
959377254005510144
959377272317906944
959377397614366720
959377514908004352
959377593056284673
959377600178044929
959377727198564352
959377755791085573
959377778205450240
959377857855344640
959377859969191936
959377878726139904
959377912758751232
959377974251450369
959377989971607552
959378006820212736
959378044128460800
959378078735749120
959378111635886080
959378137716002816
959378161652916225
959378229709754368
959378325629276160
959378568122904576
959378570975023105
959378646850064384
959378703900868609
959378796968382464
959378981513584642
959379029710295040
959379054221807617
959379087839186944
959379136140791808
959379235822555136
959379433063936000
959379619681103873
959379631588691968
959379640404987909
959379641638277120
959379809305493505
959379904302387200
959379921226387456
959379934069379072
959380040495648769
959380069851549696
959380095352954880
959380251209097216
959380372613160960
959380449536675840
959380673747439616
959380678315053056
959380770233241600
959380884632801280
959380985438703616
959381252385144832
959381268692598784
959381308106473473
959381432715173888
959381459076370432
959381532556308481
959381537803382784
959381633437597697
959381702262116353
959381726643531776
959381809015480320
959381863499554816
959381900124086272
959382010312757248
959382048233410560
959382147852374016
959382152495423488
959382169004183552
959382218614468608
959382440518266880
959382658106130437
959382661620994049
959382925979668480
959382952563171328
959382970875432960
959383022742228993
959383028102582272
959383054589493248
959383344373956608
959383355648303104
959383384916144130
959383402037293056
959383405157896192
959383573793996800
959383679763206145
959383685760942080
959383690857107458
959383725091033088
959383746289045504
959383772507639813
959383801867702272
959383821157306368
959383830187724800
959383930045542402
959383932713275393
959384069158162432
959384099935879168
959384100112162816
959384108467146758
959384117585555456
959384145397977089
959384194949566464
959384200628588546
959384223110062080
959384252193345536
959384316303339520
959384322124976128
959384325832704000
959384337115439104
959384366123245568
959384372800606213
959384454115549184
959384457877835776
959384467268952064
959384511996932096
959384663264497665
959384693283147776
959384697557090304
959384745980432384
959384748484366336
959384778851147777
959384879740923905
959385194162737152
959385278074015749
959385282687750144
959385466100420609
959385563924180992
959385592994914304
959385647898349568
959385845701709825
959385912210735104
959385935262748673
959385998160486402
959386110970474496
959386590954090496
959386639096254464
959386793060728832
959386807380176896
959386851709767680
959386873704656897
959386882554712064
959386943795625984
959386979673739264
959387006873800704
959387094719385600
959387181319106565
959387195609174017
959387255973523456
959387344049713154
959387375779680256
959387456822038528
959387576691052545
959387619447771137
959387619967815680
959388195694792704
959388245724459008
959388491170959361
959388525039947776
959388585186267137
959388652215394304
959388706472906752
959388707802505216
959388710545453056
959388718938206209
959388730745274368
959388748625494016
959388751679062016
959388763439984640
959389033574162432
959389121721634816
959389229695619072
959389245466120192
959389310633037824
959389372465459201
959389397606195200
959389402429521920
959389651097268225
959389692746715136
959389694546137088
959389698149044225
959390108989493248
959390208818012160
959390524485570562
959390674406735872
959390706702921733
959390743885426688
959390807936716800
959390872923238400
959390882238738432
959390886269419521
959390946319192065
959390947703513089
959390952103272448
959390961087459329
959390994499284992
959391003965841410
959391073469718529
959391101764407296
959391152620400642
959391325496971264
959391350335705093
959391436927062016
959391519059922944
959391523547820032
959391550479519745
959391554300465152
959391590090502145
959391629110054914
959391699444424705
959391821477695488
959391863164801025
959391870722899968
959391882286698496
959391919662157824
959391938494521345
959392140710334464
959392232108445696
959392276710678530
959392285673828352
959392310793564160
959392367190167553
959392423897108480
959392461750788096
959392558882357250
959392625987129344
959392632400117760
959392678411677698
959392760087314432
959392957815230464
959393007312277504
959393031668490240
959393234425229312
959393239139840000
959393243472556032
959393456450830336
959393472699686912
959393474071195650
959393636537589760
959393689268256768
959393762752585729
959393768804896769
959393799851139073
959393845774516225
959393857216577539
959393872513204224
959394063068917761
959394073374330880
959394102998650881
959394110548463616
959394139250089984
959394147642769408
959394152080429056
959394239196155910
959394226780999680
959394288399536128
959394306305003520
959394349246287872
959394359924817921
959394381882167296
959394464539250688
959394504771072000
959394587109416960
959394621515272192
959394626317832192
959394770308227073
959394795830632448
959394856606097408
959394878328377344
959394970791759872
959395146033967104
959395173120794625
959395276351041536
959395330683998208
959395342763675648
959395343740829696
959395409163628544
959395624318889985
959395650050904065
959395659521691649
959395719793831936
959395734692007936
959395858147102720
959395925637697536
959395985167405056
959395988703084545
959395983238057984
959396002665988096
959395984890613761
959396090515771397
959396254995402752
959396254378872833
959396247533707264
959396335983169537
959396380920963072
959396387703218176
959396416006311937
959396455516659712
959396479013130240
959396523766317062
959396566816739328
959396568951676929
959396782190071808
959396784383643648
959396889664860160
959396987220254721
959397023165362176
959397040798257153
959397061425795072
959397120930299904
959397158326820864
959397176953667584
959397246105243648
959397301109354496
959397416943398912
959397434760802304
959397496354234368
959397564331298817
959397772133879810
959397773895458817
959397804153147392
959397855264952320
959397858712670209
959397918502477825
959398013365047296
959398050283294720
959398065911353345
959398127479508993
959398207129378822
959398213554982913
959398270190702593
959398317296844800
959398325081567232
959398529947938818
959398563490029568
959398590954262528
959398814288408577
959398863714078722
959399056467521536
959399063677435904
959399159521579008
959399187640176641
959399197387739138
959399237514678272
959399371665178625
959399371874930689
959399492574502913
959399511314587648
959399514649055232
959399528687431685
959399593422311424
959399596064755712
959399670417014784
959399677656489984
959399755607658496
959399762331078656
959399785110343680
959399806916546560
959399824650133505
959399961011064832
959399967193550848
959400045962547200
959400059766001664
959400109464342528
959400146105786368
959400213042614272
959400237583486976
959400244009152512
959400268625358853
959400269367906306
959400301521403904
959400340264235009
959400451719487489
959400497303171073
959400534104051712
959400550814179331
959400654182735872
959400743395647488
959400782306168832
959400799880335360
959400983498502144
959401012149850112
959401024493686785
959401042856370178
959401114062946304
959401124116787201
959401127941951489
959401144832479233
959401381022101504
959401535980670976
959401684916154368
959401769989296128
959401774930059264
959401833155518464
959401838025084929
959401983303208960
959402185737080832
959402279752404993
959402282738733056
959402285934800896
959402310005739521
959402318331457536
959402362216632320
959402489614348289
959402500163014656
959402560741310465
959402582128160768
959402604169170944
959402675380080640
959402682757844992
959402702798295040
959402772662595585
959402937255591940
959403014728683520
959403042817781760
959403046064156672
959403052049600513
959403089160802304
959403103572373505
959403109557645312
959403128775901185
959403138599047168
959403220660576256
959403229468594176
959403259415932930
959403409144274944
959403421978808320
959403453247381505
959403490358554624
959403536940503040
959403532079153153
959403533345767424
959403641680654337
959403658109734914
959403800233676802
959403993679192064
959404037870379008
959404085115047936
959404166916526081
959404196381560832
959404230758019072
959404267101720577
959404319496949760
959404406000234496
959404595876417538
959404850982334465
959404942544068608
959404976266149888
959405037926670336
959405319138037760
959405432329646082
959405575883968512
959405616551874560
959405680364015616
959405714916683778
959405808403456002
959405809720442880
959405830167818241
959405878838427648
959406066927898624
959406104223649792
959406206937808896
959406214848368641
959406275774877698
959406312525303808
959406434088833025
959406505773715456
959406698401234944
959406771847811072
959406772342743040
959406811160903680
959406823852814336
959406877158363147
959406897106386944
959406904870146048
959407022755209216
959407033878568961
959407068695449600
959407088693923841
959407128573300736
959407271418712064
959407356856733696
959407366008655872
959407422870818817
959407565603069952
959407588625534976
959407593524547584
959407618388365313
959407627003416576
959407662050967552
959407662642450432
959407666585010176
959407687028150272
959407791101370368
959408293910376449
959408330409238529
959408506284773376
959408570184978433
959408572219174912
959408573045452800
959408616100057088
959408686308478977
959408778734198784
959408815035813889
959408977888120833
959409124923584514
959409188618358784
959409227793084417
959409236844466176
959409362509889536
959409613048352768
959409620124164096
959409638851694593
959409781596442626
959409864027136005
959410043572707328
959410089198268417
959410118214537216
959410134169673728
959410158236561409
959410167547879424
959410289082077184
959410384422785024
959410390735163392
959410591034060801
959410594435731457
959410758827331584
959410810203328513
959410850762297344
959410873075945479
959410944433672194
959410964528443392
959410970090196992
959411020962807808
959411032182657024
959411087404883968
959411093692190721
959411112243580929
959411153322561536
959411269911670784
959411319672856577
959411438514208768
959411498786357248
959411690558418944
959411826508419072
959411899430469632
959411924000747521
959411958104711168
959411981139808263
959412087616307202
959412186601975809
959412280093040642
959412279950364672
959412337789816832
959412349449986048
959412358648074240
959412358119641088
959412387634958337
959412393137885184
959412429183770624
959412442538311681
959412468283043840
959412543491014656
959412544179003392
959412544472539136
959412649908948998
959412775276687362
959412796470497281
959412835683053568
959412988628185088
959413217498992640
959413249581207552
959413421904052224
959413478632108032
959413520646459392
959413578381103104
959413582139133953
959413594755657729
959413764922773504
959413774368243712
959413877296582657
959413898591064064
959414210227777537
959414234588344321
959414251579412480
959414275428282370
959414359238721536
959414360585134080
959414449294757888
959414468068433922
959414541359636483
959414646129250305
959414746578587648
959414859392847872
959414858423914496
959414860441440256
959414892271939584
959415012891807745
959415142407487488
959415185613180929
959415192290578433
959415222963326976
959415243762892800
959415294488973312
959415330471927809
959415547254530048
959415659829620737
959415671326199808
959415686610251779
959415693858000897
959415733309538306
959415761323352064
959415780252246024
959415800334639105
959415877169893376
959415888209309698
959415985332768768
959416132238266368
959416176874082304
959416518869241856
959416566042517504
959416643725250565
959416660590579712
959416680127614978
959416844389093376
959416914593402881
959417077093355525
959417144613142528
959417199134937088
959417282605797376
959417399685603328
959417463300612096
959417478878257153
959417642594504704
959417766552928256
959417842159538176
959417862476783616
959417875319619585
959417911608856577
959417914859380737
959417913257193473
959418383467884544
959418458256666624
959418549122019328
959418872364453891
959419047124328449
959419067965825026
959419209443958786
959419367820812288
959419528101888000
959419647148871680
959419710608760834
959419743869505538
959419779135229953
959419811963985921
959419817764691969
959419919715663872
959420204282363904
959420245147570177
959420267687759872
959420358414815233
959420384956354561
959420389708435456
959420413989277696
959420457400365056
959420648769679360
959420708760715264
959420943968931840
959420975321362432
959420988277567488
959421009282654209
959421151750557698
959421155609399296
959421156330823680
959421162307686400
959421167734935552
959421398790926336
959421447549661184
959421549328633856
959421608489308161
959421621256716288
959421689569447936
959421766425817091
959421840111423489
959421931207516160
959421956335554561
959421974119362561
959422042582941696
959422114884440065
959422254437273600
959422389145800705
959422399916716037
959422401552384001
959422413950930946
959422415909638144
959422609321615361
959422733078683648
959422900934717440
959422920631054343
959423015489605632
959423173111549953
959423222340116481
959423315961053185
959423394260377600
959423420051152896
959423452158578688
959423491329134594
959423582265860096
959423661756309504
959423686527864833
959423699664429056
959423850965557248
959423898617106432
959423922788814848
959423937544409088
959423936671907841
959424104016334850
959424125134671872
959424133938413569
959424135385571330
959424136081821696
959424174883332099
959424185851244544
959424189655478272
959424197280776193
959424362771374080
959424406924734464
959424436842704897
959424486486478848
959424527523635201
959424545492033537
959424565876314113
959424644020424704
959425102801752064
959425133575368705
959425228429459456
959425344427130880
959425351138062336
959425463893536768
959425651404132353
959425710619316225
959425774573977600
959425901296521217
959425953293393920
959426107362693120
959426168729595909
959426249759363077
959426383545028608
959426429451579392
959426528839917568
959426613271244800
959426632783224833
959426664672514048
959426756104146946
959426952842137600
959427055619313664
959427123797807104
959427219797004288
959427229280325634
959427346947338240
959427440203517952
959427442665549826
959427444305485824
959427574630936576
959427633229582337
959427673465466880
959427714250956801
959427721741983744
959427859176714240
959427960196468736
959428039301050369
959428094548463616
959428111770243072
959428131143733248
959428210806153216
959428295128428544
959428359032852480
959428422744371200
959428433330700288
959428448832950272
959428465517735936
959428494454337536
959428533725679616
959428545427668992
959428558836912128
959428563551293440
959428669117730816
959428725199790081
959428762000609280
959428766660546560
959428772851277825
959428826232184837
959428854233337858
959428864668831744
959428979580121088
959429007493226496
959429023263870976
959429068356759553
959429106583646209
959429197205852160
959429203769864192
959429226863775744
959429281620398080
959429353892401153
959429450906599426
959429705689595904
959429773284999168
959429886128607232
959429962871791616
959430069759307777
959430235681935361
959430227867983872
959430244590608385
959430358826700800
959430438715609088
959430451688599552
959430607452491777
959430609205678081
959430743125643264
959430792123469824
959430829750607872
959430917793243136
959430985875185664
959430999062073344
959431074685308934
959431084260888576
959431084646780928
959431161457016837
959431170256785408
959431209485922304
959431299177033728
959431378273173509
959431398007427072
959431407251705857
959431449131802625
959431447303028736
959431459437195264
959431561237159936
959431586927271937
959431612877418496
959431635493146624
959431740115779584
959431775448682496
959431816741519361
959431943250235393
959431970257358848
959432041950535681
959432146019549184
959432250558435328
959432341700726784
959432431244840960
959432480662138882
959432491068047360
959432497225494528
959432669388996609
959432708853305344
959432801425723393
959432836376924161
959432853741359105
959432866710122496
959433010000089088
959433088874045441
959433147451666432
959433167072620544
959433197997166593
959433225415294978
959433267119206402
959433308726878208
959433312006823936
959433456555085824
959433472568897538
959433519616360449
959433605398368256
959433606589501440
959433646607302659
959433647924432896
959433672079364097
959433676936437762
959433735727874049
959433734104764417
959433731336523776
959433797304553472
959433827549528066
959433931316752384
959434044160335873
959434082018103296
959434114167377920
959434131145969664
959434150645305344
959434238893481985
959434268417167362
959434313233240065
959434327087046656
959434733137616897
959434741853306880
959434785730023425
959434789366484992
959434819020222464
959434876788379648
959434879833427968
959434895272697861
959434961932648448
959434994434363394
959434998809006080
959435048008200192
959435104685785088
959435159601901569
959435181278027783
959435202887143426
959435314581393409
959435345568894976
959435393090322432
959435454268497921
959435537718370304
959435611068231680
959435644606050305
959435659084693504
959435661676773378
959435709009530881
959435738684297216
959435739397263360
959435739472760832
959435767016841216
959435779910053888
959435790135844865
959436258685734913
959436269536399362
959436258685734913
959436343330865152
959436402495762432
959436642506432514
959436699611881472
959436773163085826
959436895632723969
959436968231886849
959437024980885505
959437264341303297
959437352073613314
959437411020365825
959437424416968704
959437527563169792
959437626628599808
959437657502896129
959437758048727040
959437845676077061
959437908309630977
959438225122177024
959438576982417408
959438802753335296
959438813339766784
959438952548716545
959438984559636480
959439040591392768
959439126935240705
959439294095077376
959439320452083715
959439326433173505
959439349657022464
959439517420802048
959439564690677760
959439616016252928
959439624312709122
959439632713814016
959439675357302784
959439708278460416
959439789954134022
959439793410203648
959440010775859201
959440019948699648
959440025887936512
959440028769423360
959440032108105728
959440081592479744
959440245405122560
959440316523827201
959440393493536770
959440636792524800
959440811615248384
959440987922796544
959440994772160513
959441080361148416
959441132475305985
959441182853156865
959441195373019137
959441205661716480
959441222162112513
959441275836665857
959441280861339649
959441284774547456
959441296095035392
959441297026232323
959441288998375424
959441364495798272
959441562441867264
959441594846937088
959441602782507008
959441629487812609
959441795410259968
959441833775550465
959441888351842305
959442040961601537
959442084192235520
959442112973627392
959442133945118721
959442169571487745
959442213380993024
959442261896507392
959442266011131905
959442298219171840
959442311670153217
959442324395769856
959442350832484352
959442451554603008
959442505577136128
959442517820362753
959442535293882368
959442546597548032
959442547339923457
959442582194589696
959442585256415232
959442617229565953
959442686490087424
959442820204580865
959442872515858433
959442893755777025
959442914995732483
959442951490371584
959442990409437184
959443005269790720
959443063658729472
959443149574819840
959443177462616064
959443190012088320
959443283775819778
959443975097737216
959444036632367105
959444049135591424
959444056651821056
959444066567098368
959444199312674816
959444240215527424
959444290358390784
959444304283521024
959444344636952576
959444484152012800
959444527881834497
959444797995077633
959444849819881472
959444901749510145
959444950923579392
959445124056010752
959445129504411648
959445151134437378
959445321607659520
959445391325442048
959445464310566913
959445523509010433
959445592777863168
959445661958721538
959446092013334529
959446111013531648
959446126951915520
959446309563285504
959446314697314304
959446317390028800
959446344304877568
959446464714993664
959446721423081472
959446844882395136
959446939417894912
959447162986860544
959447513030909953
959447516478656512
959447602516447233
959447678756311041
959447705729880064
959447852329160704
959447873703333890
959448097586860033
959448081979924486
959448141035704320
959448155694780416
959448166499278850
959448236669984768
959448290646511616
959448314214322176
959448612446056450
959448713038098433
959448767824056320
959448830801514496
959448865836498946
959448882433413120
959448882613837829
959448919083311104
959448934258233344
959448973915410434
959449042450374662
959449090743504896
959449105754968064
959449214253260800
959449323263201281
959449417655910400
959449614742114304
959449657574387713
959449855159660544
959449890769330176
959449894267351040
959449933630894082
959449963473358849
959449977503305728
959450338599333889
959450529964396545
959450727927156737
959450774744027137
959450851902410752
959450882617298945
959450915882270720
959450951873712130
959451035667456000
959451343101612032
959451351276175360
959451368674045953
959451420385792000
959451425125339137
959451725961814016
959451782102601728
959452127654490113
959452156364509184
959452241672404992
959452255031185408
959452415182475265
959452500955983872
959452609689120769
959452612729933825
959452704870367233
959452854749712385
959452863738105856
959452899238731782
959452904481488896
959453090138247168
959453166319423489
959453283566936071
959453606767456256
959453680687812610
959453718021320705
959453863806996480
959453865996320769
959453952730427392
959453999597580288
959454167420096512
959454517770313728
959454637047861249
959454712016842752
959454809429561344
959454874470682626
959454922520584192
959455063231160320
959455666099425283
959455826766368768
959456074532360193
959456153775243264
959456168337989632
959456237778849792
959456266677555202
959456312064204800
959456375196839936
959456386773147649
959456390870945794
959456394909925377
959456438081945602
959456514967789568
959456669007863809
959456761630613504
959456823039463424
959456852231761920
959457095673360385
959457231786954752
959457234429333504
959457345720942592
959457602819313667
959457711397244928
959457811469078529
959457947528122368
959457971066540032
959458034522251264
959458221403660288
959458324415762432
959458500828155904
959458883151564800
959458899492593664
959458901166051329
959458997735747584
959459189646090242
959459199649484800
959459235741491200
959459246017581057
959459319535292416
959459395691319296
959459650151297024
959459707936231424
959459849707905024
959460039856721920
959460159834779649
959460194853023745
959460249609654272
959460269742329863
959460283617021956
959460322972196865
959460424470138881
959460435014565888
959460446532071424
959460489796472832
959460570411012096
959460595409018881
959460875257118720
959461191864156160
959461206489788416
959461261078614016
959461393576742912
959461410584612866
959461591157805056
959461601349914625
959461635621564416
959461751510233091
959461758791487488
959461781910499328
959461816337395712
959462005492117505
959462078967894018
959462103894626305
959462115429044224
959462416072499201
959462484099952640
959462709124304896
959462874430222336
959462919959347200
959463078214688768
959463089895854080
959463312667873282
959463344561258496
959463778403438592
959463785357602819
959463927699595264
959463960041881600
959463974541692929
959464007051685888
959464007236308992
959464026056069122
959464029646458886
959464155764940800
959464298740436992
959464497797849089
959464680392744961
959464736067932161
959464759128154114
959465190315225089
959465192173309952
959465219331362816
959465221105508352
959465482687537152
959465520222392321
959465687600201729
959465937291399171
959466443111845888
959466520417046528
959466615539716096
959466628286238720
959466719336071170
959466827314352128
959467108462710784
959467278160064512
959467330131644416
959467439670120448
959467645870465024
959467700430000128
959467894219386880
959467910329708544
959467970706755590
959467975794417666
959468192807735296
959468214039097346
959468378607050754
959468500850012160
959468742060265472
959468818098769921
959468967034281984
959469163327746048
959469199973404673
959469222773559297
959469346459389952
959469495503880192
959469565888606208
959469566823993344
959469580912594945
959469889479200768
959469921418797057
959469934966464514
959469953194909698
959470016193286146
959470099165048833
959470113933152256
959470138390085633
959470284209295361
959470406003580928
959470543803207680
959470720207216640
959470860682788864
959470959391596545
959471482878529537
959471485609021441
959471486414282753
959471504386863104
959471497021620224
959471528374165507
959471679280963584
959471724000575489
959471724885610498
959471736466169862
959471838861627392
959471937356488705
959471984144015365
959472059423305728
959472066893373441
959472120362303491
959472187014082560
959472192294617088
959472195146829825
959472321651146757
959472331851751426
959472537011924992
959472540161896449
959472546843373568
959472574341238786
959472732617527297
959472910585884673
959472921281466368
959472980874153985
959473014336344064
959473100378333185
959473140089925635
959473185665290240
959473671004966913
959473782917246976
959474152234209283
959474209507500034
959474272627511301
959474287538331648
959474309533175809
959474409726767105
959474539351683072
959474557974384640
959474702405259265
959474849331720192
959475443496833026
959475472534032385
959475598044422146
959475706769084417
959475890592845825
959475956657344513
959476078782926849
959476101427982337
959476121032159232
959476216741941258
959476298543398912
959476468496699394
959476551686459392
959476568254046208
959476617990098945
959476759912591360
959476837683482624
959476995544449024
959477015077359616
959477099147988992
959477118680928256
959477314865287168
959477401544810496
959477581396443136
959477687017508868
959477772375773185
959477775022338048
959477985530318848
959478533465739264
959478548019888128
959478885321707526
959478938740326403
959478944398565376
959479039747608576
959479060207407104
959479160296169472
959479216298393600
959479233889390594
959479531278094336
959479541835190274
959479558507520000
959479666758377477
959479702833586176
959479857569845248
959479989405089792
959480133362094080
959480137615060992
959480196385656833
959480292489691137
959480298395394049
959480485922721792
959480601421238273
959480682312617984
959481013385744387
959481376113418241
959481542191058944
959481570070597633
959481577960067072
959481751188983808
959481886946054144
959481998640328706
959482136565813248
959482300898729986
959482453298745345
959482509531762689
959482825421410309
959482840684646401
959482870082473985
959482936738418689
959482967335809026
959483115898097664
959483200736174080
959483276774838272
959483435231469568
959483488117379072
959483665276440577
959484026062016513
959484061629796352
959484067807924226
959484070869729280
959484098078216192
959484332334338048
959484526501220353
959485342423412736
959485358177181698
959485728622305280
959485875120992257
959485959212384256
959486117811818497
959486380765270016
959486428165083137
959486577213763585
959486593701744641
959486671975743489
959486690917273600
959486869401677824
959486877110865920
959487013702524928
959487040898437120
959487045302456320
959487101153800192
959487187220877314
959487245827952640
959487408382316546
959487440921784326
959487439864770561
959487610438672384
959487616251985922
959487621318586368
959487844766179333
959487915918266369
959487971249487872
959487973032124416
959488136479899654
959488147859091461
959488301450301440
959488503741538309
959488528936783873
959488576064024576
959488594984480768
959488681873731584
959488779257110528
959488847435517953
959488896382980096
959489034597920769
959489112804802561
959489123051597824
959489329839132672
959489382234370048
959489467546587136
959489777207857152
959489854521389056
959489932531326976
959490287843364869
959490355237412865
959490358123081728
959490438439800832
959490516302860289
959490545092579328
959490576201773056
959490804979990531
959490813209251840
959491607736324096
959491643949842432
959491706239508480
959491831338848256
959492092614664193
959492210193518593
959492319950131200
959492384542216195
959492448207736832
959492586426785793
959492775648559108
959492790727127042
959492872872644608
959492930829475840
959492979646922752
959493403842146304
959493594360045568
959493642221219841
959493967011307521
959494091670253568
959494097852600320
959494175971598336
959494496462483456
959494637189812225
959494638368444417
959494716810244099
959494749227859977
959494783847862272
959494791699554305
959494807574937600
959494859353722881
959495148274159616
959495388251254784
959495391854104576
959495396786626561
959495624143130626
959495708737929216
959495770067161089
959495796965216256
959496264395182081
959496297572073472
959496307466555392
959496382074773504
959496502942076928
959496649700671489
959496652414439425
959496663680405509
959496683007631360
959496709775724549
959496819775434752
959496843309867008
959496943943766017
959497004899500033
959497006250102786
959497324169957376
959497398119747584
959497474888134656
959497622896697344
959497665191948295
959497706594099200
959497876152995841
959497960659832832
959497963906191361
959498213379264513
959498269767487491
959498308455686145
959498336544976896
959498337862017026
959498347475357696
959498360217628672
959498417830596609
959498444137226240
959498454518108160
959498486122274816
959498708021907459
959498721959571458
959499099161747456
959499221790543872
959499264836734976
959499279843954688
959499739703242752
959499853339512833
959499928748871680
959500146311614464
959500176577781760
959500241270603776
959500354957316097
959500487618899971
959500624432975872
959500722084761606
959500797099855873
959500912447361025
959501023957209089
959501180811599874
959501220225388555
959501240425164800
959501244619481089
959501491445870592
959501687760318464
959501690029334528
959501942522249216
959501939892539394
959501982540156929
959502285910020097
959502411210612737
959502547156381696
959502565980491777
959502619868893184
959502670024396801
959502723690455042
959502762441674752
959502900421685251
959502940720517120
959502942511525888
959503032093499392
959503133805248514
959503278106185729
959503371764948993
959503406388908032
959503498843967488
959503589210312705
959503628875771905
959503710769598465
959503760300142592
959503806638837760
959503849873649664
959503975170134018
959504073950187520
959504293459058688
959504326426284032
959504339130712064
959504486082449408
959504640164417536
959504794284183552
959505026136924161
959505131170598912
959505320455430145
959505409437589504
959505748819697665
959505940671352833
959505952339873792
959505997520875520
959506057142984704
959506084858875910
959506133605109762
959506140148137984
959506351348215808
959506534668689408
959506622979731456
959506634019082240
959506708895711237
959506804144332805
959506849350520832
959507185423196160
959507328063234048
959507434409742336
959507437979144192
959507720977240064
959507799972765696
959507802837405696
959507821120409606
959507880314535936
959507970441834496
959508093225848832
959508094509338625
959508350957510666
959508409681891328
959508464115568646
959508566485987328
959508568608256002
959508577651183617
959508637260681216
959508774884184064
959508939229532160
959508963892047873
959509022679486466
959509055390838785
959509143991259136
959509231358619649
959509238157594625
959509234370121728
959509234789609472
959509239449505792
959509397406969857
959509414033219584
959509614910935042
959509789150793728
959509919409065984
959510004180008960
959510052234293248
959510062296379393
959510070794047489
959510100561006592
959510120173654016
959510174674378753
959510213299761157
959510246443151360
959510401452068868
959510411145105408
959510719711662080
959510730289696770
959510807213113345
959510868261310464
959511077909385216
959511275926630401
959511405996146690
959511406512046080
959511529761755136
959511576352083974
959511750986141697
959512134286704641
959512275584536578
959512430048104452
959512501372235781
959512520422776833
959512555671736320
959512889072734209
959512981016064004
959513290010431489
959513351352012800
959513380833890304
959513533498175488
959513592902152198
959513607682838528
959513780286869504
959513782878908418
959513954069504002
959514014119317506
959514083425947648
959514121787015168
959514274241613824
959514288850395139
959514309679304705
959514383188725761
959514500226605062
959514816451895296
959514892133904385
959514950388641794
959514950443167745
959514955765768195
959515051358121984
959515072207970309
959515149840343040
959515237471932417
959515419181764608
959515455718338560
959515457480019968
959515514505777152
959515522076430336
959515524131708929
959515687059378177
959515719992999936
959515766868660225
959515818475343872
959515869117337602
959515889543598080
959515936687644672
959516115495018497
959516172113928192
959516202359025665
959516422681563137
959516430298419200
959516681629589507
959516692434051083
959516784977203200
959517165035585539
959517173826904064
959517310238232578
959517502995861504
959517573804167169
959517627554070528
959517627793145857
959517672797913088
959517689508171777
959518027594186752
959518201074868224
959518254212550656
959518257739894784
959518426069913602
959518525281984513
959518621977513985
959518681599500288
959518720103198721
959518725660663808
959518784754241537
959518814642716672
959518938873974784
959518980783341568
959519044071280642
959519141467164672
959519172173672448
959519222396223492
959519323017678850
959519397906968578
959519424150728704
959519505490829314
959519579620945922
959519602840621056
959520478749691905
959520623662911488
959520790692712450
959521003834572800
959521104384667649
959521187759116289
959521243929235456
959521594967232513
959521611937472513
959521655746912256
959521703402590208
959521806544711681
959521812983025664
959521815440887810
959521863645806592
959521951076188165
959522005879050241
959522048925159426
959522241410224130
959522296535965697
959522379780231171
959522493617856514
959522531215659011
959522556356255745
959522592083316737
959522703081459713
959522705157615617
959522880525660161
959522881620316169
959523101460623360
959523159883091970
959523185409626113
959523319623180288
959523346546380800
959523386362941440
959523448551890945
959523887645122560
959524283029565440
959524374750654464
959524529042227206
959524595220074496
959524683589799936
959524959193391112
959525018660155397
959525430419230726
959525538598703104
959525538418384899
959525591270723589
959525630445522944
959525690956767234
959525747638620161
959525826143379458
959525886616899584
959525885799030784
959525992300720130
959526024253005830
959526235171901446
959526523052150784
959526569420173314
959526593558450181
959526693168959488
959526839717785600
959526920487567362
959526961877061633
959527222842417153
959527396411047936
959527411519033344
959527416522780674
959527814264446976
959527958938562560
959528072167993346
959528072444829696
959528103952384001
959528105743474689
959528102698340355
959528129436897280
959528209674113025
959528274262220801
959528287885234181
959528310626713607
959528639665668097
959528680690241536
959528897678381056
959529127090053121
959529132790091777
959529268849061888
959529434192732162
959529435383980032
959529507735658496
959529631413100544
959529658982240261
959529696101888000
959529777492381696
959529777823715328
959529777773375489
959529859956531200
959529872342253574
959529881280401408
959529881234235393
959529978445606915
959530423155089417
959530553845469186
959530621331824641
959530938198880258
959531102351380480
959531211180953601
959531222295818242
959531227006021634
959531340206100480
959531368840663040
959531588299251714
959531600672362496
959531647346593793
959531709342601216
959531875789426690
959531934983643138
959532158682529792
959532313884360704
959532547326775303
959532578993819650
959532613907243010
959532625869398019
959532667476856832
959532782404952065
959533039553597440
959533322891399172
959533420832534533
959533787150462977
959533924111273986
959533940641067008
959534042143129600
959534279180083201
959534343898238976
959534397698473986
959534399640539138
959534400290648064
959534488253534208
959534728008396800
959534935433498625
959534943323021312
959535035899699200
959535109522239489
959535281819955200
959535491115896832
959535767365324802
959535895899754496
959535934332133376
959535953252626433
959535986362519556
959536246065451008
959536268941152257
959536311978819589
959536628518739968
959536907813310470
959536967447973888
959537010770890753
959537101770502145
959537110511423489
959537304560979968
959537536740876288
959537785869946885
959538200799825920
959538396946411521
959538613909446656
959538699699617793
959538738207567872
959538749553209345
959539079204495360
959539127296385025
959539133604679680
959539197798383616
959539234674823169
959539272159236097
959539376672985090
959539424328642561
959539440724185088
959539756114894849
959539761001181184
959539778353029121
959539875216273408
959539911459246081
959540055965650944
959540172592439296
959540177445236736
959540392327860225
959540465413574656
959540688043069445
959540693030055938
959540691528552450
959540735015051297
959540970311254016
959540995670061062
959541239296163841
959541269730091014
959541298993786881
959541388818993154
959541395693363200
959541465666981888
959541710182236160
959541890558373894
959541918307901447
959542096511238144
959542286223896576
959542434878410752
959542463399677953
959542678412316672
959542696246431744
959542781294366720
959542787640356865
959542962525962240
959542965038444544
959542987125608449
959543127789965313
959543215752871937
959543276163489793
959543300385591296
959543565687885824
959543584016941056
959543856944615424
959543864813113344
959544014293929984
959544089925517312
959544117985505280
959544276479823872
959544337259474945
959544704856743938
959544910985785344
959545057002090496
959545128959561728
959545156746792961
959545579398467589
959545677671026688
959545698311163904
959545828892389376
959545847225700352
959545907501989888
959546001550962688
959546046576775168
959546217461178368
959546482935390218
959546835185610752
959546975258664962
959546978353983489
959546979306045440
959546977586425856
959547184332066822
959547272429268992
959547288170434560
959547789725323265
959547825322414088
959547843542437894
959548243133726720
959548422377431040
959548431940415489
959548566837612545
959548852285136901
959549217508347910
959549713895841792
959549904971542529
959549944263790592
959549979370184704
959550091769077763
959550275316051968
959550339644055552
959550400272715776
959550475350761472
959550867648253957
959551128106164225
959551465776967680
959551896280330240
959552128791564289
959552264905150466
959553021989609472
959553174733578240
959553207851716608
959553269659000833
959553271613612033
959553271634505733
959553274511847426
959553394221383680
959553560768892929
959553590032502784
959553663579705350
959553754629591041
959553868425244675
959554014399598592
959554110155624449
959554188459106309
959554423436398592
959554503992381441
959554565053042688
959554584430735361
959554945895817216
959555038636060674
959555128436187137
959555191992446978
959555270061056005
959555349375324160
959555378169212928
959555665701240832
959555732185153536
959555773071347713
959555940981837830
959556055482200066
959556057126330368
959556269387415552
959556460324818950
959556618571706374
959556764843823105
959556881281896448
959556885887246337
959556971799175170
959557070386233345
959557654648643584
959557795862450182
959557900170661888
959557904138473473
959557994286649344
959558062813122562
959558111756537856
959558269072224257
959558273983766533
959558282389147648
959558332972503040
959558496722325504
959558562174431232
959558633372692480
959558636900114432
959558769154887680
959558846195884033
959558946964033539
959558967042113537
959559013338935297
959559565439389697
959559568459214848
959559581537046534
959559670443671553
959559684599533568
959559710100918278
959559736227221504
959560040754671617
959560268803133440
959560296204562434
959560500030902273
959560566959460352
959560780231446528
959560790570303493
959560854634205185
959560880806604801
959561171346116610
959561246298267648
959561263704674304
959561315017732098
959561385993818114
959561404427751424
959562002871017472
959562076405551104
959562488978247680
959562662572118022
959562797670649856
959562929967333379
959563452942573568
959564408400891904
959564497869590528
959565000221356034
959565011122360320
959565146535419904
959565364630781952
959565825857544193
959565853640491008
959565854290694144
959565855662202881
959566308701548549
959566584829313024
959566694522998784
959566837913669632
959566973901443072
959567108056276992
959567146513772546
959567281536880640
959567870362570758
959568240728035331
959568646556221440
959568665858494464
959569413308649472
959570311875321856
959570455500873730
959570501004820480
959570888084672512
959571075226009605
959571380869193729
959571454475079680
959571619898449920
959571704229003265
959572146057072640
959572150029029376
959572210385129472
959573105944514561
959573193563484162
959574005215842304
959574120924053505
959574202637520898
959574649515495425
959575485029249024
959576069971021824
959576579843264512
959576755592925184
