985311742660980736
985313146616320000
985313856804278272
985319508905746432
985321122743889922
985321231791656961
985322009621159936
985323472359436288
985324326210568192
985326874871156737
985327584031494144
985329639450128385
985332227298004992
985334919139295232
985335299860586497
985336909827399681
985340483340832768
985341962139176960
985343192701833216
985343744407932928
985345287425314817
985345319524331520
985345995755212800
985346534459011073
985346752076107777
985349492739227648
985351279659683842
985351285300977669
985351777892651009
985355956354564096
985356173514805249
985356810243616771
985356965374128128
985358512191569920
985358624074752001
985358754383360000
985358889804881920
985358982935207936
985359032402759686
985359111758974976
985359179903840256
985359260212187137
985359475698782208
985359538793705472
985359658419449856
985359818708996098
985361901340299264
985362075269632001
985362109755285504
985363600226299910
985363706199662593
985363800042954752
985364387581095936
985364834341588992
985366845048999937
985366916184379392
985367110334533632
985367112926617600
985367115128561664
985367156320886789
985367589022044160
985367671880470529
985367804638564352
985367870271090688
985367942467670016
985369843062001664
985370156355477504
985372141221830656
985372207533699072
985372482566742016
985372483506368512
985373243031908352
985373409516425216
985374102092476422
985374630759280641
985374787253035008
985375315185848320
985375461487280129
985377175300857856
985377204371681280
985377989583167488
985378157137195008
985378918180978688
985379263158173696
985379321899552768
985379504829935616
985379514623713280
985379703056891904
985379775928782848
985380735736524801
985382207014559744
985382274735722496
985382460098863104
985382587744038912
985382843256893440
985382871203446784
985382878170271745
985382970017046528
985383124581408768
985383415955558401
985383469504221184
985383479553810432
985383535686160384
985383665348890624
985383883284807680
985384035601051648
985385232227557377
985385419104817154
985385488780378112
985385789235384320
985385794612486145
985386120107175936
985386284074938368
985386305868779520
985386321677094912
985386429105754113
985386518352138241
985386715799080960
985386836133588992
985386932120236033
985387122478714881
985387240342761472
985387257883488257
985387783438073856
985387911716769793
985387965621956608
985388027768864768
985388123306774528
985388149433077760
985389007377854464
985389082250489857
985389432634269702
985389723278602245
985390015927562240
985390178620624897
985390280529588224
985390398377005056
985390641403310081
985390802884091904
985390935851851776
985391041971982336
985391273656967168
985391342187630592
985391371354804224
985391397128822784
985391453651206144
985391936197550080
985392006330449920
985392273637556224
985392273503342592
985392369448243200
985392456739979264
985392861431717888
985393037495951361
985393083524239360
985393140877156352
985393399430819840
985393636937490433
985393914227167232
985393995428671488
985394453501231105
985394458244993024
985394463592742912
985394499676450816
985394786055213059
985394914174357504
985395251484520449
985395483374964737
985395489171492865
985395641500172288
985395646927646721
985396077825351680
985396231370403840
985396252123783168
985396300903575553
985396706895331328
985396725010481152
985396798054436866
985396902207328256
985396959639998464
985397307964178432
985397319263834112
985397914175492096
985398044173787137
985398067376672769
985398356527771648
985398381848727552
985398687907053568
985399328922525696
985399444756627457
985399830322319360
985399952342827008
985400404065349632
985400431563165696
985400436273401856
985400498793668608
985400820878532608
985400874687188992
985400967712657408
985401243249061888
985401250928844800
985401431288147975
985401505229557760
985401546233012224
985401700453437440
985402177643515904
985402235285901312
985402339698802688
985402368891252736
985402372607369216
985402590128062464
985402604321738752
985402880474714112
985403099882840064
985403327109369856
985403337301471232
985403505358852096
985403594546573312
985403883630579713
985404384313036800
985404661799837696
985404808801718272
985404865496125442
985404866624450560
985404863595999232
985404873071054854
985405261954408448
985405370721095680
985405910058258435
985406203328126976
985406280230690816
985406672356167680
985406698700640256
985406717059043328
985406941336887296
985407170903756800
985407373140307970
985407370217033729
985407479038214144
985407562198614016
985407686027239425
985407787407757312
985407861055508485
985408384680722432
985408705247236096
985408767675305984
985408819860852736
985408841163722753
985409417289101312
985409666543955968
985409757883269121
985409973487366149
985410117968515072
985410138013085696
985410446130860033
985410505958359040
985410623675641856
985410628985786368
985411022797332480
985411156520112128
985411154632732672
985411159061946368
985411166242529280
985411285033549824
985411384870662144
985411656145670144
985411918578905088
985412139706920961
985412339498475521
985412406049304576
985412405890109440
985412461984735233
985412513679495169
985412729820368896
985413023618813953
985413211435433985
985413320361545728
985413456735211520
985413464779886592
985413496924983296
985413584007114752
985413652579840001
985413654043557888
985413658460254208
985413864606007296
985414038321541120
985414204164276224
985414454643961857
985414463804276737
985414605550882816
985414613834588160
985414725482795009
985415035018268673
985415035123101696
985415143726215168
985415313243111424
985415337444347904
985415345543483392
985415459368525824
985415469875294208
985415782267080704
985415830178549760
985415976123543552
985416056704520192
985416096533577728
985416372825001985
985416438314885120
985416459818909697
985416466852806656
985416678854021120
985416832671612929
985417036779147264
985417085399588865
985417168656502784
985417237472391168
985417302685503488
985417380619833345
985417406360248321
985417431463219200
985417440640221184
985417445866397696
985417448039084032
985417450031403008
985417516964089857
985417794786414592
985417940408393728
985418287239585792
985418356701515777
985418501753106433
985418643872862208
985418706913284096
985419267591073792
985419653278248960
985419746656038912
985420030753038336
985420387801616384
985420412501753858
985420635630329856
985420754186620929
985420869731340288
985420900773302272
985420969614499840
985421410507087873
985421519022120960
985421797964353536
985421911931924482
985422472785866752
985422552842588160
985422691275542528
985423168625135616
985423424691548160
985423440097234944
985423733090373633
985423736349356034
985423738207461376
985423740317175808
985423793727340544
985423989173518336
985424131540873216
985424143129694208
985424166189961218
985424176843513857
985424445073428480
985424472831348736
985424845684068353
985424939657314304
985424992958529536
985424998645903360
985425118619938816
985425200480124929
985425515866619904
985425531356307458
985425534246178816
985425563602030593
985425667729907712
985425817407754241
985425847535521795
985425889226903552
985425897837744128
985425958793555969
985426084798791680
985426147872772096
985426181485989888
985426330614460417
985426722744127488
985426786191331328
985426800313622530
985427052265271296
985427062860247040
985427277684133888
985427505162178561
985427505472516096
985427507489849344
985427538221633536
985427622741102592
985427673580232704
985427976232865792
985428024207212544
985428021288099840
985428198543577089
985428263953682432
985428268441571328
985428298133012480
985428385227771904
985428678334210050
985428949206556672
985429066407972864
985429148360429570
985429204832522240
985429214743711744
985429260440604673
985429346511937536
985429363222024193
985429443236827136
985429471573372928
985429662271787008
985429714666967040
985429775048237056
985429976085393409
985430033320771584
985430081446301696
985430085955137536
985430512113250309
985430625334317056
985430747531145216
985430891899088896
985431023751188480
985431096325279745
985431175664689157
985431253485867008
985431287770083328
985431292253818880
985431363322109952
985431634190184449
985431737202290688
985431942144364544
985432016509460481
985432029792800768
985432115159412737
985432315655606272
985432476364541952
985432538901397504
985432635647381504
985432765003980800
985432872453591041
985432899976560641
985433002653159424
985433047322517504
985433125856694273
985433424130445312
985433534839083008
985433549418491904
985433563410579456
985433648072658945
985433715147853824
985433776217092097
985433803983347713
985433806013378561
985433886950912000
985434191574814720
985434475415982080
985434749115256833
985434784368349185
985434816211451906
985434910595874816
985435179249434624
985435224900333570
985435237319667712
985435595500654592
985435686860881921
985435893900201985
985435937017679872
985436045968846848
985436078403407872
985436084539678720
985436114013097984
985436320951660545
985436558147903488
985437083962658816
985437132469751810
985437163432173569
985437214850080768
985437417392963584
985437444052082688
985437465455579136
985437585748185088
985437597207064576
985437648788606976
985437775452291078
985437795278901253
985437854389202944
985437860537958400
985438138586882048
985438193758756864
985438245243752448
985438531194687488
985438730327556096
985438756298743808
985438780713787392
985438784253722624
985438815019061248
985438849135292418
985438879674241024
985438966823444481
985439011069218816
985439011379478528
985439059639193601
985439166874955778
985439251599904768
985439393765838848
985439492705267713
985439685903310848
985439696405848064
985439717335461888
985439805885607937
985439868263297024
985440029379059718
985440176292941824
985440236955209729
985440274003394560
985440524550266881
985440565134348288
985440604657209344
985440647439101953
985440832852459520
985440911671820288
985441062884868096
985441101925568512
985441181554434049
985441356242964480
985441625336934400
985441633054445568
985441691971866624
985441847022637056
985442282743754752
985442343322079234
985442368504516609
985442422325940224
985442445776302080
985442604824358913
985442610608132096
985442618191597568
985442673749262337
985442759082434560
985442780309835776
985442803743449088
985442977555341313
985443057695895552
985443210070605824
985443364878409729
985443637638127617
985443642822332421
985443795461435392
985443927972032512
985443990513299458
985444085766021121
985444132280786944
985444166518951936
985444181123399681
985444326686777344
985444371708436485
985444400363921408
985444576264679425
985444589875204097
985444614759960576
985444621764489217
985444748109508608
985444845627039744
985444950807629825
985445073193185280
985445142663491587
985445398994128898
985445440895246336
985445663650598912
985445708772839425
985445927468044288
985446065049620480
985446232658202624
985446469703434241
985446632153022464
985446821018456070
985446847174111232
985446903717380096
985446954686664704
985447017165058048
985447068062900224
985447191090253825
985447201609535488
985447253010796544
985447464336609280
985447473542987776
985447535811743744
985447638299373569
985447650291052544
985447708147224576
985447771825229824
985447789378367488
985447893015425025
985448156874838020
985448164932005889
985448256837705730
985448289561710592
985448336885985280
985448354187538432
985448552263507968
985448904475979776
985448906493448198
985448955373850625
985449166557106181
985449534166839296
985449578563620865
985449667164024833
985449836563615745
985449886660341760
985449899176185857
985450176117698560
985450233709678592
985450310150819840
985450374818615297
985450450400014336
985450651021799424
985450785591971840
985450829162471424
985450855674580992
985450928546328577
985450943746592768
985451101230129152
985451298471448576
985451335200976897
985451625375567873
985451776643076096
985451885481119744
985451898005270528
985451950308282369
985452135818170369
985452397798576128
985452416010158080
985452519504662530
985452526874058752
985452540732100608
985452594549215232
985452671250391040
985452677327937536
985452679118966785
985453232246984709
985453628189282304
985453651568267264
985453662993514496
985453729741721601
985453747055849472
985453790064234497
985453807202197504
985453940950097920
985453962924118016
985453975632842753
985454064224866304
985454156184944642
985454184995741696
985454233456652288
985454276641255424
985454300552941568
985454323676172288
985454331934670848
985454433575284736
985454450222534656
985454628769804288
985454675599163394
985454697522913280
985454973763899392
985455042303004672
985455169906380801
985455198192750592
985455218883223552
985455290811285504
985455415528960000
985455417374502913
985455438702530560
985455452405280768
985455455462768640
985455545481121792
985455803602698240
985455810124935168
985455999736664064
985456072801570816
985456321456758784
985456458102984704
985456821472301056
985457083381362690
985457129925554176
985457217133514752
985457256220299264
985457293104951296
985457366983368704
985457518267830273
985457706810003456
985457706382245888
985457712661065728
985457761138900992
985458064915656704
985458108490231809
985458238752743424
985458855684567040
985459044214337537
985459053093519360
985459312989388800
985459397194407937
985459780117549056
985459840586788864
985459870630637568
985459945444397056
985460033478590464
985460454653939713
985460719767474176
985460741485551616
985460770283585536
985460970666459138
985461059300536321
985461239957647366
985461271418961920
985461297750962177
985461334392344577
985461489690701824
985461560897400833
985461582611304448
985461774886596608
985461787112992770
985462011688640512
985462018433052672
985462163069390848
985462178957406208
985462288999157760
985462577907027969
985462691065139200
985462738167128064
985462745289150464
985462747491074048
985462998025285632
985463117277814784
985463135468490759
985463394437419008
985463439358398465
985463535483408385
985463613250068480
985464141816070144
985464140679573504
985464171369136128
985464348679254018
985464481475153920
985464520343740416
985464528472363009
985464592204738560
985464597053431808
985464902142906368
985465107256889345
985465195446272000
985465246864297984
985465518953041920
985465562036916224
985465595125694464
985465827796373504
985466209436086272
985466413300310016
985466583081463808
985466957481816064
985467021684076544
985467026763341824
985467359698841600
985467396440850432
985467530654375936
985467771327778818
985467890970320896
985468025523638273
985468214917451777
985468265593036800
985468427094642690
985468465937960960
985468763108671488
985468975436980224
985469041639870464
985469042050945026
985469079103393793
985469123478958080
985469166445645824
985469232224833536
985469367033974784
985469708542586881
985469828092833797
985469912599719936
985470362715676672
985470583851843585
985470639409696768
985470774428528640
985471016515375104
985471090691633152
985471197461778434
985471971134668800
985472029716598784
985472046900613120
985472134427435010
985472215394193409
985472439273402369
985472658354655232
985472809982922752
985472809483857921
985472812008779776
985472813892100097
985472813283905536
985472812667174913
985472895492198400
985473262598664193
985473273478643712
985473332622524416
985473507856408577
985473729059872770
985474335430336512
985474781008015361
985474826528845824
985475083518038016
985475465598169088
985475512716988417
985475543209598977
985475610234499072
985475651821031426
985475890439213056
985476271391068161
985476629446234112
985476651181072384
985476925593407489
985476988541468673
985477096565653504
985477092367155200
985477146020929537
985477388418109441
985477553103298560
985477697878011905
985477756640268289
985477837875564544
985477862793928705
985478026048786432
985478051936067584
985478059255123969
985478083825238016
985478248657248256
985478530501890048
985478622868922370
985478650274435072
985478666791608320
985478965304406016
985478993301458946
985479048133476353
985479104152694784
985479105788416002
985479109328371713
985479180472156161
985479184490401795
985479234457145344
985479246700310528
985479883492155392
985480242566520832
985480244965625861
985480606128590848
985480816804364288
985480989802684416
985481033226375168
985481088846921728
985481290559508481
985481338588450816
985481371769556993
985481593031725057
985481865221066752
985481866701623296
985481980061077505
985482032229830656
985482587308265474
985482640009646082
985482671919980545
985482680883122181
985482793818914816
985482838714802176
985482870683848705
985482889717604352
985483010723151872
985483176368746496
985483646403534848
985484094351052800
985484106460000256
985484117688143872
985484128882774017
985484135484575745
985484370151690241
985484418394423297
985484541497430018
985485314419511296
985485394920792064
985485396606930944
985485489636544512
985485658113257472
985485893141229568
985485956017983488
985486122284437507
985486137266507777
985486358960631808
985486396952600576
985486532810366976
985486635650437122
985486919332134912
985486957965987840
985487288972009472
985487475299770369
985487606916972544
985487666568409088
985487914346909696
985487915470946306
985488033842638848
985488098007175170
985488219818135555
985488293725863938
985488952198094850
985489638600065025
985489975906009088
985490330295439361
985490689558568960
985490888553099264
985490921528717312
985490950125473792
985491163745484800
985492005924036610
985492423001374720
985492917224648704
985492936526725120
985493069737943040
985493720811257858
985493751190753280
985494045383450624
985494217442168833
985494234156314625
985494716140740609
985494736789295104
985494806414659584
985495120148615168
985495128352743425
985495270015340544
985495465188843521
985495624098467840
985495854034358272
985496065750241281
985496342809194497
985496878476353536
985496933652410368
985497477896921088
985497488407842817
985497539964227584
985497723444047872
985497826477203456
985497910052900864
985497969821495296
985497977153302533
985497978982060032
985497981360230402
985498119134695425
985498215939297280
985498273602572289
985498492217917441
985498624116355072
985498667724496903
985498856338153472
985499005751889921
985499058847535104
985499126161866758
985499208160595968
985499702811652097
985499773481504768
985499882218754048
985500042634125312
985500062133506049
985500119339536385
985500119771557893
985500262507823104
985500305398910976
985500326160683008
985500378908319744
985500439419457542
985500518893211649
985500845633568768
985500978651762688
985501008871669760
985501092367790080
985501254498574337
985501305492848640
985501325956993024
985501326497820672
985501561131483138
985502571518414848
985502621543948288
985502781778878465
985502847545544704
985502877627179009
985502961353797633
985503012016803840
985503014361313280
985503021072203777
985503034330378240
985503078915956737
985503243265564672
985503278686404608
985503294004002821
985503372173291528
985503538422874113
985503613186379776
985503669897572353
985503972646703105
985504021019549696
985504042146238464
985504232613797890
985504267497766913
985504269674729478
985504374846783488
985504494480953346
985504561514328065
985504786643468288
985505110297137152
985505154479869954
985505314228391936
985505328870682624
985505644747911169
985505722677977090
985505851636113412
985505852894433280
985505865443790849
985505936751153152
985506425479811074
985506480274239499
985506747568787457
985506861796548611
985507101735825408
985507425666129921
985507473506340864
985507541219098624
985507591039143936
985507760841351170
985507901417709568
985508036872687617
985508058620137472
985508067214274560
985508358215086080
985508678353805312
985508750017613825
985508836122378240
985508876417200128
985508966192074752
985508975243354112
985509106957119488
985509247915094016
985509325249613825
985509550974529536
985509753299271680
985509828318650369
985509932836573184
985510038621032448
985510058174943232
985510386114822144
985510509968547841
985510560757403648
985510561747259392
985510563445952513
985510565790535681
985510675203096576
985510825447383040
985510888512917507
985510941080145927
985510986730934272
985510996553994240
985511080276439042
985511336816840704
985511343750041600
985511387849023488
985511417162936321
985511445789073408
985511515066253312
985511572813459456
985511575212576769
985511613687058432
985511681450164224
985511864867131395
985511945829789697
985512112112971776
985512177275691008
985512211035586560
985512319118659589
985512419375149056
985512698619285505
985512791820853249
985512829666185217
985512869952458752
985512961388183553
985513070297538560
985513073057378304
985513095719243776
985513214669656064
985513323037970433
985513578496167936
985513590747693057
985514309097844737
985514439016419330
985514709645393920
985514827983544321
985514888465403910
985514895851614210
985514962331275265
985515178778349568
985515247942492160
985515356956409858
985515502117294081
985515849510412288
985515854937772033
985515892984418304
985515917143609344
985515925435764737
985516401954902016
985516680813019136
985516713675513856
985516855371751426
985516861705113600
985516944110612480
985517079007760385
985517229457408000
985517268984631298
985517293244436480
985517343089577986
985517480125837312
985517863468503041
985517906611068934
985517974420418561
985518108843667457
985518110525374464
985518228003684352
985518253010227200
985518353128280064
985518610461413376
985518672524476417
985518680493711360
985518700987023360
985518740661002240
985518767391367168
985518796541702145
985519269445341184
985519368049184769
985519369806589953
985519377754853377
985519401582649344
985519907168243713
985520134008664064
985520261503049729
985520338246291456
985520542710222848
985520690978844672
985520893685387264
985520905823707136
985521148527104000
985521273995440129
985521341158785024
985521994761457664
985522230858866689
985522390737342465
985522619951742976
985522841549492225
985523028737093633
985523075616854016
985523118117662721
985523136757207040
985523147385528320
985523181887868930
985523460276355074
985523558251225088
985523608461238272
985523643789832192
985523687670632448
985523938133409792
985524131214000128
985524157311012865
985524195063947266
985524407610331136
985524660543504384
985524693640892419
985524798313959424
985524880228737024
985524989204967427
985525005726384130
985525173288865793
985525306403336192
985525377274732544
985525419624599553
985525460649021440
985525540969906179
985525700777168897
985525830720909312
985525923163312129
985525979564134400
985526297962139655
985526512081305600
985526530574114817
985526586492489728
985526719800135680
985527140925001730
985527213834559490
985527227143122944
985527618572349440
985527699996401664
985527737661214721
985527917886214145
985528003991162881
985528169653469185
985528176305680386
985528231863508993
985528474520752128
985528690191712256
985528819837820928
985528834878525441
985529184289263616
985529318456643585
985529341743452162
985529408030158848
985529462065332226
985529649701761026
985530041424629761
985530221448359941
985530229002141698
985530298187309056
985530423844442113
985530444216225794
985530499786559488
985530530417598464
985530569974079489
985530572771680256
985530701390008320
985530841743937538
985530910043975685
985531073986736130
985531100503138305
985531111005720576
985531285635584001
985531481132027904
985531484823056384
985531630789058560
985531853191950337
985531953179918336
985531955138781186
985532020334964740
985532070943449089
985532167584395266
985532389572128769
985532626416128000
985532793659777024
985532863973068801
985532969417879552
985533036929445890
985533093787328512
985533202214289410
985533202101026816
985533213085925376
985533217829564416
985533219188637697
985533306220503040
985533736988106754
985533815312535553
985533978332495872
985534045265285121
985534258411384832
985534287855407105
985534324320632832
985534436702859265
985534479275094016
985534505195892737
985534523541770266
985535045531205632
985535282689822723
985535282631053312
985535435861569537
985535499409477633
985535511002525696
985535718666752007
985535928604217344
985535945746337792
985536014889304064
985536379898576896
985536413679734785
985536699953500160
985537191941111813
985537237998686211
985537244021735424
985537500583157760
985537597651988480
985537739528572929
985537792636792832
985537899440451584
985538236754857985
985538435330002949
985538453805961216
985538468582514691
985538560907468800
985539194977243136
985539508925026305
985539585970188288
985539697370914818
985539711191175169
985540022924439558
985540137630171136
985540149961469955
985540280509181952
985540662513799173
985540669887266816
985540847168040960
985541033617510400
985541155264909312
985541233895452673
985541878023163905
985542041873633280
985542060366163969
985542069514055681
985542139831562246
985542179522260995
985542302893576192
985542470103654400
985542550265135104
985542862472384513
985542931518865408
985543168795004931
985543269043097603
985543272746500096
985543335195668480
985543347250061312
985543440153882626
985543567878905857
985543713756762112
985543745105006592
985543761269682177
985543894422228993
985543967952527366
985544014492553216
985544029579431936
985544377610244102
985544473621954561
985544535961952261
985544537518075904
985544820633559046
985544831110873088
985545150419144709
985545203514830849
985545256165871617
985545349304668160
985545428551729152
985545667023130624
985545718017548289
985545752150556672
985545782362345473
985545813970563073
985545839300022272
985546012491173888
985546188513570816
985546294633562112
985546321636491264
985546341123321856
985546345321828353
985546486317449216
985546534803689472
985546556295200768
985546640953135105
985546653200539649
985546671181492229
985546707525099520
985546804459696128
985546885392986113
985546888379293696
985547364348956673
985547443843616769
985547488823332864
985547554174709760
985547589985755137
985547739504234503
985547739634249728
985547744793284609
985548212693069824
985548302048550918
985548315826753536
985548351176364038
985548394398613504
985548474367299584
985548531158175745
985548534765191170
985548700398301189
985548911279595520
985548946717270017
985549042804559873
985549125008715776
985549146156359680
985549237185339393
985549334635835392
985549376142626817
985549431545229312
985549543994548224
985549588017885184
985549609106800641
985549626957881344
985549662261260289
985549691483054080
985549744159232000
985549911524630529
985549925126672389
985549950821060610
985550096740835328
985550194711375873
985550248117526530
985550384000323584
985550650275577856
985550837853306880
985550843981123584
985551314783559681
985551345754263553
985551425425018882
985551556442558464
985551573601456128
985551578219405314
985551582698852352
985551810340507651
985552189958565889
985552593387704326
985552666502852610
985552755115941891
985552757854756864
985552882262007808
985552947101732866
985553112227373057
985553334944792576
985553432797904898
985553598212784128
985553599777292288
985553636687273990
985553832901074944
985553908453044234
985554282438123525
985554463225208832
985554508628594688
985554517298171904
985554749469745152
985554857330335745
985554932739821568
985554937252843520
985555235409195008
985555669150588929
985555753779040256
985555759969775616
985555765426565121
985555865011924994
985555955218878464
985556068997718017
985556077159833601
985556142607753217
985556154892931072
985556190640988160
985556292495396866
985556670318366720
985556737032892417
985556799964241925
985556866779500544
985556874950070273
985557052499136513
985557058962558976
985557128315330561
985557358830129152
985557403910529026
985557535095709697
985557689802592256
985557731426828290
985557782576365568
985558196684193792
985558244268675072
985558367845343232
985558449173024768
985559134803197952
985559135486922762
985559395965730816
985559851190415360
985559931792355330
985560456407535616
985560466415026177
985560558329049088
985560816467443742
985560856980348928
985560873153515520
985560900101951488
985560986437476358
985561252826157057
985561409995100160
985561462235156480
985561541549416448
985561810060431367
985561928906039296
985562114722066433
985562208032776193
985562571934707712
985562642327760896
985562766621765635
985563121052942338
985563164992589824
985563338569482240
985563343522942976
985563412015923201
985563414167736325
985563407456743424
985563470283399170
985563486947291136
985563528626102272
985563672184487939
985563752731996160
985563829290590208
985563848127188993
985563853747556353
985563971611713539
985564045246951425
985564213677641730
985564312365387776
985564404883304456
985564457215676416
985564554594803713
985564672068796417
985564903707734024
985564930870071296
985564932023422977
985565021055877120
985565171593678848
985565207241117696
985565229756157952
985565451068559362
985565514201206785
985565784662593537
985565872847810560
985565885527199744
985565929147953152
985565944041926656
985565947728744448
985565956649967616
985565983904600067
985566047276339200
985566488018018304
985566532355928064
985566715684802560
985566839962062848
985567013262249984
985567104043798528
985567436022910976
985567682815774721
985567685529489411
985567703501979648
985567728168824832
985567732149125121
985567784540221443
985567854027247619
985567874608762880
985567966493396992
985568044066988034
985568079815020550
985568102028136449
985568132692619264
985568136584888320
985568177273831424
985568201638580224
985568312452005888
985568326037508097
985568330517008384
985568413203525634
985568455914082305
985568497529999365
985568598931451907
985568649980325888
985568703621287937
985568782780452865
985568942147145728
985569026851123200
985569028151435270
985569150092365825
985569232070041602
985569446583525382
985569506373328896
985569576892227587
985569711013400578
985569722983952393
985569754969792517
985569828986638337
985569846812381187
985569898758836226
985569899903963136
985569905180278785
985569991671074819
985570007764602882
985570200283205634
985570512960196608
985570570149429249
985570756133380098
985570780212875264
985570932310855680
985570975600214016
985571012677947392
985571135373889536
985571149353504768
985571299824201729
985571507609964545
985571617949429760
985571756885856256
985571828797239296
985571841824772096
985571854088884224
985571980266131456
985572014793555968
985572027884032005
985572189981339648
985572224131252224
985572229931925505
985572233610448896
985572267311751168
985572286173536256
985572311586754564
985572317127434240
985572587316097025
985572657587404800
985572686607904769
985572689304834049
985572790744076298
985572921988001793
985573060819521540
985573113315446786
985573307335426048
985573374649712641
985573381562040323
985573406950248455
985573467624894464
985573531089014784
985573604082434048
985573612475355136
985573621128146944
985573681714880519
985573922916663296
985574226286579712
985574382264311811
985574434814726145
985574477210750976
985574545238183936
985574636237844482
985574639656108035
985574736230080513
985575120323403776
985575369259520000
985575404663648258
985575411320086532
985575419737931778
985575531952427010
985575578161106944
985575597173813249
985575742925926402
985575820092760065
985575992738672641
985575995175555072
985575998145089537
985576111827509248
985576453805871104
985576489532801024
985576509841620992
985576503894159360
985576549180215297
985576552585945088
985576617908035584
985576705061421056
985576783083958272
985576844639571968
985576865913065473
985577016316612608
985577096683704320
985577149749956609
985577497998843906
985577574599360515
985577829483057153
985577908013068288
985578033955397634
985578053114966021
985578151152668672
985578350499463169
985578370615279616
985578422914179074
985578628590206976
985578629542371330
985578855816720384
985578945973284869
985579085513543687
985579103943262208
985579220238852102
985579274882179072
985579404188356609
985579544802398208
985579569267859456
985579756665081856
985579832988794880
985579933945749504
985580150870953985
985580353158090753
985580426151497735
985580512466128897
985580662093701120
985580731572289536
985580963328643075
985581064121999361
985581090155966466
985581092848766983
985581112788439042
985581582709862400
985581585402679298
985581612057362433
985581908980576256
985582006900838402
985582023942303751
985582070419386369
985582097862676481
985582225860300801
985582327333113862
985582395414937602
985582474020507649
985582584481615873
985582948144599040
985582963713806336
985582965492248578
985582968658939904
985583089492652033
985583134258487297
985583146858176519
985583221357375488
985583304580780032
985583317365018627
985583588744794113
985583658823188481
985583705103257601
985583719040864257
985583837492203521
985583881041608706
985584038378434560
985584328481570818
985584447838879744
985584482920161286
985584601925062657
985584619146940416
985584655469629440
985584753138176000
985584803973038081
985584941919621122
985585108659982337
985585220333125632
985585257142419456
985585354827853825
985585374914326529
985585708260843521
985585951396200448
985585976822108165
985586022288326656
985586605921570817
985586859857334273
985587099050143744
985587102061604864
985587150870777856
985587481260281857
985587519210209280
985587702954328065
985587861654126593
985587936816189445
985588018223427584
985588379881558018
985588571674370048
985588575327735810
985588613311234048
985588670706212865
985588687240159232
985588814491062279
985588912780468226
985589004329472001
985589062575812608
985589347813486592
985589386942304256
985589827591602182
985589852648427520
985589853323751424
985590129472561152
985590200419147776
985590300168151040
985590325510049792
985590393113862144
985590473438978049
985590563666874369
985590768218923010
985590928361607168
985591000893673472
985591084725227520
985591154384277505
985591402175369216
985591648926224384
985591724046241792
985591974957809664
985591974718853120
985592323638747137
985592444157939712
985592523379920896
985592590811779073
985592694117412865
985592763235405825
985592979225239552
985593238563295232
985593414778589184
985593545527525377
985593609167736832
985593610786803712
985593621704392704
985593662775222272
985593857508347905
985594764736319489
985595199173873664
985595204811022337
985595216634707969
985595278416850945
985595362109833216
985595481802903552
985595483967148032
985595546567151618
985595564476772352
985595587017019392
985595590846439424
985595619061399552
985595665861545984
985595692814143489
985595709150900224
985595920329990144
985595979075383296
985596009249214467
985596059488436224
985596065335439360
985596150278389761
985596295824977920
985596474036772864
985596672611946496
985596773531115521
985596780925550592
985596848839843841
985597098954448896
985597123822530561
985597330320756737
985597357336203269
985597584747065344
985597817795239936
985597866772193289
985598066542735360
985598188265574401
985598445665837057
985598529157632001
985598532768948226
985598633889423365
985598633776054272
985598642634592256
985598645251821571
985598719730110464
985598751778762752
985598891797041152
985598940128178176
985598971006550017
985599137482670083
985599145787510785
985599241887379457
985599249890074629
985599440525451264
985599556959301632
985599880201670656
985599892218437632
985600079393419265
985600115527254017
985600190777298944
985600193486839808
985600329642336265
985600375490260992
985600400991629319
985600537386201090
985600562162032640
985600593761898497
985600743435653121
985600772342763521
985600953608015877
985601012256903168
985601029138984965
985601037410230273
985601272781901825
985601458891575304
985601700223488001
985601713980760065
985601785917304832
985601794754654209
985601805731155969
985602491793502208
985602599205376000
985602774598586368
985602791942053888
985602929636925440
985603083584638976
985603240690626565
985603550075113472
985603652143460353
985603666580131840
985603693537058816
985603747094122499
985603762122305537
985604232421224448
985604246275022849
985604256181997574
985604532741857281
985604534058745856
985604613620543488
985604932526071808
985605239196848133
985605436538785797
985605509528145920
985605540784017413
985605698955431938
985605826403536897
985606258936942594
985606346551808000
985606376310353920
985606461081444353
985606715188985856
985606716086681601
985606987000971264
985607125425688583
985607390954446850
985607948876513280
985607972960264192
985608201835032578
985608290401996801
985608415010541568
985608439740223488
985608624063041538
985608702060265474
985608787544461314
985608797971509248
985608988011192321
985609003991486464
985609086858297344
985609341452595200
985609444754182144
985609560361758722
985609566787457030
985609983634104320
985610019004657664
985610156070309888
985610319832731648
985610459519815681
985610675396464643
985610776013656065
985610788445581312
985610851066503169
985610996759912448
985611391779393537
985611428706029569
985611652094676993
985611869359624194
985612022267154440
985612037207351298
985612057583243264
985612134578040838
985612364006510594
985612468809482241
985612471095324672
985612504838664193
985612515265662978
985612524522483712
985612619179548673
985613034470207489
985613219397029890
985613219975884801
985613258609569795
985613353203716096
985613422627774464
985613472498110469
985613733048266753
985613799985221632
985613872659877888
985614350009462787
985614618231037952
985615033819389952
985615181156794368
985616087717941256
985616532515577856
985616642926350336
985616766435983361
985617098859864066
985617173048590339
985617266493534214
985617279449780224
985617466482192384
985617538116734976
985617591174680576
985617764999188481
985617980846493696
985617988287193088
985618178423353346
985618339430109185
985618450025459718
985618482388709376
985618498264158214
985618534637166597
985618875487268864
985618905447239687
985619113375608832
985620031277940736
985620332567547906
985620483319087104
985620484577419264
985620727960408066
985621482616377346
985621578468732929
985622341009989638
985622392360849413
985623130478661633
985623408099581953
985623554053025793
985623800057282560
985623871796674560
985624125443100674
985624406608269313
985624583377219586
985624618085085185
985624724360310784
985624866958270465
985625068536520706
985625123448336386
985625276854960135
985625884135755776
985626226969710592
985626335786741760
985626921437466624
985627085317332993
985627296391401478
985627583155920897
985628727391473665
985628827442405376
985628837827563520
985628839803064320
985628990441492481
985629229500063747
985629329995509762
985630320199430147
985630392257564672
985631019196911617
985631128399826945
985631180925042689
985631361116536833
985631399444131840
985632414474080256
985632741759881217
985632761045073923
985633303352004608
985633369198419975
985633795910045701
985634718392766464
985635131548487680
985635134840991745
985635515830554624
985635883977248770
985636382625366016
985638017036517377
985638025530167297
985638908632420352
985639038869794818
985640026854871040
985640157939425281
985640712027951104
985641140442533888
985641478499241985
985643578046255105
985646091717763072
985646583503994881
985647443520950272
985647451200802818
985647745548587029
985648965298343936
985650668781428736
985650671235026944
985651234941161474
985651445516128256
985652043187736577
985654005241143296
985654340034670592
985659105066082304
985660125703819265
985661548311076864
985662166928801792
985662636430954502
985663408556167169
985664383303987201
985665010008576000
985665397163790336
985665752714874882
985665950732161025
985666302080700421
985667836617154561
985667936202436611
985668631076847617
